1.955367 1.903615 -3.876397
-0.047888 -5.967725 -2.090602
-8.052894 1.911400 -2.049009
-8.100782 -4.056325 -4.139611
-6.097527 3.815015 -5.925406
1.907479 -4.064110 -5.966999
32 2
direct
0.125000 0.187500 0.062500 Al
0.625000 0.687500 0.562500 Al
0.125000 0.937500 0.312500 Al
0.625000 0.437500 0.812500 Al
0.250000 0.625000 0.875000 Al
0.750000 0.125000 0.375000 Al
0.250000 0.375000 0.125000 Al
0.750000 0.875000 0.625000 Al
0.250000 0.125000 0.375000 Al
0.750000 0.625000 0.875000 Al
0.250000 0.875000 0.625000 Al
0.750000 0.375000 0.125000 Al
0.875000 0.562500 0.187500 Al
0.375000 0.062500 0.687500 Al
0.875000 0.312500 0.437500 Al
0.375000 0.812500 0.937500 Al
0.375000 0.562500 0.187500 Al
0.875000 0.062500 0.687500 Al
0.375000 0.312500 0.437500 Al
0.875000 0.812500 0.937500 Al
0.500000 0.750000 0.250000 Al
0.000000 0.250000 0.750000 Al
0.000000 0.000000 0.000000 Al
0.500000 0.500000 0.500000 Al
0.625000 0.187500 0.062500 Ni
0.125000 0.687500 0.562500 Ni
0.625000 0.937500 0.312500 Ni
0.125000 0.437500 0.812500 Ni
0.500000 0.250000 0.750000 Ni
1.000000 0.750000 0.250000 Ni
0.500000 0.000000 1.000000 Ni
0.000000 0.500000 0.500000 Ni
-4.33745876178 0.019692273059999998 0.5854521981599999 0.007323184619999999 0.0216975753 -0.02131685928 0.74175217866 -0.83146975704 -0.0244389465 -0.07913119068 -0.0014697095399999998 -0.043279128 0.04556396376 0.01697626494 -0.00851336064 0.16686019566000002 0.020425913639999998 -0.037313947439999995 0.6454768949999999 -0.0163025244 0.8544775782599999 0.0673996869 0.042469668 -0.00122525262 -0.07187977818 -0.01324168632 -0.015564566699999999 0.013668001919999999 0.01075151754 -0.03505528422 -0.08042767578 0.02363973966 0.02742423498 0.66972642786 0.75315908898 0.048419199 -0.07783038846 0.06751139238000001 0.01084433562 0.9184230295199999 -0.029092801859999996 -1.1055618171 0.8272424871 -0.04405540014 -0.94325240556 -0.11810399147999999 -0.06229172447999999 0.00402490494 0.00214425954 -0.005396130179999999 -0.01858007502 0.00449304264 -0.026205188219999998 -0.00986704758 0.0578655972 -0.04722605496 -0.04601672172 0.07291210949999999 0.01992998448 0.0008607258000000001 -0.01266777918 0.017770884839999997 -0.02720837898 -0.08665026462 0.0677342637 0.03303864954 0.59168719872 0.030100849380000003 0.68352583212 0.00705093624 -0.01186371558 -0.00796886388 0.019438243575990638 0.029460795681645034 0.005274713259765306 0.0675016058931882 0.006336818856922123 0.03017589637781993 -0.07573143199090275 0.04608400179255987 0.007617792224193683 0.012632649749622757 0.08586898916121743 0.002023134078660643 0.15536268970385 -0.007688227852030609 -0.05508503832387873 0.02275508514672952 -0.0144619863663818 -0.002914124873727751 -0.07118296178651819 -0.18819564081086293 0.07006792998313362 -0.043099441290995195 -0.0022133500679603645 0.05991365927401017
0.019692273059999998 -4.74498625554 0.8874099187200001 0.0216975753 -0.03919162482 -0.014880033360000001 -0.87603106968 0.8001795411 -0.0277806672 -0.0010995165 0.00528685308 0.01210709322 0.025335018719999998 -0.054780475319999994 0.004047299999999999 0.06904747764 0.013264081379999999 0.02665848582 0.02228659236 -0.07115908896 0.016585025939999998 0.016739902619999997 0.02891553012 -0.028000840319999998 0.021606645959999997 0.6487657309799999 0.79281399474 0.017713413180000002 0.27187926624 0.01939708998 -0.01554460002 0.05606643744 -0.0226284543 0.8301187683 0.70033184064 -0.0031245156 -0.018382566779999998 0.9438001401599999 -1.26451736604 -0.04366578006 -0.11779450794 0.0010782007199999998 -0.001173717 -0.0923769243 0.005655697019999999 -0.02974117932 1.0307836324800002 -1.2752947863 0.04474532988 0.0516637845 0.023532081479999998 -0.00226217088 0.02857636638 -0.04421378448 -0.053032311539999995 0.0037985259599999997 0.0119773098 -0.00069559596 0.09645768197999999 -0.020660926859999998 -0.06293389608 0.24413772293999997 0.023460849000000002 0.013179357899999999 0.63911885652 0.78238059498 0.030100849380000003 -0.18628264872 -0.015899952959999998 -0.01186371558 -0.04605935328 0.0318900258 -0.06530656112963744 -0.07578276643152966 -0.010155066591923867 0.00590107302369368 -0.0119469967170633 -0.017887067997977422 0.035581930299654084 0.04602550440672921 0.036911452517751096 0.1381775903358406 0.03587163163900596 0.027310718296317843 0.018991753324956565 -0.03934526212142704 -0.04996711397579562 0.09018943894328246 -0.05754153058736656 0.028333029753453795 -0.21056313103378924 -0.10018254338532143 0.036237339785797684 0.004133815265367182 0.012157109776373453 0.014731790635723248
0.5854521981599999 0.8874099187200001 -6.50247285618 -0.02131685928 -0.014880033360000001 0.1467658908 0.02241853434 -0.054934272719999996 -0.0860766273 -0.04629760434 -0.05368419666 0.08268849755999999 -0.005283075599999999 0.013381992720000001 0.06196605174 0.00757060956 -0.00784663542 0.012100077899999999 0.70752847968 -0.02682442512 0.6593656096799999 -0.028848614760000002 -0.026600204699999998 -0.00471321576 0.05206284828 0.70161780276 0.6684115949999999 -0.02333565252 -0.016691065199999997 -0.061614476280000004 0.046991581379999994 0.00302306328 0.20435573195999998 0.007492631579999999 -0.034795987199999996 -0.1881940536 0.07478573958 -1.132717851 1.02995312652 -0.9562779660599999 -0.0014378707799999999 0.85735143108 -0.9104266440000001 0.060712198200000005 0.8442341317799998 -0.00988134804 -1.1091784843799999 0.97879309596 -0.02037599694 0.01520516646 -0.06750707526 -0.048430801259999996 -0.01377727902 -0.00262157112 -0.01420980048 0.052743334319999995 -0.00303223716 0.01030415598 0.00619992396 0.03546217278 0.031207111380000003 0.011484078839999998 -0.033923119499999994 0.027957938940000003 0.7294370542199999 0.67486811778 0.68352583212 -0.015899952959999998 0.57886319376 -0.00796886388 0.0318900258 -0.0049525461 -0.021096863332060182 -0.014881018660801482 -0.018190299344936395 0.02499191375730219 0.042849136150263964 0.013653767382558085 -0.01962249044428723 0.05841461401942428 -0.00867114311054591 -0.04001062014257586 0.00673953555393325 -0.02166472571015789 0.0631087307762852 -0.046854416343363764 -0.06394719330652478 -0.015804242709285488 0.014485464908994109 -0.006817134126973932 -0.11738475423353979 -0.10955326747743409 -0.024670377105933623 -0.01054743681252957 0.00375577093516899 0.2648518886158505
0.007323184619999999 0.0216975753 -0.02131685928 -4.33745876178 0.019692273059999998 0.5854521981599999 -0.07913119068 -0.0014697095399999998 -0.043279128 0.74175217866 -0.83146975704 -0.0244389465 0.16686019566000002 0.020425913639999998 -0.037313947439999995 0.04556396376 0.01697626494 -0.00851336064 0.0673996869 0.042469668 -0.00122525262 0.6454768949999999 -0.0163025244 0.8544775782599999 0.013668001919999999 0.01075151754 -0.03505528422 -0.07187977818 -0.01324168632 -0.015564566699999999 0.66972642786 0.75315908898 0.048419199 -0.08042767578 0.02363973966 0.02742423498 0.9184230295199999 -0.029092801859999996 -1.1055618171 -0.07783038846 0.06751139238000001 0.01084433562 -0.11810399147999999 -0.06229172447999999 0.00402490494 0.8272424871 -0.04405540014 -0.94325240556 0.00449304264 -0.026205188219999998 -0.00986704758 0.00214425954 -0.005396130179999999 -0.01858007502 0.07291210949999999 0.01992998448 0.0008607258000000001 0.0578655972 -0.04722605496 -0.04601672172 -0.08665026462 0.0677342637 0.03303864954 -0.01266777918 0.017770884839999997 -0.02720837898 0.00705093624 -0.01186371558 -0.00796886388 0.59168719872 0.030100849380000003 0.68352583212 0.0675016058931882 0.006336818856922123 0.03017589637781993 0.019438243575990638 0.029460795681645034 0.005274713259765306 0.012632649749622757 0.08586898916121743 0.002023134078660643 -0.07573143199090275 0.04608400179255987 0.007617792224193683 0.02275508514672952 -0.0144619863663818 -0.002914124873727751 0.15536268970385 -0.007688227852030609 -0.05508503832387873 -0.043099441290995195 -0.0022133500679603645 0.05991365927401017 -0.07118296178651819 -0.18819564081086293 0.07006792998313362
0.0216975753 -0.03919162482 -0.014880033360000001 0.019692273059999998 -4.74498625554 0.8874099187200001 -0.0010995165 0.00528685308 0.01210709322 -0.87603106968 0.8001795411 -0.0277806672 0.06904747764 0.013264081379999999 0.02665848582 0.025335018719999998 -0.054780475319999994 0.004047299999999999 0.016739902619999997 0.02891553012 -0.028000840319999998 0.02228659236 -0.07115908896 0.016585025939999998 0.017713413180000002 0.27187926624 0.01939708998 0.021606645959999997 0.6487657309799999 0.79281399474 0.8301187683 0.70033184064 -0.0031245156 -0.01554460002 0.05606643744 -0.0226284543 -0.04366578006 -0.11779450794 0.0010782007199999998 -0.018382566779999998 0.9438001401599999 -1.26451736604 -0.02974117932 1.0307836324800002 -1.2752947863 -0.001173717 -0.0923769243 0.005655697019999999 -0.00226217088 0.02857636638 -0.04421378448 0.04474532988 0.0516637845 0.023532081479999998 -0.00069559596 0.09645768197999999 -0.020660926859999998 -0.053032311539999995 0.0037985259599999997 0.0119773098 0.013179357899999999 0.63911885652 0.78238059498 -0.06293389608 0.24413772293999997 0.023460849000000002 -0.01186371558 -0.04605935328 0.0318900258 0.030100849380000003 -0.18628264872 -0.015899952959999998 0.00590107302369368 -0.0119469967170633 -0.017887067997977422 -0.06530656112963744 -0.07578276643152966 -0.010155066591923867 0.1381775903358406 0.03587163163900596 0.027310718296317843 0.035581930299654084 0.04602550440672921 0.036911452517751096 0.09018943894328246 -0.05754153058736656 0.028333029753453795 0.018991753324956565 -0.03934526212142704 -0.04996711397579562 0.004133815265367182 0.012157109776373453 0.014731790635723248 -0.21056313103378924 -0.10018254338532143 0.036237339785797684
-0.02131685928 -0.014880033360000001 0.1467658908 0.5854521981599999 0.8874099187200001 -6.50247285618 -0.04629760434 -0.05368419666 0.08268849755999999 0.02241853434 -0.054934272719999996 -0.0860766273 0.00757060956 -0.00784663542 0.012100077899999999 -0.005283075599999999 0.013381992720000001 0.06196605174 -0.028848614760000002 -0.026600204699999998 -0.00471321576 0.70752847968 -0.02682442512 0.6593656096799999 -0.02333565252 -0.016691065199999997 -0.061614476280000004 0.05206284828 0.70161780276 0.6684115949999999 0.007492631579999999 -0.034795987199999996 -0.1881940536 0.046991581379999994 0.00302306328 0.20435573195999998 -0.9562779660599999 -0.0014378707799999999 0.85735143108 0.07478573958 -1.132717851 1.02995312652 -0.00988134804 -1.1091784843799999 0.97879309596 -0.9104266440000001 0.060712198200000005 0.8442341317799998 -0.048430801259999996 -0.01377727902 -0.00262157112 -0.02037599694 0.01520516646 -0.06750707526 0.01030415598 0.00619992396 0.03546217278 -0.01420980048 0.052743334319999995 -0.00303223716 0.027957938940000003 0.7294370542199999 0.67486811778 0.031207111380000003 0.011484078839999998 -0.033923119499999994 -0.00796886388 0.0318900258 -0.0049525461 0.68352583212 -0.015899952959999998 0.57886319376 0.02499191375730219 0.042849136150263964 0.013653767382558085 -0.021096863332060182 -0.014881018660801482 -0.018190299344936395 -0.04001062014257586 0.00673953555393325 -0.02166472571015789 -0.01962249044428723 0.05841461401942428 -0.00867114311054591 -0.015804242709285488 0.014485464908994109 -0.006817134126973932 0.0631087307762852 -0.046854416343363764 -0.06394719330652478 -0.01054743681252957 0.00375577093516899 0.2648518886158505 -0.11738475423353979 -0.10955326747743409 -0.024670377105933623
0.74175217866 -0.87603106968 0.02241853434 -0.07913119068 -0.0010995165 -0.04629760434 -4.3044816312 -0.5912187912 1.16065042686 -0.01727981244 -0.03269031192 0.04121797302 0.04343346504 -0.04073769342 0.04776272694 0.73802839284 0.78943989564 0.01587863718 0.022015962899999998 -0.00736041978 0.0272774529 0.11986591608 0.0262629297 -0.00596275218 0.54997221726 -0.04081405248 0.71763404814 -0.00946366668 -0.02365296084 0.00416817936 -0.15484619034 0.06699738528 0.008778863520000001 -0.01975514112 -0.01605482964 -0.057293039159999996 0.06093641862 0.060796921680000005 -0.00385195032 0.01100406906 -0.00076682844 -0.05961025332000001 -0.061319023380000004 -0.0639932094 0.07728939936 0.78615402768 0.00541474776 -1.01522014506 -0.11668905539999999 0.019601073899999998 -0.033937689779999995 0.88813924218 0.07208942832 -1.0344291705 0.04275378846 -0.05851208592 0.0450882711 0.06894764424 -0.0143031582 -0.00552267576 0.62128456398 0.7589564415 0.02080555038 -0.0582082686 0.02263600926 0.00963824022 -0.08665026462 0.013179357899999999 0.027957938940000003 -0.01266777918 -0.06293389608 0.031207111380000003 -0.023041602954879725 -0.0211207398160727 -0.019157694888843557 -0.01877925261724516 0.015868311274719077 0.04903951257190932 -0.039942970104540385 0.04593477376748163 -0.01186581667142074 0.03844511867415513 -0.03739972661580707 0.010328966983815035 0.0038365530394113404 -0.025054788498535152 0.017444159219545226 -0.05668118128011552 -0.06071949060943264 -0.06909217766982208 0.31382972027072753 0.008582402178299387 -0.004615722301019826 0.07981470869844344 0.04973392031527337 0.04089802946504109
-0.83146975704 0.8001795411 -0.054934272719999996 -0.0014697095399999998 0.00528685308 -0.05368419666 -0.5912187912 -5.5158234112799995 0.8280395353800001 -0.03269031192 -0.053376062220000006 -0.025382776859999998 -0.012825893699999999 0.0973186776 0.02185892766 0.6800556770999999 0.6524166654 -0.004768798679999999 0.00045680525999999995 0.00706982364 -0.05286421368 -0.01393836156 -0.09206096508 1.5919379999999997e-05 0.0433115064 -0.13821043823999998 -0.013790770019999999 -0.028420950060000002 -0.0147119355 0.0148387509 0.04743246726 0.63448469802 0.78001265466 -0.07875587106 0.2661072768 0.0394436367 0.02752460802 0.07102633752 0.014348757779999999 -0.03400352586 -0.0007587338399999999 -0.0033646554 -0.01659366018 0.9466475506200001 -1.14892620822 -0.032873249880000004 -0.11666962836 0.07264795571999999 0.055539478979999994 1.00758774672 -1.2651762664800001 -0.040249858859999994 -0.11720225304 0.09241955586 -0.04122768654 0.09695765844 -0.044524347299999996 -0.07828989192 0.0281246877 0.01453682232 0.7589564415 0.69822778428 -0.02187889434 0.02263600926 0.039761214839999996 -0.013275413819999998 0.0677342637 0.63911885652 0.7294370542199999 0.017770884839999997 0.24413772293999997 0.011484078839999998 0.01961731720608452 0.008115218974454462 0.0025372743677301844 0.21384933111671206 -0.058098648547658636 0.0203407746716638 -0.08625101290541771 -0.04936900805128206 -0.007064255736503487 -0.056888906691024414 -0.019606572788278886 -0.02232888990710608 -0.019480027423012546 0.03593211873183767 -0.02418847007028098 -0.012011065282496888 -0.06393963241992082 0.02077970403609391 0.05777432630648861 0.011436835841995844 0.02677628299583766 0.003659469116318503 -0.014645039410477767 0.04868415090152301
-0.0244389465 -0.0277806672 -0.0860766273 -0.043279128 0.01210709322 0.08268849755999999 1.16065042686 0.8280395353800001 -5.81840495568 0.04121797302 -0.025382776859999998 0.13805421246 -0.00350604108 0.014394897 0.22056381936 0.044783644319999996 0.05130843156 -0.04761189756 0.01770585822 -0.056016520740000006 0.06623919108 -0.01110767994 -0.03725836452 -0.06731550306 0.6987525841800001 -0.06997997555999999 0.60619676922 -0.01034813664 0.0042798848399999995 -0.03933274068 0.03633045354 0.697565646 0.68194522656 0.0623634966 -0.00284174424 -0.01421600634 0.03858749784 0.04271763258 -0.00478768608 -0.0650252709 -0.00978718086 -0.04414066326 0.01160037126 -1.08626887764 0.97209238608 -0.9662011362 0.0844388199 0.86642682678 0.01759253382 -1.28919699198 1.0559775353399998 -0.9024874603199999 -0.02824934454 0.8446903974 0.04139659386 -0.0344641086 0.023659166699999998 -0.00931067874 0.08044116678 0.04726679778 0.02080555038 -0.02187889434 -0.20217234852 0.00963824022 -0.013275413819999998 0.18324096786 0.03303864954 0.78238059498 0.67486811778 -0.02720837898 0.023460849000000002 -0.033923119499999994 0.011609542409686388 0.02577068507751047 -0.002060540570280253 0.00892224413407755 0.026264928296569578 0.07363268904620247 -0.014422988109161356 -0.00832413820956399 -0.016999658675512192 -0.017846875916556353 0.028816130613307064 -0.00411431613675696 0.026944214266725698 -0.017455699520151278 0.0035416784618567503 -0.1963586127533424 -0.044080366842509454 -0.13476205929784998 -0.0018695286981801138 0.024603920892098785 -0.028582539011384602 0.025781429495316102 0.0034338363424002137 0.02586022189255741
-0.07913119068 -0.0010995165 -0.04629760434 0.74175217866 -0.87603106968 0.02241853434 -0.01727981244 -0.03269031192 0.04121797302 -4.3044816312 -0.5912187912 1.16065042686 0.73802839284 0.78943989564 0.01587863718 0.04343346504 -0.04073769342 0.04776272694 0.11986591608 0.0262629297 -0.00596275218 0.022015962899999998 -0.00736041978 0.0272774529 -0.00946366668 -0.02365296084 0.00416817936 0.54997221726 -0.04081405248 0.71763404814 -0.01975514112 -0.01605482964 -0.057293039159999996 -0.15484619034 0.06699738528 0.008778863520000001 0.01100406906 -0.00076682844 -0.05961025332000001 0.06093641862 0.060796921680000005 -0.00385195032 0.78615402768 0.00541474776 -1.01522014506 -0.061319023380000004 -0.0639932094 0.07728939936 0.88813924218 0.07208942832 -1.0344291705 -0.11668905539999999 0.019601073899999998 -0.033937689779999995 0.06894764424 -0.0143031582 -0.00552267576 0.04275378846 -0.05851208592 0.0450882711 -0.0582082686 0.02263600926 0.00963824022 0.62128456398 0.7589564415 0.02080555038 -0.01266777918 -0.06293389608 0.031207111380000003 -0.08665026462 0.013179357899999999 0.027957938940000003 -0.01877925261724516 0.015868311274719077 0.04903951257190932 -0.023041602954879725 -0.0211207398160727 -0.019157694888843557 0.03844511867415513 -0.03739972661580707 0.010328966983815035 -0.039942970104540385 0.04593477376748163 -0.01186581667142074 -0.05668118128011552 -0.06071949060943264 -0.06909217766982208 0.0038365530394113404 -0.025054788498535152 0.017444159219545226 0.07981470869844344 0.04973392031527337 0.04089802946504109 0.31382972027072753 0.008582402178299387 -0.004615722301019826
-0.0014697095399999998 0.00528685308 -0.05368419666 -0.83146975704 0.8001795411 -0.054934272719999996 -0.03269031192 -0.053376062220000006 -0.025382776859999998 -0.5912187912 -5.5158234112799995 0.8280395353800001 0.6800556770999999 0.6524166654 -0.004768798679999999 -0.012825893699999999 0.0973186776 0.02185892766 -0.01393836156 -0.09206096508 1.5919379999999997e-05 0.00045680525999999995 0.00706982364 -0.05286421368 -0.028420950060000002 -0.0147119355 0.0148387509 0.0433115064 -0.13821043823999998 -0.013790770019999999 -0.07875587106 0.2661072768 0.0394436367 0.04743246726 0.63448469802 0.78001265466 -0.03400352586 -0.0007587338399999999 -0.0033646554 0.02752460802 0.07102633752 0.014348757779999999 -0.032873249880000004 -0.11666962836 0.07264795571999999 -0.01659366018 0.9466475506200001 -1.14892620822 -0.040249858859999994 -0.11720225304 0.09241955586 0.055539478979999994 1.00758774672 -1.2651762664800001 -0.07828989192 0.0281246877 0.01453682232 -0.04122768654 0.09695765844 -0.044524347299999996 0.02263600926 0.039761214839999996 -0.013275413819999998 0.7589564415 0.69822778428 -0.02187889434 0.017770884839999997 0.24413772293999997 0.011484078839999998 0.0677342637 0.63911885652 0.7294370542199999 0.21384933111671206 -0.058098648547658636 0.0203407746716638 0.01961731720608452 0.008115218974454462 0.0025372743677301844 -0.056888906691024414 -0.019606572788278886 -0.02232888990710608 -0.08625101290541771 -0.04936900805128206 -0.007064255736503487 -0.012011065282496888 -0.06393963241992082 0.02077970403609391 -0.019480027423012546 0.03593211873183767 -0.02418847007028098 0.003659469116318503 -0.014645039410477767 0.04868415090152301 0.05777432630648861 0.011436835841995844 0.02677628299583766
-0.043279128 0.01210709322 0.08268849755999999 -0.0244389465 -0.0277806672 -0.0860766273 0.04121797302 -0.025382776859999998 0.13805421246 1.16065042686 0.8280395353800001 -5.81840495568 0.044783644319999996 0.05130843156 -0.04761189756 -0.00350604108 0.014394897 0.22056381936 -0.01110767994 -0.03725836452 -0.06731550306 0.01770585822 -0.056016520740000006 0.06623919108 -0.01034813664 0.0042798848399999995 -0.03933274068 0.6987525841800001 -0.06997997555999999 0.60619676922 0.0623634966 -0.00284174424 -0.01421600634 0.03633045354 0.697565646 0.68194522656 -0.0650252709 -0.00978718086 -0.04414066326 0.03858749784 0.04271763258 -0.00478768608 -0.9662011362 0.0844388199 0.86642682678 0.01160037126 -1.08626887764 0.97209238608 -0.9024874603199999 -0.02824934454 0.8446903974 0.01759253382 -1.28919699198 1.0559775353399998 -0.00931067874 0.08044116678 0.04726679778 0.04139659386 -0.0344641086 0.023659166699999998 0.00963824022 -0.013275413819999998 0.18324096786 0.02080555038 -0.02187889434 -0.20217234852 -0.02720837898 0.023460849000000002 -0.033923119499999994 0.03303864954 0.78238059498 0.67486811778 0.00892224413407755 0.026264928296569578 0.07363268904620247 0.011609542409686388 0.02577068507751047 -0.002060540570280253 -0.017846875916556353 0.028816130613307064 -0.00411431613675696 -0.014422988109161356 -0.00832413820956399 -0.016999658675512192 -0.1963586127533424 -0.044080366842509454 -0.13476205929784998 0.026944214266725698 -0.017455699520151278 0.0035416784618567503 0.025781429495316102 0.0034338363424002137 0.02586022189255741 -0.0018695286981801138 0.024603920892098785 -0.028582539011384602
0.04556396376 0.025335018719999998 -0.005283075599999999 0.16686019566000002 0.06904747764 0.00757060956 0.04343346504 -0.012825893699999999 -0.00350604108 0.73802839284 0.6800556770999999 0.044783644319999996 -5.22954816876 0.11187816479999999 0.63634807494 0.0430322427 0.00697403754 -0.0070274619 0.84881567538 -0.955311201 -0.07343879814 0.06111126198 0.0770983668 -0.014233544639999998 -0.00791570934 -0.0026747256599999997 -0.0088811253 -0.01035542178 -0.013247892179999998 0.00553832532 0.7995643514999999 -0.8255129408999999 -0.050823565019999996 0.01759739058 -0.061300135979999996 -0.00833312088 0.13218481799999998 -0.00554938794 -0.03230231076 -0.0193137156 -0.03943931958 0.012512362859999999 0.02595641418 0.00799962336 0.01853852274 0.57736191528 0.06774937362 0.70460012322 -0.0354934719 0.01865859264 -0.04229752284 -0.003979305359999999 0.049308525719999996 -0.037599416999999996 4.5599579999999995e-05 0.0078328746 0.031195239300000004 0.77071330836 0.90743892714 -0.04308000084 0.01100406906 -0.03400352586 -0.0650252709 0.06093641862 0.02752460802 0.03858749784 -0.07783038846 -0.018382566779999998 0.07478573958 0.9184230295199999 -0.04366578006 -0.9562779660599999 -0.046459658474356805 0.012744869224481589 -0.03219067368707619 0.0073869862120726805 -0.024708977421753858 -0.060608067017374215 0.06293045302899174 0.012073542082329641 0.033750603975893995 -0.06119622440688256 0.019037118644580346 -0.1277535153573757 0.02239216258973925 0.10747601336834509 -0.07327772531721638 0.03415252479010471 -0.0845975663875509 -0.0034899460798296297 0.056261751044295635 -0.06214133523237804 0.0390436225400689 0.12092802446099739 -0.016229642066108507 0.03577930923415756
0.01697626494 -0.054780475319999994 0.013381992720000001 0.020425913639999998 0.013264081379999999 -0.00784663542 -0.04073769342 0.0973186776 0.014394897 0.78943989564 0.6524166654 0.05130843156 0.11187816479999999 -5.19929595036 0.6995204919 0.00697403754 0.02910305502 -0.0725640417 -0.9331422501599999 0.79708686426 0.011614132079999999 0.049017929579999994 0.14568040494 0.014157725219999999 0.020813375159999998 0.07165097081999999 0.03027137562 0.00814289778 0.050732096039999994 -0.0041697982799999995 -0.8692280980199999 0.7398691048799999 -0.03591789876 0.0256679766 -0.00073337076 -0.0108791424 -0.00554938794 -0.016905841919999998 -0.00933415308 -0.03943931958 -0.02753351208 -0.0341403246 0.0179281899 -0.023817820859999998 0.02700142704 -0.09118701809999999 -0.08787416814 -0.0664917426 -0.01972492128 0.61458061626 0.73899057096 0.0044169534 0.2500705251 -0.00944343018 0.00058847742 -0.019210644359999998 -0.00699022674 0.83011175298 0.73009028844 -0.08137339488 -0.00076682844 -0.0007587338399999999 -0.00978718086 0.060796921680000005 0.07102633752 0.04271763258 0.06751139238000001 0.9438001401599999 -1.132717851 -0.029092801859999996 -0.11779450794 -0.0014378707799999999 0.036350355143456935 0.2605545194349976 -0.030530064224005605 0.0766610231017901 -0.09584179859184576 -0.1603512830968653 0.023120395352121036 0.03828594211407168 -0.01861450487755879 -0.013358096922203078 0.03844671043975596 -0.033710809835873136 -0.05474360460249973 0.08180123216828487 0.04891057955824172 -0.018745029656827217 -0.0065855322320525125 0.002234440962171422 -0.011039690324587638 0.03746817253664296 -0.007155384317151262 -0.00041465493901738585 0.033578295349603667 0.049650352621229556
-0.00851336064 0.004047299999999999 0.06196605174 -0.037313947439999995 0.02665848582 0.012100077899999999 0.04776272694 0.02185892766 0.22056381936 0.01587863718 -0.004768798679999999 -0.04761189756 0.63634807494 0.6995204919 -3.6774226493999995 -0.0070274619 -0.0725640417 0.1664303724 -0.0299756529 -0.00635992722 -0.09163923641999999 -0.02452366998 -0.011529408599999999 0.11438209440000001 -0.044263431359999994 -0.01902069108 -0.05766620022 -0.02628667386 0.00100453986 0.03391745328 0.0158775579 -0.08091227250000001 -0.12726357102000002 -0.011560168079999999 -0.03488205978 0.0501150177 -0.03230231076 -0.00933415308 -0.11371402007999999 0.012512362859999999 -0.0341403246 0.04447362114 0.00293914926 0.03228585174 -0.030471042419999997 0.64338605982 0.06884727119999999 0.6221442104999999 0.02790424476 0.78667828794 0.67856519142 -0.00097485966 0.015871352039999998 -0.05282185194 0.01258251606 -0.020903764859999997 0.17506488222 0.01865076786 -0.006418747979999999 -0.08983225188 -0.05961025332000001 -0.0033646554 -0.04414066326 -0.00385195032 0.014348757779999999 -0.00478768608 0.01084433562 -1.26451736604 1.02995312652 -1.1055618171 0.0010782007199999998 0.85735143108 0.004626068777425251 0.002240410083174551 0.03381109106872571 0.013027805560029922 -0.08382396830554531 0.005725580866201677 -0.05883285043104355 0.049814702419515716 0.023031654419874512 -0.0996186604212258 0.02627288712457375 -0.028753653813474313 0.10101901620855995 -0.20281958932712962 0.1447814278723027 0.02547859608975734 0.05199144187865689 0.0175122071989809 0.019279862898707607 -0.043196936934046304 0.005934500101311205 0.004178384702190548 0.019349104702343908 0.09414855793395806
0.16686019566000002 0.06904747764 0.00757060956 0.04556396376 0.025335018719999998 -0.005283075599999999 0.73802839284 0.6800556770999999 0.044783644319999996 0.04343346504 -0.012825893699999999 -0.00350604108 0.0430322427 0.00697403754 -0.0070274619 -5.22954816876 0.11187816479999999 0.63634807494 0.06111126198 0.0770983668 -0.014233544639999998 0.84881567538 -0.955311201 -0.07343879814 -0.01035542178 -0.013247892179999998 0.00553832532 -0.00791570934 -0.0026747256599999997 -0.0088811253 0.01759739058 -0.061300135979999996 -0.00833312088 0.7995643514999999 -0.8255129408999999 -0.050823565019999996 -0.0193137156 -0.03943931958 0.012512362859999999 0.13218481799999998 -0.00554938794 -0.03230231076 0.57736191528 0.06774937362 0.70460012322 0.02595641418 0.00799962336 0.01853852274 -0.003979305359999999 0.049308525719999996 -0.037599416999999996 -0.0354934719 0.01865859264 -0.04229752284 0.77071330836 0.90743892714 -0.04308000084 4.5599579999999995e-05 0.0078328746 0.031195239300000004 0.06093641862 0.02752460802 0.03858749784 0.01100406906 -0.03400352586 -0.0650252709 0.9184230295199999 -0.04366578006 -0.9562779660599999 -0.07783038846 -0.018382566779999998 0.07478573958 0.0073869862120726805 -0.024708977421753858 -0.060608067017374215 -0.046459658474356805 0.012744869224481589 -0.03219067368707619 -0.06119622440688256 0.019037118644580346 -0.1277535153573757 0.06293045302899174 0.012073542082329641 0.033750603975893995 0.03415252479010471 -0.0845975663875509 -0.0034899460798296297 0.02239216258973925 0.10747601336834509 -0.07327772531721638 0.12092802446099739 -0.016229642066108507 0.03577930923415756 0.056261751044295635 -0.06214133523237804 0.0390436225400689
0.020425913639999998 0.013264081379999999 -0.00784663542 0.01697626494 -0.054780475319999994 0.013381992720000001 0.78943989564 0.6524166654 0.05130843156 -0.04073769342 0.0973186776 0.014394897 0.00697403754 0.02910305502 -0.0725640417 0.11187816479999999 -5.19929595036 0.6995204919 0.049017929579999994 0.14568040494 0.014157725219999999 -0.9331422501599999 0.79708686426 0.011614132079999999 0.00814289778 0.050732096039999994 -0.0041697982799999995 0.020813375159999998 0.07165097081999999 0.03027137562 0.0256679766 -0.00073337076 -0.0108791424 -0.8692280980199999 0.7398691048799999 -0.03591789876 -0.03943931958 -0.02753351208 -0.0341403246 -0.00554938794 -0.016905841919999998 -0.00933415308 -0.09118701809999999 -0.08787416814 -0.0664917426 0.0179281899 -0.023817820859999998 0.02700142704 0.0044169534 0.2500705251 -0.00944343018 -0.01972492128 0.61458061626 0.73899057096 0.83011175298 0.73009028844 -0.08137339488 0.00058847742 -0.019210644359999998 -0.00699022674 0.060796921680000005 0.07102633752 0.04271763258 -0.00076682844 -0.0007587338399999999 -0.00978718086 -0.029092801859999996 -0.11779450794 -0.0014378707799999999 0.06751139238000001 0.9438001401599999 -1.132717851 0.0766610231017901 -0.09584179859184576 -0.1603512830968653 0.036350355143456935 0.2605545194349976 -0.030530064224005605 -0.013358096922203078 0.03844671043975596 -0.033710809835873136 0.023120395352121036 0.03828594211407168 -0.01861450487755879 -0.018745029656827217 -0.0065855322320525125 0.002234440962171422 -0.05474360460249973 0.08180123216828487 0.04891057955824172 -0.00041465493901738585 0.033578295349603667 0.049650352621229556 -0.011039690324587638 0.03746817253664296 -0.007155384317151262
-0.037313947439999995 0.02665848582 0.012100077899999999 -0.00851336064 0.004047299999999999 0.06196605174 0.01587863718 -0.004768798679999999 -0.04761189756 0.04776272694 0.02185892766 0.22056381936 -0.0070274619 -0.0725640417 0.1664303724 0.63634807494 0.6995204919 -3.6774226493999995 -0.02452366998 -0.011529408599999999 0.11438209440000001 -0.0299756529 -0.00635992722 -0.09163923641999999 -0.02628667386 0.00100453986 0.03391745328 -0.044263431359999994 -0.01902069108 -0.05766620022 -0.011560168079999999 -0.03488205978 0.0501150177 0.0158775579 -0.08091227250000001 -0.12726357102000002 0.012512362859999999 -0.0341403246 0.04447362114 -0.03230231076 -0.00933415308 -0.11371402007999999 0.64338605982 0.06884727119999999 0.6221442104999999 0.00293914926 0.03228585174 -0.030471042419999997 -0.00097485966 0.015871352039999998 -0.05282185194 0.02790424476 0.78667828794 0.67856519142 0.01865076786 -0.006418747979999999 -0.08983225188 0.01258251606 -0.020903764859999997 0.17506488222 -0.00385195032 0.014348757779999999 -0.00478768608 -0.05961025332000001 -0.0033646554 -0.04414066326 -1.1055618171 0.0010782007199999998 0.85735143108 0.01084433562 -1.26451736604 1.02995312652 0.013027805560029922 -0.08382396830554531 0.005725580866201677 0.004626068777425251 0.002240410083174551 0.03381109106872571 -0.0996186604212258 0.02627288712457375 -0.028753653813474313 -0.05883285043104355 0.049814702419515716 0.023031654419874512 0.02547859608975734 0.05199144187865689 0.0175122071989809 0.10101901620855995 -0.20281958932712962 0.1447814278723027 0.004178384702190548 0.019349104702343908 0.09414855793395806 0.019279862898707607 -0.043196936934046304 0.005934500101311205
0.6454768949999999 0.02228659236 0.70752847968 0.0673996869 0.016739902619999997 -0.028848614760000002 0.022015962899999998 0.00045680525999999995 0.01770585822 0.11986591608 -0.01393836156 -0.01110767994 0.84881567538 -0.9331422501599999 -0.0299756529 0.06111126198 0.049017929579999994 -0.02452366998 -4.737947731019999 0.9279635948999999 -1.05487774902 0.056193792480000004 0.05273955683999999 -0.0317915415 0.7839539153999999 -0.8873098154999999 -0.03970239408 0.06586360163999999 0.07835141088 -0.0092264949 0.0033055648199999997 0.0216894807 -0.03933894654 0.07729614486 0.012512632679999998 0.01519653222 0.77071330836 0.83011175298 0.01865076786 4.5599579999999995e-05 0.00058847742 0.01258251606 0.17230624254000002 0.034151387219999996 0.02179498032 -0.019677702779999997 0.04404622626 -0.0061357068 0.64295164962 0.0164212452 0.77276501964 0.04918117068 0.02151760536 -0.011840241239999999 -0.07654469616 -0.07432164918 -0.06789804444 -0.00889002936 0.03272134122 -0.04490101602 0.04275378846 -0.04122768654 0.04139659386 0.06894764424 -0.07828989192 -0.00931067874 0.07291210949999999 -0.00069559596 0.01030415598 0.0578655972 -0.053032311539999995 -0.01420980048 -0.061410714821595005 -0.13763479826595604 -0.013754048615410658 -0.006406458601958632 -0.06827878544779564 -0.03158779246576013 -0.008233407570316422 0.040018578970580025 0.010438002927472198 0.030703168733096357 0.012903249901764622 -0.08010838945179741 0.06481152202777792 0.013616758832338684 -0.002882289561711061 0.14014063526306975 0.09092881406487008 -0.08377900092732174 0.11234721404829884 0.006434712441373444 -0.04611981651857864 -0.018670614614988205 -0.03477132366742912 0.07065171001723966
-0.0163025244 -0.07115908896 -0.02682442512 0.042469668 0.02891553012 -0.026600204699999998 -0.00736041978 0.00706982364 -0.056016520740000006 0.0262629297 -0.09206096508 -0.03725836452 -0.955311201 0.79708686426 -0.00635992722 0.0770983668 0.14568040494 -0.011529408599999999 0.9279635948999999 -4.04161570206 -0.30110940648 0.05273955683999999 0.05621591772 -0.06183545886 -0.94158572742 0.77390473932 0.01990381194 0.041478349319999996 0.14765413824 -0.01252153674 -0.03383758656 0.06178500251999999 -0.011157057 0.046068257339999995 0.0189858843 0.02344924674 0.90743892714 0.73009028844 -0.006418747979999999 0.0078328746 -0.019210644359999998 -0.020903764859999997 0.025553033279999998 -0.06500152674 -0.023330795760000002 -0.05146168932 0.01306549386 -0.07148422206 0.01011878964 -0.08313720822 0.01288687302 0.04711434948 0.04086181062 -0.04058335638 -0.07432164918 0.66368407878 0.8800155016199999 0.03272134122 0.2656850085 -0.02529724392 -0.05851208592 0.09695765844 -0.0344641086 -0.0143031582 0.0281246877 0.08044116678 0.01992998448 0.09645768197999999 0.00619992396 -0.04722605496 0.0037985259599999997 0.052743334319999995 -0.181138150078163 -0.08051508556281062 -0.01103889444178722 -0.020544520668570612 -0.020514277122154756 -0.008259273761329984 0.016105484349243415 0.1566305310049147 0.00700814599907407 -0.025683933852264987 -0.04049571070943017 -0.11010163072692157 0.06581990553590657 0.10766065817804188 -0.09133431635168267 0.05373800668417254 0.07653209008812249 -0.024967241390489257 0.010436809103271572 0.0880640339247682 -0.06126825180032032 0.0313740979338481 0.16025697098501587 -0.01707884901415371
0.8544775782599999 0.016585025939999998 0.6593656096799999 -0.00122525262 -0.028000840319999998 -0.00471321576 0.0272774529 -0.05286421368 0.06623919108 -0.00596275218 1.5919379999999997e-05 -0.06731550306 -0.07343879814 0.011614132079999999 -0.09163923641999999 -0.014233544639999998 0.014157725219999999 0.11438209440000001 -1.05487774902 -0.30110940648 -3.0244253313600002 -0.0317915415 -0.06183545886 0.1087077798 0.0003426714 0.03191376996 -0.07088225363999999 0.03178560546 -0.01558804104 0.1262204469 0.04453621938 -0.03844692162 -0.0283364964 0.00335440224 0.03970212426 -0.005099598 -0.04308000084 -0.08137339488 -0.08983225188 0.031195239300000004 -0.00699022674 0.17506488222 -0.03189731094 0.01376001054 -0.04979824902 0.01902959514 -0.0264855312 0.0769243329 0.7802830143 0.033444189 0.6569628625799999 -0.07580431007999999 -0.04191437844 -0.033688645919999996 -0.06789804444 0.8800155016199999 0.73786973868 -0.04490101602 -0.02529724392 -0.06059698506 0.0450882711 -0.044524347299999996 0.023659166699999998 -0.00552267576 0.01453682232 0.04726679778 0.0008607258000000001 -0.020660926859999998 0.03546217278 -0.04601672172 0.0119773098 -0.00303223716 -0.1659984695072259 -0.14536958526181107 0.099203209599408 -0.08246141695123099 0.05043748071084221 0.10983660175438263 -0.012639016812026097 -0.010872554936500016 -0.02043548472491345 -0.039217920873360276 -0.031639126906387045 -0.0542529428560425 -0.07472384436557451 -0.010988355883960724 0.11901551809159475 -0.018098772822888413 -0.10587668688090661 0.1435159742196393 0.024750363327375555 -0.14053817872187815 0.1952861606797802 0.06330372206238744 0.009096940408769136 0.12136377029422583
0.0673996869 0.016739902619999997 -0.028848614760000002 0.6454768949999999 0.02228659236 0.70752847968 0.11986591608 -0.01393836156 -0.01110767994 0.022015962899999998 0.00045680525999999995 0.01770585822 0.06111126198 0.049017929579999994 -0.02452366998 0.84881567538 -0.9331422501599999 -0.0299756529 0.056193792480000004 0.05273955683999999 -0.0317915415 -4.737947731019999 0.9279635948999999 -1.05487774902 0.06586360163999999 0.07835141088 -0.0092264949 0.7839539153999999 -0.8873098154999999 -0.03970239408 0.07729614486 0.012512632679999998 0.01519653222 0.0033055648199999997 0.0216894807 -0.03933894654 4.5599579999999995e-05 0.00058847742 0.01258251606 0.77071330836 0.83011175298 0.01865076786 -0.019677702779999997 0.04404622626 -0.0061357068 0.17230624254000002 0.034151387219999996 0.02179498032 0.04918117068 0.02151760536 -0.011840241239999999 0.64295164962 0.0164212452 0.77276501964 -0.00889002936 0.03272134122 -0.04490101602 -0.07654469616 -0.07432164918 -0.06789804444 0.06894764424 -0.07828989192 -0.00931067874 0.04275378846 -0.04122768654 0.04139659386 0.0578655972 -0.053032311539999995 -0.01420980048 0.07291210949999999 -0.00069559596 0.01030415598 -0.006406458601958632 -0.06827878544779564 -0.03158779246576013 -0.061410714821595005 -0.13763479826595604 -0.013754048615410658 0.030703168733096357 0.012903249901764622 -0.08010838945179741 -0.008233407570316422 0.040018578970580025 0.010438002927472198 0.14014063526306975 0.09092881406487008 -0.08377900092732174 0.06481152202777792 0.013616758832338684 -0.002882289561711061 -0.018670614614988205 -0.03477132366742912 0.07065171001723966 0.11234721404829884 0.006434712441373444 -0.04611981651857864
0.042469668 0.02891553012 -0.026600204699999998 -0.0163025244 -0.07115908896 -0.02682442512 0.0262629297 -0.09206096508 -0.03725836452 -0.00736041978 0.00706982364 -0.056016520740000006 0.0770983668 0.14568040494 -0.011529408599999999 -0.955311201 0.79708686426 -0.00635992722 0.05273955683999999 0.05621591772 -0.06183545886 0.9279635948999999 -4.04161570206 -0.30110940648 0.041478349319999996 0.14765413824 -0.01252153674 -0.94158572742 0.77390473932 0.01990381194 0.046068257339999995 0.0189858843 0.02344924674 -0.03383758656 0.06178500251999999 -0.011157057 0.0078328746 -0.019210644359999998 -0.020903764859999997 0.90743892714 0.73009028844 -0.006418747979999999 -0.05146168932 0.01306549386 -0.07148422206 0.025553033279999998 -0.06500152674 -0.023330795760000002 0.04711434948 0.04086181062 -0.04058335638 0.01011878964 -0.08313720822 0.01288687302 0.03272134122 0.2656850085 -0.02529724392 -0.07432164918 0.66368407878 0.8800155016199999 -0.0143031582 0.0281246877 0.08044116678 -0.05851208592 0.09695765844 -0.0344641086 -0.04722605496 0.0037985259599999997 0.052743334319999995 0.01992998448 0.09645768197999999 0.00619992396 -0.020544520668570612 -0.020514277122154756 -0.008259273761329984 -0.181138150078163 -0.08051508556281062 -0.01103889444178722 -0.025683933852264987 -0.04049571070943017 -0.11010163072692157 0.016105484349243415 0.1566305310049147 0.00700814599907407 0.05373800668417254 0.07653209008812249 -0.024967241390489257 0.06581990553590657 0.10766065817804188 -0.09133431635168267 0.0313740979338481 0.16025697098501587 -0.01707884901415371 0.010436809103271572 0.0880640339247682 -0.06126825180032032
