1.763046 1.780963 -3.454041
0.026690 -5.517014 -1.797274
-7.210411 1.863602 -1.764279
-7.183721 -3.653412 -3.561553
-5.447365 3.644565 -5.218320
1.789736 -3.736051 -5.251315
32 2
direct
0.125000 0.187500 0.062500 Ni
0.625000 0.687500 0.562500 Ni
0.125000 0.937500 0.312500 Ni
0.625000 0.437500 0.812500 Ni
0.250000 0.625000 0.875000 Ni
0.750000 0.125000 0.375000 Ni
0.250000 0.375000 0.125000 Ni
0.750000 0.875000 0.625000 Ni
0.250000 0.125000 0.375000 Ni
0.750000 0.625000 0.875000 Ni
0.250000 0.875000 0.625000 Ni
0.750000 0.375000 0.125000 Ni
0.875000 0.562500 0.187500 Ni
0.375000 0.062500 0.687500 Ni
0.875000 0.312500 0.437500 Ni
0.375000 0.812500 0.937500 Ni
0.375000 0.562500 0.187500 Ni
0.875000 0.062500 0.687500 Ni
0.375000 0.312500 0.437500 Ni
0.875000 0.812500 0.937500 Ni
0.500000 0.750000 0.250000 Ni
0.000000 0.250000 0.750000 Ni
0.000000 0.000000 0.000000 Ni
0.500000 0.500000 0.500000 Ni
0.625000 0.187500 0.062500 Al
0.125000 0.687500 0.562500 Al
0.625000 0.937500 0.312500 Al
0.125000 0.437500 0.812500 Al
0.500000 0.250000 0.750000 Al
0.000000 0.750000 0.250000 Al
0.500000 0.000000 0.000000 Al
0.000000 0.500000 0.500000 Al
-7.4672466669 -0.022601518999999997 0.4390909957 0.08921642969999999 -0.0466491596 -0.1150623319 0.550506331 -0.6215922459000001 0.0179820291 0.0054616913999999996 0.040930406 -0.0123859376 0.0790689287 -0.0600651067 0.024538289 0.1108871253 -0.055873466899999995 0.0035296165999999995 1.0272240726 -0.0114339858 1.1081839931 0.0554221408 0.026680474 -0.026164588899999997 0.1154813785 0.0376443529 0.09385411349999999 -0.0114545273 0.0227235942 0.012604851299999999 -0.0930465391 0.0020512155 0.0024820001000000003 0.587533852 0.6725292969 -0.0010147500999999998 -0.0052011078 -0.0028746362 0.0373356435 0.9910029521999999 -0.0571399971 -1.2956991299999998 0.9123067049999999 -0.0315405929 -1.0149960111 0.058754559 0.041164579099999994 -0.07631402009999999 0.0283208595 -0.0214734972 0.0107608115 0.1223440002 -0.0507363312 0.0206007769 0.1003434668 -0.0524283639 0.040491991699999993 0.0410043554 -0.0267690959 0.07947682419999999 0.006243442199999999 -0.013770434699999999 0.0128548707 0.12037318999999999 0.0281676786 -0.1315518743 0.8961229374999999 -0.0439758301 0.7871268039999999 0.0578583627 0.0326105116 -0.033220300700000004 0.07239389746735302 0.054194047528811615 0.09784821913169764 0.10503941817486767 -0.0034744263652214933 -0.02747546603600421 0.07819906661359642 0.06766675157427478 -0.051066626064572046 0.592930298662448 -0.691746311279453 0.049728349135670445 0.05387609235004493 -0.02038056881168466 0.012840375160531659 0.10332787221257038 -0.0029921213881686413 0.0446963801300324 0.7362457104163822 0.8192825506323147 -0.04991896306637037 0.016162787910873458 -0.02915796227608627 -0.05065953201215863
-0.022601518999999997 -7.4093049644 0.7725282534 -0.0466491596 0.10444178949999999 -0.0989642518 -0.6513633353 0.5396551369 -0.00774708 0.0718999452 0.0632173466 0.0216525017 -0.004868335499999999 0.021768121 -0.0395963823 -0.008658535699999999 -0.0217581437 0.0141759826 -0.0172930085 0.009856985499999998 -0.0066953552 0.0532036588 0.0363502384 -0.0037455957999999994 -0.10626352709999999 0.7594051693999999 0.6890340987 -0.0013997565 0.1979842591 0.0090746478 -0.05845523999999999 -0.0447787093 -0.011074803 0.5443961151000001 0.4969159051 0.0158357358 0.0631340068 0.9122890979999999 -1.076304172 -0.0314320164 -0.13828537800000001 0.055314151199999995 -0.05405349 0.21302650609999998 0.029516961699999997 -0.0561023579 0.9736946843 -0.9933223809999999 -0.08274996550000001 0.0896084789 -0.0105448323 -0.0414110771 0.06352312149999999 0.0108758439 0.0051611986 0.0549203413 0.007806356899999999 -0.037943671899999996 0.0086644047 0.0126623675 0.0276418162 0.174156706 0.0038899731999999998 0.050544414899999994 0.8428476769 0.6701042261 -0.0439758301 0.19848253719999998 -0.0676325953 0.0326105116 0.0171979307 -0.0107126857 0.09101078999331307 0.08216335884247473 0.03549080171900631 -0.0011767127204169 0.07879438694830854 0.038401345120132185 0.029864706202856788 0.15859516769774468 0.023186055683155456 -0.6650635445126644 0.7266354256013439 -0.046686883013875934 -0.0238709128329145 -0.05782844633691698 0.0017851651213358858 0.031672553984004564 0.07262669318647508 -0.06775549250652131 0.8990980552135586 0.7505887123041015 -0.019507883321027146 0.07306721431650602 0.008650052216334851 0.04142569976171772
0.4390909957 0.7725282534 -8.429284343399999 -0.1150623319 -0.0989642518 0.1355052327 0.1278203641 -0.0428296144 0.039609881 -0.0298714493 0.012835503 0.1921622111 0.0711258241 -0.07696782669999999 0.08619682919999999 0.0658425503 -0.006843254 -0.0306737416 0.9468322713 -0.0474995777 1.0100772022 0.0013281546999999998 0.0036516917999999997 0.0277239822 -0.08649438749999999 0.5799311493999999 0.6022456743 0.0186182287 0.040253710299999995 0.03188275559999999 -0.051255150799999996 0.10062048359999999 0.07251912469999999 -0.0700647089 -0.0389097093 0.11294538359999999 0.034897074 -0.9487526081000001 0.9781422125 -1.3020857758 0.0632631248 0.9875631313000001 -0.8456665576 0.0771632644 0.9684161056999999 0.010139871299999999 -0.9221402145 0.9394267671000001 -0.026580700999999998 -0.031728400899999995 0.0640671778 -0.0108218491 0.011368252999999998 0.12116257049999998 -0.0236550045 0.013128366099999999 0.0381596511 0.029093219899999998 0.0010482033999999999 0.0587715791 0.0369641358 -0.0677394111 0.0389836587 -0.0246310192 0.6378229653999999 0.6478360662999999 0.7871268039999999 -0.0676325953 0.8063096304999999 -0.033220300700000004 -0.0107126857 0.048791344599999995 0.08045061905597682 0.025509237577573403 0.09544863248843964 -0.010096569206093198 -0.0097181269344948 -0.0173876515407156 -0.03520547773505673 0.006980688042459676 0.18598189280150235 -0.0389513001352205 -0.025696270035671452 0.02375232629565233 0.039051581368073074 -0.012922749030374844 -0.01903592482037972 0.06719757866342882 -0.012784663364502452 0.09643512921955681 -0.018557599257328954 0.023640106820793497 -0.03520030449685401 -0.052993060382981995 0.0036113182068932595 0.08147929757551611
0.08921642969999999 -0.0466491596 -0.1150623319 -7.4672466669 -0.022601518999999997 0.4390909957 0.0054616913999999996 0.040930406 -0.0123859376 0.550506331 -0.6215922459000001 0.0179820291 0.1108871253 -0.055873466899999995 0.0035296165999999995 0.0790689287 -0.0600651067 0.024538289 0.0554221408 0.026680474 -0.026164588899999997 1.0272240726 -0.0114339858 1.1081839931 -0.0114545273 0.0227235942 0.012604851299999999 0.1154813785 0.0376443529 0.09385411349999999 0.587533852 0.6725292969 -0.0010147500999999998 -0.0930465391 0.0020512155 0.0024820001000000003 0.9910029521999999 -0.0571399971 -1.2956991299999998 -0.0052011078 -0.0028746362 0.0373356435 0.058754559 0.041164579099999994 -0.07631402009999999 0.9123067049999999 -0.0315405929 -1.0149960111 0.1223440002 -0.0507363312 0.0206007769 0.0283208595 -0.0214734972 0.0107608115 0.0410043554 -0.0267690959 0.07947682419999999 0.1003434668 -0.0524283639 0.040491991699999993 0.12037318999999999 0.0281676786 -0.1315518743 0.006243442199999999 -0.013770434699999999 0.0128548707 0.0578583627 0.0326105116 -0.033220300700000004 0.8961229374999999 -0.0439758301 0.7871268039999999 0.10503941817486767 -0.0034744263652214933 -0.02747546603600421 0.07239389746735302 0.054194047528811615 0.09784821913169764 0.592930298662448 -0.691746311279453 0.049728349135670445 0.07819906661359642 0.06766675157427478 -0.051066626064572046 0.10332787221257038 -0.0029921213881686413 0.0446963801300324 0.05387609235004493 -0.02038056881168466 0.012840375160531659 0.016162787910873458 -0.02915796227608627 -0.05065953201215863 0.7362457104163822 0.8192825506323147 -0.04991896306637037
-0.0466491596 0.10444178949999999 -0.0989642518 -0.022601518999999997 -7.4093049644 0.7725282534 0.0718999452 0.0632173466 0.0216525017 -0.6513633353 0.5396551369 -0.00774708 -0.008658535699999999 -0.0217581437 0.0141759826 -0.004868335499999999 0.021768121 -0.0395963823 0.0532036588 0.0363502384 -0.0037455957999999994 -0.0172930085 0.009856985499999998 -0.0066953552 -0.0013997565 0.1979842591 0.0090746478 -0.10626352709999999 0.7594051693999999 0.6890340987 0.5443961151000001 0.4969159051 0.0158357358 -0.05845523999999999 -0.0447787093 -0.011074803 -0.0314320164 -0.13828537800000001 0.055314151199999995 0.0631340068 0.9122890979999999 -1.076304172 -0.0561023579 0.9736946843 -0.9933223809999999 -0.05405349 0.21302650609999998 0.029516961699999997 -0.0414110771 0.06352312149999999 0.0108758439 -0.08274996550000001 0.0896084789 -0.0105448323 -0.037943671899999996 0.0086644047 0.0126623675 0.0051611986 0.0549203413 0.007806356899999999 0.050544414899999994 0.8428476769 0.6701042261 0.0276418162 0.174156706 0.0038899731999999998 0.0326105116 0.0171979307 -0.0107126857 -0.0439758301 0.19848253719999998 -0.0676325953 -0.0011767127204169 0.07879438694830854 0.038401345120132185 0.09101078999331307 0.08216335884247473 0.03549080171900631 -0.6650635445126644 0.7266354256013439 -0.046686883013875934 0.029864706202856788 0.15859516769774468 0.023186055683155456 0.031672553984004564 0.07262669318647508 -0.06775549250652131 -0.0238709128329145 -0.05782844633691698 0.0017851651213358858 0.07306721431650602 0.008650052216334851 0.04142569976171772 0.8990980552135586 0.7505887123041015 -0.019507883321027146
-0.1150623319 -0.0989642518 0.1355052327 0.4390909957 0.7725282534 -8.429284343399999 -0.0298714493 0.012835503 0.1921622111 0.1278203641 -0.0428296144 0.039609881 0.0658425503 -0.006843254 -0.0306737416 0.0711258241 -0.07696782669999999 0.08619682919999999 0.0013281546999999998 0.0036516917999999997 0.0277239822 0.9468322713 -0.0474995777 1.0100772022 0.0186182287 0.040253710299999995 0.03188275559999999 -0.08649438749999999 0.5799311493999999 0.6022456743 -0.0700647089 -0.0389097093 0.11294538359999999 -0.051255150799999996 0.10062048359999999 0.07251912469999999 -1.3020857758 0.0632631248 0.9875631313000001 0.034897074 -0.9487526081000001 0.9781422125 0.010139871299999999 -0.9221402145 0.9394267671000001 -0.8456665576 0.0771632644 0.9684161056999999 -0.0108218491 0.011368252999999998 0.12116257049999998 -0.026580700999999998 -0.031728400899999995 0.0640671778 0.029093219899999998 0.0010482033999999999 0.0587715791 -0.0236550045 0.013128366099999999 0.0381596511 -0.0246310192 0.6378229653999999 0.6478360662999999 0.0369641358 -0.0677394111 0.0389836587 -0.033220300700000004 -0.0107126857 0.048791344599999995 0.7871268039999999 -0.0676325953 0.8063096304999999 -0.010096569206093198 -0.0097181269344948 -0.0173876515407156 0.08045061905597682 0.025509237577573403 0.09544863248843964 -0.0389513001352205 -0.025696270035671452 0.02375232629565233 -0.03520547773505673 0.006980688042459676 0.18598189280150235 0.06719757866342882 -0.012784663364502452 0.09643512921955681 0.039051581368073074 -0.012922749030374844 -0.01903592482037972 -0.052993060382981995 0.0036113182068932595 0.08147929757551611 -0.018557599257328954 0.023640106820793497 -0.03520030449685401
0.550506331 -0.6513633353 0.1278203641 0.0054616913999999996 0.0718999452 -0.0298714493 -7.6692881657 -0.21259572149999997 0.4299916981 0.07663153299999999 -0.0265290538 -0.1107855916 0.0085382212 -0.041567779400000004 -0.0444887807 0.7499414068999999 0.6386774918 -0.13434082309999998 0.057398233099999994 0.0042151158 -0.0185395841 0.23865701600000003 0.0464484398 -0.0357692074 0.8325563853999999 -0.0661606501 0.8213806356 0.0881887678 0.0203736466 -0.07865164279999999 0.0100459673 0.0438244099 -0.07960711599999999 -0.0325841011 0.0793659001 -0.0138514269 0.060181899799999994 0.029302743199999995 -0.11701788269999998 0.1068134524 0.00047832349999999996 -0.0062105758 0.22851362329999997 0.0278349063 0.010886408099999998 1.006738915 -0.0165945975 -0.988591967 -0.22990340249999996 -0.15436526420000002 0.1824096938 1.0095313852 0.11492558419999999 -1.0438374509 0.0514136138 0.0182942599 0.0310382065 0.043831452699999995 -0.0461156675 0.0190730762 0.6875322215999999 0.5767624763 -0.011457461799999999 -0.0977699103 -0.0375105397 -0.034252657799999996 0.12037318999999999 0.050544414899999994 -0.0246310192 0.006243442199999999 0.0276418162 0.0369641358 0.12981047445505406 0.04388617143920764 -0.08195603137296605 0.530062322433289 -0.5487432835246826 0.1171077870189946 0.11928492441953598 0.12925096884636075 0.0949583686833826 0.08153978466834781 -0.05374875110197817 0.010554599757733324 0.08261462439031131 0.06071949060943264 -0.041542694533379054 0.7966520211438505 -0.12364278069322061 0.8783700835594919 0.08715593164949212 -0.004188333237195764 -0.01320409360032234 0.16779597081196826 -0.054765889320911414 0.09836912442457073
-0.6215922459000001 0.5396551369 -0.0428296144 0.040930406 0.0632173466 0.012835503 -0.21259572149999997 -7.6171291889 0.6993817325999999 -0.0265290538 0.0711375621 -0.10070969240000001 -0.0426429802 -0.067968889 0.0396615282 0.7220765686999999 0.6962283188999999 -0.0303110374 0.0002224351 0.0430825683 0.0427996825 -0.00903826 0.004974564399999999 0.006854992 0.014674260699999999 0.08560992919999999 0.0161767247 0.0406128931 0.0487514354 0.027173469999999998 0.0376255721 0.7814884557 0.7774523444 0.0111235157 0.17616273019999998 0.0092524785 0.0259662167 0.0614179112 -0.0758110468 -0.0164930638 0.06385178550000001 0.0416123838 0.084930299 0.9858018444 -0.9768046673999999 -0.0023405571999999997 0.20469193919999998 0.085705007 0.2313342647 1.0272246594999999 -1.1865838558 -0.09479784869999999 0.038580458399999996 0.1761650778 0.017440320399999997 0.034550216099999996 0.0236338761 -0.0153668027 0.0170870066 0.0474138903 0.5767624763 0.5637714448 -0.0281981974 -0.0375105397 0.0172525124 0.0138514269 0.0281676786 0.8428476769 0.6378229653999999 -0.013770434699999999 0.174156706 -0.0677394111 -0.015098692606715598 0.17103600969246685 -0.08364608849965206 -0.700505399439445 0.6463957154874775 -0.03384849756034532 0.07545327095215693 0.09979216287171676 0.01691609098146838 -0.02933504619917911 0.0843946162734445 0.03910490551570103 0.0024035660572600866 0.07458655458250253 -0.016007590764792093 -0.011869796085422825 -0.018291376460589384 0.00464039466783276 0.013623921777542439 -0.054069093929146106 -0.02514313148938147 -0.007907095622145352 0.014669711777290702 -0.09809812633102866
0.0179820291 -0.00774708 0.039609881 -0.0123859376 0.0216525017 0.1921622111 0.4299916981 0.6993817325999999 -8.449852840799998 -0.1107855916 -0.10070969240000001 0.1389027968 0.1180455446 0.017652191299999998 0.08817761669999999 0.0312723796 0.047723186599999995 0.08383396979999999 0.0673373846 -0.0052603847 0.063068274 0.054801200599999995 -0.0087342458 -0.054018276 0.8828777783 -0.059705337000000004 0.7103626316 -0.041259069999999995 0.004943458699999999 0.0340061598 -0.06516644149999999 0.7795763354999999 0.7169124356 0.0411575363 -0.021266321499999997 -0.0073403583 -0.051911305 -0.0481745127 0.044319753499999996 -0.0071003162 0.033291315599999996 0.10458734069999999 0.0260571862 -0.9202703511 0.9812469134999999 -0.9560331026000001 0.06758036120000001 0.8541783683 -0.1902635896 -1.24551918 1.0357036037999998 -1.2191984756999998 0.11312908329999999 0.9889153489 0.0236673294 -0.0605375612 0.0616391725 -7.629699999999999e-06 0.0458269127 0.0596437125 -0.011457461799999999 -0.0281981974 0.24604960839999998 -0.034252657799999996 0.0138514269 0.1233188411 -0.1315518743 0.6701042261 0.6478360662999999 0.0128548707 0.0038899731999999998 0.0389836587 -0.04578912721500528 -0.0153848124734656 0.17206946350880864 -0.021579566250513244 0.07239787688135511 0.058898510762077964 0.11010481425812324 0.020447422966919707 0.07581897909894865 -0.008308618494955854 0.015183454124960034 -0.01009895685449445 -0.03294914999587383 -0.0028154354064760124 0.04820502945567184 1.0714795047801309 -0.07487347033205295 0.7579601788015661 0.0004775296802503484 -0.04735303691782517 0.00019976658290472908 0.04310541041199832 -0.00920836400082755 0.04269752047678448
0.0054616913999999996 0.0718999452 -0.0298714493 0.550506331 -0.6513633353 0.1278203641 0.07663153299999999 -0.0265290538 -0.1107855916 -7.6692881657 -0.21259572149999997 0.4299916981 0.7499414068999999 0.6386774918 -0.13434082309999998 0.0085382212 -0.041567779400000004 -0.0444887807 0.23865701600000003 0.0464484398 -0.0357692074 0.057398233099999994 0.0042151158 -0.0185395841 0.0881887678 0.0203736466 -0.07865164279999999 0.8325563853999999 -0.0661606501 0.8213806356 -0.0325841011 0.0793659001 -0.0138514269 0.0100459673 0.0438244099 -0.07960711599999999 0.1068134524 0.00047832349999999996 -0.0062105758 0.060181899799999994 0.029302743199999995 -0.11701788269999998 1.006738915 -0.0165945975 -0.988591967 0.22851362329999997 0.0278349063 0.010886408099999998 1.0095313852 0.11492558419999999 -1.0438374509 -0.22990340249999996 -0.15436526420000002 0.1824096938 0.043831452699999995 -0.0461156675 0.0190730762 0.0514136138 0.0182942599 0.0310382065 -0.0977699103 -0.0375105397 -0.034252657799999996 0.6875322215999999 0.5767624763 -0.011457461799999999 0.006243442199999999 0.0276418162 0.0369641358 0.12037318999999999 0.050544414899999994 -0.0246310192 0.530062322433289 -0.5487432835246826 0.1171077870189946 0.12981047445505406 0.04388617143920764 -0.08195603137296605 0.08153978466834781 -0.05374875110197817 0.010554599757733324 0.11928492441953598 0.12925096884636075 0.0949583686833826 0.7966520211438505 -0.12364278069322061 0.8783700835594919 0.08261462439031131 0.06071949060943264 -0.041542694533379054 0.16779597081196826 -0.054765889320911414 0.09836912442457073 0.08715593164949212 -0.004188333237195764 -0.01320409360032234
0.040930406 0.0632173466 0.012835503 -0.6215922459000001 0.5396551369 -0.0428296144 -0.0265290538 0.0711375621 -0.10070969240000001 -0.21259572149999997 -7.6171291889 0.6993817325999999 0.7220765686999999 0.6962283188999999 -0.0303110374 -0.0426429802 -0.067968889 0.0396615282 -0.00903826 0.004974564399999999 0.006854992 0.0002224351 0.0430825683 0.0427996825 0.0406128931 0.0487514354 0.027173469999999998 0.014674260699999999 0.08560992919999999 0.0161767247 0.0111235157 0.17616273019999998 0.0092524785 0.0376255721 0.7814884557 0.7774523444 -0.0164930638 0.06385178550000001 0.0416123838 0.0259662167 0.0614179112 -0.0758110468 -0.0023405571999999997 0.20469193919999998 0.085705007 0.084930299 0.9858018444 -0.9768046673999999 -0.09479784869999999 0.038580458399999996 0.1761650778 0.2313342647 1.0272246594999999 -1.1865838558 -0.0153668027 0.0170870066 0.0474138903 0.017440320399999997 0.034550216099999996 0.0236338761 -0.0375105397 0.0172525124 0.0138514269 0.5767624763 0.5637714448 -0.0281981974 -0.013770434699999999 0.174156706 -0.0677394111 0.0281676786 0.8428476769 0.6378229653999999 -0.700505399439445 0.6463957154874775 -0.03384849756034532 -0.015098692606715598 0.17103600969246685 -0.08364608849965206 -0.02933504619917911 0.0843946162734445 0.03910490551570103 0.07545327095215693 0.09979216287171676 0.01691609098146838 -0.011869796085422825 -0.018291376460589384 0.00464039466783276 0.0024035660572600866 0.07458655458250253 -0.016007590764792093 -0.007907095622145352 0.014669711777290702 -0.09809812633102866 0.013623921777542439 -0.054069093929146106 -0.02514313148938147
-0.0123859376 0.0216525017 0.1921622111 0.0179820291 -0.00774708 0.039609881 -0.1107855916 -0.10070969240000001 0.1389027968 0.4299916981 0.6993817325999999 -8.449852840799998 0.0312723796 0.047723186599999995 0.08383396979999999 0.1180455446 0.017652191299999998 0.08817761669999999 0.054801200599999995 -0.0087342458 -0.054018276 0.0673373846 -0.0052603847 0.063068274 -0.041259069999999995 0.004943458699999999 0.0340061598 0.8828777783 -0.059705337000000004 0.7103626316 0.0411575363 -0.021266321499999997 -0.0073403583 -0.06516644149999999 0.7795763354999999 0.7169124356 -0.0071003162 0.033291315599999996 0.10458734069999999 -0.051911305 -0.0481745127 0.044319753499999996 -0.9560331026000001 0.06758036120000001 0.8541783683 0.0260571862 -0.9202703511 0.9812469134999999 -1.2191984756999998 0.11312908329999999 0.9889153489 -0.1902635896 -1.24551918 1.0357036037999998 -7.629699999999999e-06 0.0458269127 0.0596437125 0.0236673294 -0.0605375612 0.0616391725 -0.034252657799999996 0.0138514269 0.1233188411 -0.011457461799999999 -0.0281981974 0.24604960839999998 0.0128548707 0.0038899731999999998 0.0389836587 -0.1315518743 0.6701042261 0.6478360662999999 -0.021579566250513244 0.07239787688135511 0.058898510762077964 -0.04578912721500528 -0.0153848124734656 0.17206946350880864 -0.008308618494955854 0.015183454124960034 -0.01009895685449445 0.11010481425812324 0.020447422966919707 0.07581897909894865 1.0714795047801309 -0.07487347033205295 0.7579601788015661 -0.03294914999587383 -0.0028154354064760124 0.04820502945567184 0.04310541041199832 -0.00920836400082755 0.04269752047678448 0.0004775296802503484 -0.04735303691782517 0.00019976658290472908
0.0790689287 -0.004868335499999999 0.0711258241 0.1108871253 -0.008658535699999999 0.0658425503 0.0085382212 -0.0426429802 0.1180455446 0.7499414068999999 0.7220765686999999 0.0312723796 -8.4655929119 -0.2688559555 0.8262747947 0.0936604365 0.0305352332 -0.0317542245 0.8531765299999999 -0.9739323788 -0.052989440299999996 -0.0125080128 0.0492074567 0.029147214699999997 -0.024020643199999997 -0.047396870199999996 -0.04777894209999999 0.0480588934 0.013352561899999999 0.0864990827 0.6011798639 -0.6686176084000001 0.0867978148 0.057932312099999994 0.048760238899999996 -0.015140846199999999 0.1324263553 0.0457740917 -0.034283763499999995 0.0826971445 0.0116200331 0.0828685193 0.058054974200000005 0.07327153049999999 -0.08258445969999999 0.8798781324 -0.0160904504 0.9004002647 0.0523098101 -0.0495613574 -0.0457089458 0.0120208858 0.009079342999999998 -0.0194621909 -0.036803912099999996 0.000692542 0.0338048531 1.0252726301 1.0412028568 -0.2357096042 0.1068134524 -0.0164930638 -0.0071003162 0.060181899799999994 0.0259662167 -0.051911305 -0.0052011078 0.0631340068 0.034897074 0.9910029521999999 -0.0314320164 -1.3020857758 0.05879743364642498 0.022643661554671103 0.05203402160847921 0.0888296731787696 -0.060349803048638816 -0.08015654036122263 0.0634270838964521 0.10454915436981065 -0.005240092357947156 0.7785624009731669 -0.07820861720720143 0.9559618915963699 0.03971654144782168 0.14999883757043797 -0.07506726779395455 1.1587966026967076 -0.08454782371252481 -1.288071845968481 0.09735954709224144 -0.003084443793017042 0.07117540089991423 0.04988633187155327 0.0044012318863073776 0.04739402488204666
-0.0600651067 0.021768121 -0.07696782669999999 -0.055873466899999995 -0.0217581437 -0.006843254 -0.041567779400000004 -0.067968889 0.017652191299999998 0.6386774918 0.6962283188999999 0.047723186599999995 -0.2688559555 -7.6956622779 0.7697404783999999 0.0305352332 0.0449207391 -0.0639691655 -0.9491499394 1.0561048347 0.11887307359999999 0.0333030536 0.0347221778 0.1118619662 0.0160182617 0.0173423081 0.0206201446 0.0354792788 0.0200790228 -0.0026428107 -0.5768851384 0.6388118919 -0.1118285129 0.0437040954 0.1035086185 -0.0362868532 0.0457740917 0.055882270399999996 -0.0112989988 0.0116200331 0.05772220189999999 0.0078650469 0.0471879338 0.0598667345 0.0021685955 -0.0522247096 0.08866826509999999 -0.015313981699999998 -0.0482232254 0.706428054 0.5853670172 -0.0067481762 0.2243571975 0.016439068999999997 0.0040877585 -0.057479812199999994 -0.001836997 0.9738965779 0.9600105239 -0.22637378589999999 0.00047832349999999996 0.06385178550000001 0.033291315599999996 0.029302743199999995 0.0614179112 -0.0481745127 -0.0028746362 0.9122890979999999 -0.9487526081000001 -0.0571399971 -0.13828537800000001 0.0632631248 0.08207342408602758 0.17028947162567548 0.06930348455333285 0.04125776849082968 0.8115943227802842 0.8459414409150908 0.07247428163019516 0.01520255531217005 0.08107180558170247 0.009853029069165522 0.08350123782997612 -0.020976287087796967 -0.05714836448396044 0.9547083761857128 -1.2506920164226842 -0.005212236459932552 -0.1196410819727227 0.03113612897652334 0.013238714502140493 0.039762304708845675 -0.03214172689485053 0.023354384895443704 0.0995032574151653 0.04589856110006265
0.024538289 -0.0395963823 0.08619682919999999 0.0035296165999999995 0.0141759826 -0.0306737416 -0.0444887807 0.0396615282 0.08817761669999999 -0.13434082309999998 -0.0303110374 0.08383396979999999 0.8262747947 0.7697404783999999 -7.5857388424 -0.0317542245 -0.0639691655 0.10412721109999999 0.2059555349 -0.0766057094 -0.1834361819 0.0731928859 0.0624807871 0.0024379825999999998 -0.0351541362 -0.036862602099999996 -0.0130632202 0.019007343399999998 -0.0080123588 0.0236256595 -0.007742384799999999 -0.0570325944 0.0324502879 -0.0775277293 0.0181974214 0.0973268008 -0.034283763499999995 -0.0112989988 -0.048071218299999996 0.0828685193 0.0078650469 0.1488953562 -0.0507598072 -0.0325171945 0.0093739668 0.8422384746999999 0.0255776889 0.6998406884 0.0449676911 0.7877453966 0.6189106998 0.0035918279999999996 -0.020954090699999997 -0.0228051733 -0.1180073961 0.0317812219 0.2988682608 0.051453523 0.031387411999999996 -0.2291369111 -0.0062105758 0.0416123838 0.10458734069999999 -0.11701788269999998 -0.0758110468 0.044319753499999996 0.0373356435 -1.076304172 0.9781422125 -1.2956991299999998 0.055314151199999995 0.9875631313000001 0.00881002465921872 -0.05510692510089021 -0.02785152065920136 0.04504219120681369 0.8268804457864981 0.6281620405299185 -0.07130154832378036 -0.030604479265844618 0.040654489328113406 0.7037016647659207 -0.12561975356945707 0.7382151224060146 0.21616614594872668 -0.9846530686100115 0.8912295599072335 -1.2771805877861713 0.048128226765431575 1.0076214503472527 0.09703243926126996 -0.009758716957316078 0.11139454233619939 -0.012694330666655094 0.09754100837073658 0.20060663720056945
0.1108871253 -0.008658535699999999 0.0658425503 0.0790689287 -0.004868335499999999 0.0711258241 0.7499414068999999 0.7220765686999999 0.0312723796 0.0085382212 -0.0426429802 0.1180455446 0.0936604365 0.0305352332 -0.0317542245 -8.4655929119 -0.2688559555 0.8262747947 -0.0125080128 0.0492074567 0.029147214699999997 0.8531765299999999 -0.9739323788 -0.052989440299999996 0.0480588934 0.013352561899999999 0.0864990827 -0.024020643199999997 -0.047396870199999996 -0.04777894209999999 0.057932312099999994 0.048760238899999996 -0.015140846199999999 0.6011798639 -0.6686176084000001 0.0867978148 0.0826971445 0.0116200331 0.0828685193 0.1324263553 0.0457740917 -0.034283763499999995 0.8798781324 -0.0160904504 0.9004002647 0.058054974200000005 0.07327153049999999 -0.08258445969999999 0.0120208858 0.009079342999999998 -0.0194621909 0.0523098101 -0.0495613574 -0.0457089458 1.0252726301 1.0412028568 -0.2357096042 -0.036803912099999996 0.000692542 0.0338048531 0.060181899799999994 0.0259662167 -0.051911305 0.1068134524 -0.0164930638 -0.0071003162 0.9910029521999999 -0.0314320164 -1.3020857758 -0.0052011078 0.0631340068 0.034897074 0.0888296731787696 -0.060349803048638816 -0.08015654036122263 0.05879743364642498 0.022643661554671103 0.05203402160847921 0.7785624009731669 -0.07820861720720143 0.9559618915963699 0.0634270838964521 0.10454915436981065 -0.005240092357947156 1.1587966026967076 -0.08454782371252481 -1.288071845968481 0.03971654144782168 0.14999883757043797 -0.07506726779395455 0.04988633187155327 0.0044012318863073776 0.04739402488204666 0.09735954709224144 -0.003084443793017042 0.07117540089991423
-0.055873466899999995 -0.0217581437 -0.006843254 -0.0600651067 0.021768121 -0.07696782669999999 0.6386774918 0.6962283188999999 0.047723186599999995 -0.041567779400000004 -0.067968889 0.017652191299999998 0.0305352332 0.0449207391 -0.0639691655 -0.2688559555 -7.6956622779 0.7697404783999999 0.0333030536 0.0347221778 0.1118619662 -0.9491499394 1.0561048347 0.11887307359999999 0.0354792788 0.0200790228 -0.0026428107 0.0160182617 0.0173423081 0.0206201446 0.0437040954 0.1035086185 -0.0362868532 -0.5768851384 0.6388118919 -0.1118285129 0.0116200331 0.05772220189999999 0.0078650469 0.0457740917 0.055882270399999996 -0.0112989988 -0.0522247096 0.08866826509999999 -0.015313981699999998 0.0471879338 0.0598667345 0.0021685955 -0.0067481762 0.2243571975 0.016439068999999997 -0.0482232254 0.706428054 0.5853670172 0.9738965779 0.9600105239 -0.22637378589999999 0.0040877585 -0.057479812199999994 -0.001836997 0.029302743199999995 0.0614179112 -0.0481745127 0.00047832349999999996 0.06385178550000001 0.033291315599999996 -0.0571399971 -0.13828537800000001 0.0632631248 -0.0028746362 0.9122890979999999 -0.9487526081000001 0.04125776849082968 0.8115943227802842 0.8459414409150908 0.08207342408602758 0.17028947162567548 0.06930348455333285 0.009853029069165522 0.08350123782997612 -0.020976287087796967 0.07247428163019516 0.01520255531217005 0.08107180558170247 -0.005212236459932552 -0.1196410819727227 0.03113612897652334 -0.05714836448396044 0.9547083761857128 -1.2506920164226842 0.023354384895443704 0.0995032574151653 0.04589856110006265 0.013238714502140493 0.039762304708845675 -0.03214172689485053
0.0035296165999999995 0.0141759826 -0.0306737416 0.024538289 -0.0395963823 0.08619682919999999 -0.13434082309999998 -0.0303110374 0.08383396979999999 -0.0444887807 0.0396615282 0.08817761669999999 -0.0317542245 -0.0639691655 0.10412721109999999 0.8262747947 0.7697404783999999 -7.5857388424 0.0731928859 0.0624807871 0.0024379825999999998 0.2059555349 -0.0766057094 -0.1834361819 0.019007343399999998 -0.0080123588 0.0236256595 -0.0351541362 -0.036862602099999996 -0.0130632202 -0.0775277293 0.0181974214 0.0973268008 -0.007742384799999999 -0.0570325944 0.0324502879 0.0828685193 0.0078650469 0.1488953562 -0.034283763499999995 -0.0112989988 -0.048071218299999996 0.8422384746999999 0.0255776889 0.6998406884 -0.0507598072 -0.0325171945 0.0093739668 0.0035918279999999996 -0.020954090699999997 -0.0228051733 0.0449676911 0.7877453966 0.6189106998 0.051453523 0.031387411999999996 -0.2291369111 -0.1180073961 0.0317812219 0.2988682608 -0.11701788269999998 -0.0758110468 0.044319753499999996 -0.0062105758 0.0416123838 0.10458734069999999 -1.2956991299999998 0.055314151199999995 0.9875631313000001 0.0373356435 -1.076304172 0.9781422125 0.04504219120681369 0.8268804457864981 0.6281620405299185 0.00881002465921872 -0.05510692510089021 -0.02785152065920136 0.7037016647659207 -0.12561975356945707 0.7382151224060146 -0.07130154832378036 -0.030604479265844618 0.040654489328113406 -1.2771805877861713 0.048128226765431575 1.0076214503472527 0.21616614594872668 -0.9846530686100115 0.8912295599072335 -0.012694330666655094 0.09754100837073658 0.20060663720056945 0.09703243926126996 -0.009758716957316078 0.11139454233619939
1.0272240726 -0.0172930085 0.9468322713 0.0554221408 0.0532036588 0.0013281546999999998 0.057398233099999994 0.0002224351 0.0673373846 0.23865701600000003 -0.00903826 0.054801200599999995 0.8531765299999999 -0.9491499394 0.2059555349 -0.0125080128 0.0333030536 0.0731928859 -8.918028252900001 0.4322266133 -0.1748093388 0.0076332214 0.0461925514 -0.025160403 0.8779930095999999 -0.7934729537 0.095336036 0.0210080855 0.0396550723 0.039304692999999995 0.0334973175 -0.060156663099999994 -0.0164924769 0.0685598973 0.034884749099999994 0.0511137079 1.0252726301 0.9738965779 0.051453523 -0.036803912099999996 0.0040877585 -0.1180073961 0.1305664692 -0.026767922099999997 0.023118577899999996 -0.0084120377 -0.0629996067 0.0052791655 1.1282236936 -0.19485256069999998 1.0162490426 0.11066645089999999 0.0547231429 -0.04589616689999999 -0.1084679235 -0.0991068685 -0.0064024921 0.0451290886 -0.034311347799999996 0.037656677799999996 0.0514136138 0.017440320399999997 0.0236673294 0.043831452699999995 -0.0153668027 -7.629699999999999e-06 0.0410043554 -0.037943671899999996 0.029093219899999998 0.1003434668 0.0051611986 -0.0236550045 0.7877381337791773 0.761965856936066 -0.20552996820395056 -0.021125515112875203 0.010831566972278528 -0.0036650402959214237 0.004878363625157517 0.03933451770362141 0.013641829140551827 0.06919325478547507 0.125819918093762 0.009619835408643269 0.9394922908659357 0.04983778302072781 -1.0662585136093936 0.0104519308764795 -0.2608024369273276 0.17767964136894984 0.010937419384734021 -0.15949929055901862 0.107702839966464 1.1120663440702088 -0.007464584785113362 -1.3298361938617762
-0.0114339858 0.009856985499999998 -0.0474995777 0.026680474 0.0363502384 0.0036516917999999997 0.0042151158 0.0430825683 -0.0052603847 0.0464484398 0.004974564399999999 -0.0087342458 -0.9739323788 1.0561048347 -0.0766057094 0.0492074567 0.0347221778 0.0624807871 0.4322266133 -8.0522591965 -0.0477936146 0.0461925514 0.0124381717 -0.07060407 -0.8823448731 0.9068590992 0.07360430280000001 -0.0055274242 0.0406346084 0.07436609899999999 -0.0286389593 -0.0108758439 0.009173247 0.0193688738 0.0581389009 0.0050291460999999996 1.0412028568 0.9600105239 0.031387411999999996 0.000692542 -0.057479812199999994 0.0317812219 0.0061336919 -0.0215433383 -0.003767898 -0.016295865399999998 -0.0284476299 -0.0266030032 -0.15952470209999997 -0.0724305028 0.0357386886 0.0145615759 -0.0266282399 0.030424309099999998 -0.0991068685 0.9160329331 1.0069466775999998 -0.034311347799999996 0.2659349542 0.032640443500000005 0.0182942599 0.034550216099999996 -0.0605375612 -0.0461156675 0.0170870066 0.0458269127 -0.0267690959 0.0086644047 0.0010482033999999999 -0.0524283639 0.0549203413 0.013128366099999999 0.7189396368627093 0.6945474207955215 -0.16069749211504683 -0.025114877649966654 -0.017588214006420747 -0.008631746911925257 0.09490584041855507 0.24872451748959565 0.017613284314633892 -0.05488407791677337 0.8268442331190791 0.9134231497382687 -0.03552701438642529 0.09432882538825256 0.17706521984702772 0.027161490271239607 1.0014103809727966 -1.2100120588449574 0.16410546226643347 0.9671806555510514 -1.0441759494290168 -0.21749447434262303 -0.04449183825032517 0.1279986472599042
1.1081839931 -0.0066953552 1.0100772022 -0.026164588899999997 -0.0037455957999999994 0.0277239822 -0.0185395841 0.0427996825 0.063068274 -0.0357692074 0.006854992 -0.054018276 -0.052989440299999996 0.11887307359999999 -0.1834361819 0.029147214699999997 0.1118619662 0.0024379825999999998 -0.1748093388 -0.0477936146 -7.9423580631999995 -0.025160403 -0.07060407 0.1861318136 0.2425933543 0.0949750925 -0.1099116975 0.0679911912 0.070915127 0.0075727707 0.0343313024 -0.0554362264 0.0003662256 0.07332669909999999 0.0147622957 0.08805964979999999 -0.2357096042 -0.22637378589999999 -0.2291369111 0.0338048531 -0.001836997 0.2988682608 0.0401451338 0.0063238475 -0.017671559 0.0066759875 -0.0141096629 0.09090083269999999 1.2666780988 0.0269169947 1.1345146747000001 0.018281348099999997 0.0114791771 -0.0383474591 -0.0064024921 1.0069466775999998 0.8111979206000001 0.037656677799999996 0.032640443500000005 -0.0394208992 0.0310382065 0.0236338761 0.0616391725 0.0190730762 0.0474138903 0.0596437125 0.07947682419999999 0.0126623675 0.0587715791 0.040491991699999993 0.007806356899999999 0.0381596511 0.08897810532104741 0.18414579118093977 0.04309068658019061 0.05675798397035578 0.00903565743313701 0.1310751322249171 0.041920340922177037 -0.05924790331146114 -0.05406790010494549 -0.1522292991186073 0.8755566378600169 0.7861861623183637 -0.9275990162379005 0.024085403247626945 0.8665476425006939 -0.1293456788996104 -1.0796424767226103 0.9650051099161109 -0.22016227348962167 -1.0839139797124497 0.9185613690977623 -1.1011723002980975 -0.08731948556497786 0.9030774692156448
0.0554221408 0.0532036588 0.0013281546999999998 1.0272240726 -0.0172930085 0.9468322713 0.23865701600000003 -0.00903826 0.054801200599999995 0.057398233099999994 0.0002224351 0.0673373846 -0.0125080128 0.0333030536 0.0731928859 0.8531765299999999 -0.9491499394 0.2059555349 0.0076332214 0.0461925514 -0.025160403 -8.918028252900001 0.4322266133 -0.1748093388 0.0210080855 0.0396550723 0.039304692999999995 0.8779930095999999 -0.7934729537 0.095336036 0.0685598973 0.034884749099999994 0.0511137079 0.0334973175 -0.060156663099999994 -0.0164924769 -0.036803912099999996 0.0040877585 -0.1180073961 1.0252726301 0.9738965779 0.051453523 -0.0084120377 -0.0629996067 0.0052791655 0.1305664692 -0.026767922099999997 0.023118577899999996 0.11066645089999999 0.0547231429 -0.04589616689999999 1.1282236936 -0.19485256069999998 1.0162490426 0.0451290886 -0.034311347799999996 0.037656677799999996 -0.1084679235 -0.0991068685 -0.0064024921 0.043831452699999995 -0.0153668027 -7.629699999999999e-06 0.0514136138 0.017440320399999997 0.0236673294 0.1003434668 0.0051611986 -0.0236550045 0.0410043554 -0.037943671899999996 0.029093219899999998 -0.021125515112875203 0.010831566972278528 -0.0036650402959214237 0.7877381337791773 0.761965856936066 -0.20552996820395056 0.06919325478547507 0.125819918093762 0.009619835408643269 0.004878363625157517 0.03933451770362141 0.013641829140551827 0.0104519308764795 -0.2608024369273276 0.17767964136894984 0.9394922908659357 0.04983778302072781 -1.0662585136093936 1.1120663440702088 -0.007464584785113362 -1.3298361938617762 0.010937419384734021 -0.15949929055901862 0.107702839966464
0.026680474 0.0363502384 0.0036516917999999997 -0.0114339858 0.009856985499999998 -0.0474995777 0.0464484398 0.004974564399999999 -0.0087342458 0.0042151158 0.0430825683 -0.0052603847 0.0492074567 0.0347221778 0.0624807871 -0.9739323788 1.0561048347 -0.0766057094 0.0461925514 0.0124381717 -0.07060407 0.4322266133 -8.0522591965 -0.0477936146 -0.0055274242 0.0406346084 0.07436609899999999 -0.8823448731 0.9068590992 0.07360430280000001 0.0193688738 0.0581389009 0.0050291460999999996 -0.0286389593 -0.0108758439 0.009173247 0.000692542 -0.057479812199999994 0.0317812219 1.0412028568 0.9600105239 0.031387411999999996 -0.016295865399999998 -0.0284476299 -0.0266030032 0.0061336919 -0.0215433383 -0.003767898 0.0145615759 -0.0266282399 0.030424309099999998 -0.15952470209999997 -0.0724305028 0.0357386886 -0.034311347799999996 0.2659349542 0.032640443500000005 -0.0991068685 0.9160329331 1.0069466775999998 -0.0461156675 0.0170870066 0.0458269127 0.0182942599 0.034550216099999996 -0.0605375612 -0.0524283639 0.0549203413 0.013128366099999999 -0.0267690959 0.0086644047 0.0010482033999999999 -0.025114877649966654 -0.017588214006420747 -0.008631746911925257 0.7189396368627093 0.6945474207955215 -0.16069749211504683 -0.05488407791677337 0.8268442331190791 0.9134231497382687 0.09490584041855507 0.24872451748959565 0.017613284314633892 0.027161490271239607 1.0014103809727966 -1.2100120588449574 -0.03552701438642529 0.09432882538825256 0.17706521984702772 -0.21749447434262303 -0.04449183825032517 0.1279986472599042 0.16410546226643347 0.9671806555510514 -1.0441759494290168
