     1.7726563145     1.7904517422    -3.4761275115
     0.0264616706    -5.5570862445    -1.8144549154
    -7.2642540342     1.8766634000    -1.7813714596
    -7.2377923636    -3.6804228445    -3.5958263750
    -5.4915977198     3.6671151422    -5.2574989711
     1.7991179851    -3.7666345023    -5.2905824269
32 2
direct
   0.12500000   0.18750000   0.06250000   Ni
   0.62500000   0.68750000   0.56250000   Ni
   0.12500000   0.93750000   0.31250000   Ni
   0.62500000   0.43750000   0.81250000   Ni
   0.25000000   0.62500000   0.87500000   Ni
   0.75000000   0.12500000   0.37500000   Ni
   0.25000000   0.37500000   0.12500000   Ni
   0.75000000   0.87500000   0.62500000   Ni
   0.25000000   0.12500000   0.37500000   Ni
   0.75000000   0.62500000   0.87500000   Ni
   0.25000000   0.87500000   0.62500000   Ni
   0.75000000   0.37500000   0.12500000   Ni
   0.87500000   0.56250000   0.18750000   Ni
   0.37500000   0.06250000   0.68750000   Ni
   0.87500000   0.31250000   0.43750000   Ni
   0.37500000   0.81250000   0.93750000   Ni
   0.37500000   0.56250000   0.18750000   Ni
   0.87500000   0.06250000   0.68750000   Ni
   0.37500000   0.31250000   0.43750000   Ni
   0.87500000   0.81250000   0.93750000   Ni
   0.50000000   0.75000000   0.25000000   Ni
   0.00000000   0.25000000   0.75000000   Ni
   0.00000000   0.00000000   0.00000000   Ni
   0.50000000   0.50000000   0.50000000   Ni
   0.62500000   0.18750000   0.06250000   Al
   0.12500000   0.68750000   0.56250000   Al
   0.62500000   0.93750000   0.31250000   Al
   0.12500000   0.43750000   0.81250000   Al
   0.50000000   0.25000000   0.75000000   Al
   0.00000000   0.75000000   0.25000000   Al
   0.50000000   0.00000000   0.00000000   Al
   0.00000000   0.50000000   0.50000000   Al
    -6.865461    -0.053386     0.461344     0.102279    -0.033621    -0.122776     0.483044    -0.539188     0.020672     0.018283     0.042639    -0.011519     0.075612    -0.051689     0.021406     0.110917    -0.053270     0.008671     0.909570    -0.017946     0.981533     0.054503     0.035658    -0.030462     0.115243     0.037478     0.088922    -0.015013     0.028673     0.013605    -0.079319     0.002583     0.001573     0.503258     0.564063    -0.007781     0.001654     0.002830     0.039030     0.900151    -0.054064    -1.171563     0.814631    -0.052109    -0.885537     0.069006     0.049196    -0.079011     0.019828    -0.010547     0.007934     0.118688    -0.050406     0.015694     0.102510    -0.047807     0.039211     0.032905    -0.025347     0.071645     0.014558    -0.001227     0.014085     0.127136     0.021832    -0.131330     0.792128    -0.035407     0.668960     0.073425     0.039669    -0.048622     0.073233     0.048674     0.097364     0.095927    -0.003611    -0.035655     0.074207     0.068909    -0.056194     0.523791    -0.614937     0.050304     0.063312    -0.016568     0.014014     0.094830     0.000717     0.041534     0.666572     0.733177    -0.045818     0.005877    -0.032719    -0.053426
    -0.053386    -6.846103     0.876882    -0.033621     0.095893    -0.113188    -0.565920     0.473044    -0.020862     0.070165     0.068777     0.026182    -0.004102     0.024913    -0.038612    -0.003102    -0.023633     0.013818    -0.015386     0.017629    -0.009186     0.057933     0.033405    -0.005814    -0.093697     0.679120     0.586071    -0.007432     0.189575     0.007011    -0.051238    -0.026173    -0.000016     0.455961     0.429549     0.016195     0.061794     0.825166    -0.975338    -0.026579    -0.123931     0.047926    -0.043941     0.208293     0.036964    -0.049198     0.898848    -0.899134    -0.083623     0.088349    -0.007833    -0.030160     0.056221     0.004258     0.014688     0.049634     0.011071    -0.038556     0.013151     0.001628     0.037290     0.174958     0.002393     0.052264     0.740927     0.571978    -0.035407     0.202848    -0.051301     0.039669     0.014455    -0.021891     0.075806     0.057789     0.043021    -0.005664     0.077535     0.012173     0.017367     0.157824     0.001963    -0.587184     0.650807    -0.037430    -0.030043    -0.056510     0.012611     0.021531     0.094004    -0.064068     0.795082     0.689915    -0.021426     0.064654    -0.000484     0.039483
     0.461344     0.876882    -7.668494    -0.122776    -0.113188     0.125819     0.105611    -0.027411     0.052293    -0.033647    -0.002695     0.181691     0.070069    -0.081646     0.077171     0.054891    -0.008449    -0.029864     0.834477    -0.059553     0.907307    -0.013135     0.002608     0.017219    -0.089051     0.509198     0.533326     0.014120     0.010287     0.019650    -0.045773     0.093400     0.071067    -0.069558    -0.037150     0.128866     0.029369    -0.847006     0.900360    -1.178449     0.074021     0.897228    -0.739234     0.077657     0.858589     0.016017    -0.821439     0.850031    -0.038018    -0.040714     0.059220    -0.010494     0.016786     0.121884    -0.030054     0.017312     0.037393     0.032739    -0.003727     0.057721     0.031716    -0.080417     0.033019    -0.038700     0.537754     0.555903     0.668960    -0.051301     0.697146    -0.048622    -0.021891     0.054445     0.064560     0.010286     0.102837     0.010420     0.007046    -0.030833    -0.037046     0.008662     0.185810    -0.000712    -0.034038     0.043608     0.041821    -0.036973    -0.023173     0.074377    -0.007566     0.090142    -0.019896     0.006210    -0.016873    -0.036166    -0.010469     0.072038
     0.102279    -0.033621    -0.122776    -6.865461    -0.053386     0.461344     0.018283     0.042639    -0.011519     0.483044    -0.539188     0.020672     0.110917    -0.053270     0.008671     0.075612    -0.051689     0.021406     0.054503     0.035658    -0.030462     0.909570    -0.017946     0.981533    -0.015013     0.028673     0.013605     0.115243     0.037478     0.088922     0.503258     0.564063    -0.007781    -0.079319     0.002583     0.001573     0.900151    -0.054064    -1.171563     0.001654     0.002830     0.039030     0.069006     0.049196    -0.079011     0.814631    -0.052109    -0.885537     0.118688    -0.050406     0.015694     0.019828    -0.010547     0.007934     0.032905    -0.025347     0.071645     0.102510    -0.047807     0.039211     0.127136     0.021832    -0.131330     0.014558    -0.001227     0.014085     0.073425     0.039669    -0.048622     0.792128    -0.035407     0.668960     0.095927    -0.003611    -0.035655     0.073233     0.048674     0.097364     0.523791    -0.614937     0.050304     0.074207     0.068909    -0.056194     0.094830     0.000717     0.041534     0.063312    -0.016568     0.014014     0.005877    -0.032719    -0.053426     0.666572     0.733177    -0.045818
    -0.033621     0.095893    -0.113188    -0.053386    -6.846103     0.876882     0.070165     0.068777     0.026182    -0.565920     0.473044    -0.020862    -0.003102    -0.023633     0.013818    -0.004102     0.024913    -0.038612     0.057933     0.033405    -0.005814    -0.015386     0.017629    -0.009186    -0.007432     0.189575     0.007011    -0.093697     0.679120     0.586071     0.455961     0.429549     0.016195    -0.051238    -0.026173    -0.000016    -0.026579    -0.123931     0.047926     0.061794     0.825166    -0.975338    -0.049198     0.898848    -0.899134    -0.043941     0.208293     0.036964    -0.030160     0.056221     0.004258    -0.083623     0.088349    -0.007833    -0.038556     0.013151     0.001628     0.014688     0.049634     0.011071     0.052264     0.740927     0.571978     0.037290     0.174958     0.002393     0.039669     0.014455    -0.021891    -0.035407     0.202848    -0.051301    -0.005664     0.077535     0.012173     0.075806     0.057789     0.043021    -0.587184     0.650807    -0.037430     0.017367     0.157824     0.001963     0.021531     0.094004    -0.064068    -0.030043    -0.056510     0.012611     0.064654    -0.000484     0.039483     0.795082     0.689915    -0.021426
    -0.122776    -0.113188     0.125819     0.461344     0.876882    -7.668494    -0.033647    -0.002695     0.181691     0.105611    -0.027411     0.052293     0.054891    -0.008449    -0.029864     0.070069    -0.081646     0.077171    -0.013135     0.002608     0.017219     0.834477    -0.059553     0.907307     0.014120     0.010287     0.019650    -0.089051     0.509198     0.533326    -0.069558    -0.037150     0.128866    -0.045773     0.093400     0.071067    -1.178449     0.074021     0.897228     0.029369    -0.847006     0.900360     0.016017    -0.821439     0.850031    -0.739234     0.077657     0.858589    -0.010494     0.016786     0.121884    -0.038018    -0.040714     0.059220     0.032739    -0.003727     0.057721    -0.030054     0.017312     0.037393    -0.038700     0.537754     0.555903     0.031716    -0.080417     0.033019    -0.048622    -0.021891     0.054445     0.668960    -0.051301     0.697146     0.010420     0.007046    -0.030833     0.064560     0.010286     0.102837    -0.000712    -0.034038     0.043608    -0.037046     0.008662     0.185810     0.074377    -0.007566     0.090142     0.041821    -0.036973    -0.023173    -0.036166    -0.010469     0.072038    -0.019896     0.006210    -0.016873
     0.483044    -0.565920     0.105611     0.018283     0.070165    -0.033647    -7.033397    -0.183835     0.457932     0.079917    -0.028900    -0.107945     0.009958    -0.041380    -0.038636     0.666491     0.544888    -0.135215     0.051963     0.012321    -0.017217     0.227991     0.054357    -0.037188     0.735455    -0.057009     0.705251     0.092778     0.024665    -0.067304     0.015139     0.038769    -0.083377    -0.026797     0.076817    -0.017099     0.056121     0.026722    -0.109954     0.102617     0.004151    -0.011788     0.235062     0.022784     0.012306     0.909469    -0.016624    -0.876484    -0.212268    -0.150431     0.181674     0.919911     0.109253    -0.945247     0.043527     0.018368     0.029693     0.040088    -0.039637     0.016586     0.607803     0.479928    -0.002113    -0.087081    -0.036290    -0.034797     0.127136     0.052264    -0.038700     0.014558     0.037290     0.031716     0.119344     0.041967    -0.081598     0.464797    -0.478455     0.111336     0.104080     0.125783     0.085115     0.076816    -0.055520     0.009195     0.077755     0.061681    -0.042604     0.702271    -0.115047     0.777628     0.080716     0.003887    -0.015345     0.162455    -0.054383     0.097643
    -0.539188     0.473044    -0.027411     0.042639     0.068777    -0.002695    -0.183835    -7.020704     0.708490    -0.028900     0.084004    -0.096948    -0.048835    -0.059303     0.038816     0.632471     0.609963    -0.029523    -0.009456     0.052297     0.034604    -0.002756     0.004658     0.014452     0.017943     0.089058     0.007117     0.031706     0.051980     0.030504     0.036561     0.686133     0.670011     0.009506     0.196402     0.007434     0.020226     0.062635    -0.079465    -0.011350     0.065623     0.040415     0.079820     0.880407    -0.858344    -0.003268     0.201218     0.070445     0.218755     0.940802    -1.056694    -0.081854     0.042046     0.168103     0.023468     0.030565     0.026840    -0.025763     0.027850     0.035296     0.479928     0.491628    -0.028541    -0.036290     0.010063     0.010668     0.021832     0.740927     0.537754    -0.001227     0.174958    -0.080417    -0.017607     0.163127    -0.078428    -0.626336     0.582296    -0.037328     0.078162     0.094351     0.008706    -0.022434     0.077604     0.044448     0.004668     0.072277    -0.014382    -0.017585    -0.001549    -0.003711     0.024570    -0.045752    -0.017557     0.002022     0.021144    -0.096142
     0.020672    -0.020862     0.052293    -0.011519     0.026182     0.181691     0.457932     0.708490    -7.723745    -0.107945    -0.096948     0.138082     0.101697     0.012626     0.091208     0.028662     0.044395     0.086904     0.060567    -0.008014     0.064209     0.052182    -0.001954    -0.056582     0.771146    -0.053450     0.625667    -0.044261     0.007385     0.033038    -0.064307     0.660947     0.611393     0.037806    -0.015015     0.003739    -0.055232    -0.044635     0.035541    -0.007673     0.028626     0.109165     0.026176    -0.816365     0.884739    -0.842127     0.061992     0.766095    -0.183558    -1.126432     0.947814    -1.107988     0.097921     0.900801     0.013559    -0.054333     0.047316     0.004351     0.044321     0.061944    -0.002113    -0.028541     0.241469    -0.034797     0.010668     0.121956    -0.131330     0.571978     0.555903     0.014085     0.002393     0.033019    -0.041296    -0.019917     0.173247    -0.024528     0.066305     0.058862     0.104189     0.012199     0.065436    -0.006610     0.011441    -0.009924    -0.031119    -0.005064     0.052186     0.959668    -0.069349     0.671567    -0.011424    -0.040360     0.013634     0.036837     0.001287     0.028895
     0.018283     0.070165    -0.033647     0.483044    -0.565920     0.105611     0.079917    -0.028900    -0.107945    -7.033397    -0.183835     0.457932     0.666491     0.544888    -0.135215     0.009958    -0.041380    -0.038636     0.227991     0.054357    -0.037188     0.051963     0.012321    -0.017217     0.092778     0.024665    -0.067304     0.735455    -0.057009     0.705251    -0.026797     0.076817    -0.017099     0.015139     0.038769    -0.083377     0.102617     0.004151    -0.011788     0.056121     0.026722    -0.109954     0.909469    -0.016624    -0.876484     0.235062     0.022784     0.012306     0.919911     0.109253    -0.945247    -0.212268    -0.150431     0.181674     0.040088    -0.039637     0.016586     0.043527     0.018368     0.029693    -0.087081    -0.036290    -0.034797     0.607803     0.479928    -0.002113     0.014558     0.037290     0.031716     0.127136     0.052264    -0.038700     0.464797    -0.478455     0.111336     0.119344     0.041967    -0.081598     0.076816    -0.055520     0.009195     0.104080     0.125783     0.085115     0.702271    -0.115047     0.777628     0.077755     0.061681    -0.042604     0.162455    -0.054383     0.097643     0.080716     0.003887    -0.015345
     0.042639     0.068777    -0.002695    -0.539188     0.473044    -0.027411    -0.028900     0.084004    -0.096948    -0.183835    -7.020704     0.708490     0.632471     0.609963    -0.029523    -0.048835    -0.059303     0.038816    -0.002756     0.004658     0.014452    -0.009456     0.052297     0.034604     0.031706     0.051980     0.030504     0.017943     0.089058     0.007117     0.009506     0.196402     0.007434     0.036561     0.686133     0.670011    -0.011350     0.065623     0.040415     0.020226     0.062635    -0.079465    -0.003268     0.201218     0.070445     0.079820     0.880407    -0.858344    -0.081854     0.042046     0.168103     0.218755     0.940802    -1.056694    -0.025763     0.027850     0.035296     0.023468     0.030565     0.026840    -0.036290     0.010063     0.010668     0.479928     0.491628    -0.028541    -0.001227     0.174958    -0.080417     0.021832     0.740927     0.537754    -0.626336     0.582296    -0.037328    -0.017607     0.163127    -0.078428    -0.022434     0.077604     0.044448     0.078162     0.094351     0.008706    -0.017585    -0.001549    -0.003711     0.004668     0.072277    -0.014382     0.002022     0.021144    -0.096142     0.024570    -0.045752    -0.017557
    -0.011519     0.026182     0.181691     0.020672    -0.020862     0.052293    -0.107945    -0.096948     0.138082     0.457932     0.708490    -7.723745     0.028662     0.044395     0.086904     0.101697     0.012626     0.091208     0.052182    -0.001954    -0.056582     0.060567    -0.008014     0.064209    -0.044261     0.007385     0.033038     0.771146    -0.053450     0.625667     0.037806    -0.015015     0.003739    -0.064307     0.660947     0.611393    -0.007673     0.028626     0.109165    -0.055232    -0.044635     0.035541    -0.842127     0.061992     0.766095     0.026176    -0.816365     0.884739    -1.107988     0.097921     0.900801    -0.183558    -1.126432     0.947814     0.004351     0.044321     0.061944     0.013559    -0.054333     0.047316    -0.034797     0.010668     0.121956    -0.002113    -0.028541     0.241469     0.014085     0.002393     0.033019    -0.131330     0.571978     0.555903    -0.024528     0.066305     0.058862    -0.041296    -0.019917     0.173247    -0.006610     0.011441    -0.009924     0.104189     0.012199     0.065436     0.959668    -0.069349     0.671567    -0.031119    -0.005064     0.052186     0.036837     0.001287     0.028895    -0.011424    -0.040360     0.013634
     0.075612    -0.004102     0.070069     0.110917    -0.003102     0.054891     0.009958    -0.048835     0.101697     0.666491     0.632471     0.028662    -7.605350    -0.300023     0.850402     0.086021     0.030939    -0.029401     0.737375    -0.871708    -0.056074    -0.019079     0.039282     0.029364    -0.025213    -0.034272    -0.047996     0.055324     0.032338     0.094912     0.515811    -0.578600     0.079226     0.050652     0.052344    -0.015720     0.132887     0.048108    -0.035874     0.074936     0.007898     0.079021     0.055639     0.073928    -0.071159     0.769284    -0.022350     0.774103     0.046262    -0.052902    -0.050123     0.013466    -0.004052    -0.025625    -0.037889     0.007724     0.035767     0.917036     0.933319    -0.226317     0.102617    -0.011350    -0.007673     0.056121     0.020226    -0.055232     0.001654     0.061794     0.029369     0.900151    -0.026579    -1.178449     0.053215     0.019957     0.050184     0.097070    -0.048166    -0.077398     0.057455     0.102814    -0.007613     0.685318    -0.077011     0.849654     0.049400     0.140854    -0.072433     1.064970    -0.079224    -1.184562     0.087332    -0.002241     0.067613     0.039849     0.001329     0.041209
    -0.051689     0.024913    -0.081646    -0.053270    -0.023633    -0.008449    -0.041380    -0.059303     0.012626     0.544888     0.609963     0.044395    -0.300023    -7.086639     0.843862     0.030939     0.046775    -0.065638    -0.844616     0.957007     0.114572     0.026983     0.036101     0.098913     0.014440     0.018541     0.013406     0.044810     0.025984    -0.000177    -0.479950     0.560828    -0.126432     0.046153     0.107388    -0.034844     0.048108     0.043233    -0.012368     0.007898     0.061325     0.005769     0.047477     0.055077    -0.001532    -0.044173     0.099214    -0.022437    -0.040192     0.618256     0.482147    -0.004229     0.225267     0.011268     0.000386    -0.047804    -0.005612     0.864162     0.848204    -0.222686     0.004151     0.065623     0.028626     0.026722     0.062635    -0.044635     0.002830     0.825166    -0.847006    -0.054064    -0.123931     0.074021     0.082827     0.166320     0.068314     0.035898     0.730287     0.749528     0.066281     0.018305     0.068234     0.008840     0.086212    -0.020272    -0.059233     0.881396    -1.152938    -0.002857    -0.098832     0.024851     0.008046     0.045776    -0.036645     0.022461     0.096122     0.048863
     0.021406    -0.038612     0.077171     0.008671     0.013818    -0.029864    -0.038636     0.038816     0.091208    -0.135215    -0.029523     0.086904     0.850402     0.843862    -6.861479    -0.029401    -0.065638     0.104333     0.291025    -0.069996    -0.188825     0.074679     0.052810    -0.002746    -0.032303    -0.042567    -0.016121     0.017256    -0.000673     0.023813    -0.007435    -0.053271     0.041974    -0.070398     0.014655     0.095950    -0.035874    -0.012368    -0.046091     0.079021     0.005769     0.137998    -0.045853    -0.028087     0.018699     0.720766     0.006370     0.607875     0.043453     0.684827     0.536282     0.006014    -0.027836    -0.027885    -0.108579     0.022733     0.297521     0.038415     0.036215    -0.224831    -0.011788     0.040415     0.109165    -0.109954    -0.079465     0.035541     0.039030    -0.975338     0.900360    -1.171563     0.047926     0.897228     0.003549    -0.057335    -0.029289     0.041212     0.730650     0.551919    -0.072662    -0.030571     0.039484     0.605387    -0.118136     0.650474     0.203766    -0.894495     0.818674    -1.178152     0.047640     0.931792     0.087528    -0.012762     0.104319    -0.022975     0.093416     0.184823
     0.110917    -0.003102     0.054891     0.075612    -0.004102     0.070069     0.666491     0.632471     0.028662     0.009958    -0.048835     0.101697     0.086021     0.030939    -0.029401    -7.605350    -0.300023     0.850402    -0.019079     0.039282     0.029364     0.737375    -0.871708    -0.056074     0.055324     0.032338     0.094912    -0.025213    -0.034272    -0.047996     0.050652     0.052344    -0.015720     0.515811    -0.578600     0.079226     0.074936     0.007898     0.079021     0.132887     0.048108    -0.035874     0.769284    -0.022350     0.774103     0.055639     0.073928    -0.071159     0.013466    -0.004052    -0.025625     0.046262    -0.052902    -0.050123     0.917036     0.933319    -0.226317    -0.037889     0.007724     0.035767     0.056121     0.020226    -0.055232     0.102617    -0.011350    -0.007673     0.900151    -0.026579    -1.178449     0.001654     0.061794     0.029369     0.097070    -0.048166    -0.077398     0.053215     0.019957     0.050184     0.685318    -0.077011     0.849654     0.057455     0.102814    -0.007613     1.064970    -0.079224    -1.184562     0.049400     0.140854    -0.072433     0.039849     0.001329     0.041209     0.087332    -0.002241     0.067613
    -0.053270    -0.023633    -0.008449    -0.051689     0.024913    -0.081646     0.544888     0.609963     0.044395    -0.041380    -0.059303     0.012626     0.030939     0.046775    -0.065638    -0.300023    -7.086639     0.843862     0.026983     0.036101     0.098913    -0.844616     0.957007     0.114572     0.044810     0.025984    -0.000177     0.014440     0.018541     0.013406     0.046153     0.107388    -0.034844    -0.479950     0.560828    -0.126432     0.007898     0.061325     0.005769     0.048108     0.043233    -0.012368    -0.044173     0.099214    -0.022437     0.047477     0.055077    -0.001532    -0.004229     0.225267     0.011268    -0.040192     0.618256     0.482147     0.864162     0.848204    -0.222686     0.000386    -0.047804    -0.005612     0.026722     0.062635    -0.044635     0.004151     0.065623     0.028626    -0.054064    -0.123931     0.074021     0.002830     0.825166    -0.847006     0.035898     0.730287     0.749528     0.082827     0.166320     0.068314     0.008840     0.086212    -0.020272     0.066281     0.018305     0.068234    -0.002857    -0.098832     0.024851    -0.059233     0.881396    -1.152938     0.022461     0.096122     0.048863     0.008046     0.045776    -0.036645
     0.008671     0.013818    -0.029864     0.021406    -0.038612     0.077171    -0.135215    -0.029523     0.086904    -0.038636     0.038816     0.091208    -0.029401    -0.065638     0.104333     0.850402     0.843862    -6.861479     0.074679     0.052810    -0.002746     0.291025    -0.069996    -0.188825     0.017256    -0.000673     0.023813    -0.032303    -0.042567    -0.016121    -0.070398     0.014655     0.095950    -0.007435    -0.053271     0.041974     0.079021     0.005769     0.137998    -0.035874    -0.012368    -0.046091     0.720766     0.006370     0.607875    -0.045853    -0.028087     0.018699     0.006014    -0.027836    -0.027885     0.043453     0.684827     0.536282     0.038415     0.036215    -0.224831    -0.108579     0.022733     0.297521    -0.109954    -0.079465     0.035541    -0.011788     0.040415     0.109165    -1.171563     0.047926     0.897228     0.039030    -0.975338     0.900360     0.041212     0.730650     0.551919     0.003549    -0.057335    -0.029289     0.605387    -0.118136     0.650474    -0.072662    -0.030571     0.039484    -1.178152     0.047640     0.931792     0.203766    -0.894495     0.818674    -0.022975     0.093416     0.184823     0.087528    -0.012762     0.104319
     0.909570    -0.015386     0.834477     0.054503     0.057933    -0.013135     0.051963    -0.009456     0.060567     0.227991    -0.002756     0.052182     0.737375    -0.844616     0.291025    -0.019079     0.026983     0.074679    -7.828843     0.367528    -0.123573     0.002865     0.045181    -0.034503     0.765068    -0.705211     0.093188     0.020838     0.047758     0.040588     0.024681    -0.043177    -0.020374     0.073190     0.050257     0.057369     0.917036     0.864162     0.038415    -0.037889     0.000386    -0.108579     0.120971    -0.021892     0.018141    -0.021633    -0.051461     0.007797     1.009389    -0.177001     0.896007     0.101662     0.040842    -0.050097    -0.101855    -0.096569    -0.001149     0.021935    -0.032305     0.036653     0.043527     0.023468     0.013559     0.040088    -0.025763     0.004351     0.032905    -0.038556     0.032739     0.102510     0.014688    -0.030054     0.709954     0.660455    -0.198079    -0.038255     0.005916    -0.028692     0.008715     0.037206     0.009947     0.059532     0.125509    -0.001921     0.855705     0.053282    -0.959254     0.019949    -0.240876     0.163115     0.013078    -0.159331     0.099790     1.014664    -0.005728    -1.218288
    -0.017946     0.017629    -0.059553     0.035658     0.033405     0.002608     0.012321     0.052297    -0.008014     0.054357     0.004658    -0.001954    -0.871708     0.957007    -0.069996     0.039282     0.036101     0.052810     0.367528    -7.501846     0.058133     0.045181     0.005499    -0.064331    -0.780480     0.829773     0.069323    -0.007038     0.033685     0.074273    -0.019430    -0.000577     0.008065     0.031213     0.061196     0.011288     0.933319     0.848204     0.036215     0.007724    -0.047804     0.022733     0.005380    -0.011334     0.007104    -0.013195    -0.012620    -0.026962    -0.159635    -0.068214     0.034951     0.010997    -0.018680     0.024966    -0.096569     0.828138     0.894994    -0.032305     0.263854     0.033458     0.018368     0.030565    -0.054333    -0.039637     0.027850     0.044321    -0.025347     0.013151    -0.003727    -0.047807     0.049634     0.017312     0.638776     0.646502    -0.153962    -0.029690    -0.017877    -0.007708     0.070748     0.249974     0.029921    -0.041163     0.741153     0.801833    -0.034836     0.108347     0.133846     0.021804     0.916972    -1.103776     0.158212     0.899613    -0.961625    -0.199898    -0.036502     0.131468
     0.981533    -0.009186     0.907307    -0.030462    -0.005814     0.017219    -0.017217     0.034604     0.064209    -0.037188     0.014452    -0.056582    -0.056074     0.114572    -0.188825     0.029364     0.098913    -0.002746    -0.123573     0.058133    -7.164980    -0.034503    -0.064331     0.173611     0.245350     0.075571    -0.107296     0.065238     0.064839    -0.000739     0.030525    -0.057541     0.007920     0.074036     0.011225     0.087520    -0.226317    -0.222686    -0.224831     0.035767    -0.005612     0.297521     0.035155     0.000232    -0.016434     0.001181    -0.016999     0.078985     1.123447     0.033614     1.021425     0.021984     0.009226    -0.028150    -0.001149     0.894994     0.733019     0.036653     0.033458    -0.041797     0.029693     0.026840     0.047316     0.016586     0.035296     0.061944     0.071645     0.001628     0.057721     0.039211     0.011071     0.037393     0.087935     0.162727     0.060166     0.048966     0.018868     0.124762     0.047036    -0.060268    -0.055194    -0.148053     0.778400     0.707568    -0.835391     0.012284     0.794824    -0.132211    -0.984078     0.881631    -0.197368    -0.991892     0.849481    -1.007168    -0.083474     0.824538
     0.054503     0.057933    -0.013135     0.909570    -0.015386     0.834477     0.227991    -0.002756     0.052182     0.051963    -0.009456     0.060567    -0.019079     0.026983     0.074679     0.737375    -0.844616     0.291025     0.002865     0.045181    -0.034503    -7.828843     0.367528    -0.123573     0.020838     0.047758     0.040588     0.765068    -0.705211     0.093188     0.073190     0.050257     0.057369     0.024681    -0.043177    -0.020374    -0.037889     0.000386    -0.108579     0.917036     0.864162     0.038415    -0.021633    -0.051461     0.007797     0.120971    -0.021892     0.018141     0.101662     0.040842    -0.050097     1.009389    -0.177001     0.896007     0.021935    -0.032305     0.036653    -0.101855    -0.096569    -0.001149     0.040088    -0.025763     0.004351     0.043527     0.023468     0.013559     0.102510     0.014688    -0.030054     0.032905    -0.038556     0.032739    -0.038255     0.005916    -0.028692     0.709954     0.660455    -0.198079     0.059532     0.125509    -0.001921     0.008715     0.037206     0.009947     0.019949    -0.240876     0.163115     0.855705     0.053282    -0.959254     1.014664    -0.005728    -1.218288     0.013078    -0.159331     0.099790
     0.035658     0.033405     0.002608    -0.017946     0.017629    -0.059553     0.054357     0.004658    -0.001954     0.012321     0.052297    -0.008014     0.039282     0.036101     0.052810    -0.871708     0.957007    -0.069996     0.045181     0.005499    -0.064331     0.367528    -7.501846     0.058133    -0.007038     0.033685     0.074273    -0.780480     0.829773     0.069323     0.031213     0.061196     0.011288    -0.019430    -0.000577     0.008065     0.007724    -0.047804     0.022733     0.933319     0.848204     0.036215    -0.013195    -0.012620    -0.026962     0.005380    -0.011334     0.007104     0.010997    -0.018680     0.024966    -0.159635    -0.068214     0.034951    -0.032305     0.263854     0.033458    -0.096569     0.828138     0.894994    -0.039637     0.027850     0.044321     0.018368     0.030565    -0.054333    -0.047807     0.049634     0.017312    -0.025347     0.013151    -0.003727    -0.029690    -0.017877    -0.007708     0.638776     0.646502    -0.153962    -0.041163     0.741153     0.801833     0.070748     0.249974     0.029921     0.021804     0.916972    -1.103776    -0.034836     0.108347     0.133846    -0.199898    -0.036502     0.131468     0.158212     0.899613    -0.961625
    -0.030462    -0.005814     0.017219     0.981533    -0.009186     0.907307    -0.037188     0.014452    -0.056582    -0.017217     0.034604     0.064209     0.029364     0.098913    -0.002746    -0.056074     0.114572    -0.188825    -0.034503    -0.064331     0.173611    -0.123573     0.058133    -7.164980     0.065238     0.064839    -0.000739     0.245350     0.075571    -0.107296     0.074036     0.011225     0.087520     0.030525    -0.057541     0.007920     0.035767    -0.005612     0.297521    -0.226317    -0.222686    -0.224831     0.001181    -0.016999     0.078985     0.035155     0.000232    -0.016434     0.021984     0.009226    -0.028150     1.123447     0.033614     1.021425     0.036653     0.033458    -0.041797    -0.001149     0.894994     0.733019     0.016586     0.035296     0.061944     0.029693     0.026840     0.047316     0.039211     0.011071     0.037393     0.071645     0.001628     0.057721     0.048966     0.018868     0.124762     0.087935     0.162727     0.060166    -0.148053     0.778400     0.707568     0.047036    -0.060268    -0.055194    -0.132211    -0.984078     0.881631    -0.835391     0.012284     0.794824    -1.007168    -0.083474     0.824538    -0.197368    -0.991892     0.849481
     0.115243    -0.093697    -0.089051    -0.015013    -0.007432     0.014120     0.735455     0.017943     0.771146     0.092778     0.031706    -0.044261    -0.025213     0.014440    -0.032303     0.055324     0.044810     0.017256     0.765068    -0.780480     0.245350     0.020838    -0.007038     0.065238    -6.878774     0.020296     0.195572     0.037807     0.009083    -0.008672     0.509584    -0.450680     0.043941     0.018607     0.070475    -0.001319     0.013466    -0.004229     0.006014     0.046262    -0.040192     0.043453     0.567776     0.710710     0.021029     0.005593    -0.030175     0.042449    -0.050161    -0.001306     0.012932     0.100322    -0.003810     0.005571     1.009389    -0.159635     1.123447     0.101662     0.010997     0.021984    -0.212268     0.218755    -0.183558     0.919911    -0.081854    -1.107988     0.118688    -0.030160    -0.010494     0.019828    -0.083623    -0.038018     0.096730     0.004829     0.020229     0.090917    -0.021086     0.031569     0.602022     0.544339    -0.196340    -0.009872    -0.024259    -0.033098     0.151639    -0.036625    -0.004507     0.074971    -0.007868     0.056944     0.934187     0.102820    -0.944886     0.013678    -0.045245     0.056966
     0.037478     0.679120     0.509198     0.028673     0.189575     0.010287    -0.057009     0.089058    -0.053450     0.024665     0.051980     0.007385    -0.034272     0.018541    -0.042567     0.032338     0.025984    -0.000673    -0.705211     0.829773     0.075571     0.047758     0.033685     0.064839     0.020296    -6.793185     0.583875     0.009083     0.066425    -0.046349    -0.438106     0.491290    -0.008339     0.041342     0.095137     0.059779    -0.004052     0.225267    -0.027836    -0.052902     0.618256     0.684827     0.644416     0.574984     0.092910    -0.048821    -0.036160     0.021805    -0.001306     0.040460    -0.033004    -0.003810    -0.044355    -0.015186    -0.177001    -0.068214     0.033614     0.040842    -0.018680     0.009226    -0.150431     0.940802    -1.126432     0.109253     0.042046     0.097921    -0.050406     0.056221     0.016786    -0.010547     0.088349    -0.040714     0.048589    -0.037761     0.001401    -0.027407     0.082635    -0.052341     0.739119     0.589595    -0.054013    -0.062249    -0.014040     0.013702     0.013015     0.063075     0.066566     0.016832     0.034807     0.010837    -0.086624     0.058548     0.150041    -0.065421     0.950422    -1.055737
     0.088922     0.586071     0.533326     0.013605     0.007011     0.019650     0.705251     0.007117     0.625667    -0.067304     0.030504     0.033038    -0.047996     0.013406    -0.016121     0.094912    -0.000177     0.023813     0.093188     0.069323    -0.107296     0.040588     0.074273    -0.000739     0.195572     0.583875    -7.730928    -0.008672    -0.046349     0.070888     0.099124    -0.079604     0.190347    -0.068209     0.028970     0.113967    -0.025625     0.011268    -0.027885    -0.050123     0.482147     0.536282    -0.216735    -0.091635     0.034721     0.010705     0.055308     0.107177     0.012932    -0.033004     0.077389     0.005571    -0.015186     0.027479     0.896007     0.034951     1.021425    -0.050097     0.024966    -0.028150     0.181674    -1.056694     0.947814    -0.945247     0.168103     0.900801     0.015694     0.004258     0.121884     0.007934    -0.007833     0.059220     0.000742     0.002308    -0.015464     0.081651    -0.020308     0.105516     0.067973     0.099503     0.046261    -0.051858     0.062293     0.075763    -0.016730     0.052205     0.106720     0.056093    -0.033695     0.148134    -1.127174     0.084344     0.888471    -0.002961    -1.124668     0.902453
    -0.015013    -0.007432     0.014120     0.115243    -0.093697    -0.089051     0.092778     0.031706    -0.044261     0.735455     0.017943     0.771146     0.055324     0.044810     0.017256    -0.025213     0.014440    -0.032303     0.020838    -0.007038     0.065238     0.765068    -0.780480     0.245350     0.037807     0.009083    -0.008672    -6.878774     0.020296     0.195572     0.018607     0.070475    -0.001319     0.509584    -0.450680     0.043941     0.046262    -0.040192     0.043453     0.013466    -0.004229     0.006014     0.005593    -0.030175     0.042449     0.567776     0.710710     0.021029     0.100322    -0.003810     0.005571    -0.050161    -0.001306     0.012932     0.101662     0.010997     0.021984     1.009389    -0.159635     1.123447     0.919911    -0.081854    -1.107988    -0.212268     0.218755    -0.183558     0.019828    -0.083623    -0.038018     0.118688    -0.030160    -0.010494     0.090917    -0.021086     0.031569     0.096730     0.004829     0.020229    -0.009872    -0.024259    -0.033098     0.602022     0.544339    -0.196340     0.074971    -0.007868     0.056944     0.151639    -0.036625    -0.004507     0.013678    -0.045245     0.056966     0.934187     0.102820    -0.944886
     0.028673     0.189575     0.010287     0.037478     0.679120     0.509198     0.024665     0.051980     0.007385    -0.057009     0.089058    -0.053450     0.032338     0.025984    -0.000673    -0.034272     0.018541    -0.042567     0.047758     0.033685     0.064839    -0.705211     0.829773     0.075571     0.009083     0.066425    -0.046349     0.020296    -6.793185     0.583875     0.041342     0.095137     0.059779    -0.438106     0.491290    -0.008339    -0.052902     0.618256     0.684827    -0.004052     0.225267    -0.027836    -0.048821    -0.036160     0.021805     0.644416     0.574984     0.092910    -0.003810    -0.044355    -0.015186    -0.001306     0.040460    -0.033004     0.040842    -0.018680     0.009226    -0.177001    -0.068214     0.033614     0.109253     0.042046     0.097921    -0.150431     0.940802    -1.126432    -0.010547     0.088349    -0.040714    -0.050406     0.056221     0.016786    -0.027407     0.082635    -0.052341     0.048589    -0.037761     0.001401    -0.062249    -0.014040     0.013702     0.739119     0.589595    -0.054013     0.016832     0.034807     0.010837     0.013015     0.063075     0.066566    -0.065421     0.950422    -1.055737    -0.086624     0.058548     0.150041
     0.013605     0.007011     0.019650     0.088922     0.586071     0.533326    -0.067304     0.030504     0.033038     0.705251     0.007117     0.625667     0.094912    -0.000177     0.023813    -0.047996     0.013406    -0.016121     0.040588     0.074273    -0.000739     0.093188     0.069323    -0.107296    -0.008672    -0.046349     0.070888     0.195572     0.583875    -7.730928    -0.068209     0.028970     0.113967     0.099124    -0.079604     0.190347    -0.050123     0.482147     0.536282    -0.025625     0.011268    -0.027885     0.010705     0.055308     0.107177    -0.216735    -0.091635     0.034721     0.005571    -0.015186     0.027479     0.012932    -0.033004     0.077389    -0.050097     0.024966    -0.028150     0.896007     0.034951     1.021425    -0.945247     0.168103     0.900801     0.181674    -1.056694     0.947814     0.007934    -0.007833     0.059220     0.015694     0.004258     0.121884     0.081651    -0.020308     0.105516     0.000742     0.002308    -0.015464    -0.051858     0.062293     0.075763     0.067973     0.099503     0.046261     0.056093    -0.033695     0.148134    -0.016730     0.052205     0.106720    -0.002961    -1.124668     0.902453    -1.127174     0.084344     0.888471
