1.911631 1.850698 -3.762067
-0.026505 -5.781608 -2.008901
-7.801370 1.870950 -1.946645
-7.827875 -3.910658 -3.955546
-5.889739 3.721648 -5.708712
1.885126 -3.930910 -5.770968
32 2
direct
0.125000 0.187500 0.062500 Al
0.625000 0.687500 0.562500 Al
0.125000 0.937500 0.312500 Al
0.625000 0.437500 0.812500 Al
0.250000 0.625000 0.875000 Al
0.750000 0.125000 0.375000 Al
0.250000 0.375000 0.125000 Al
0.750000 0.875000 0.625000 Al
0.250000 0.125000 0.375000 Al
0.750000 0.625000 0.875000 Al
0.250000 0.875000 0.625000 Al
0.750000 0.375000 0.125000 Al
0.875000 0.562500 0.187500 Al
0.375000 0.062500 0.687500 Al
0.875000 0.312500 0.437500 Al
0.375000 0.812500 0.937500 Al
0.375000 0.562500 0.187500 Al
0.875000 0.062500 0.687500 Al
0.375000 0.312500 0.437500 Al
0.875000 0.812500 0.937500 Al
0.500000 0.750000 0.250000 Al
0.000000 0.250000 0.750000 Al
0.000000 0.000000 0.000000 Al
0.500000 0.500000 0.500000 Al
0.625000 0.187500 0.062500 Ni
0.125000 0.687500 0.562500 Ni
0.625000 0.937500 0.312500 Ni
0.125000 0.437500 0.812500 Ni
0.500000 0.250000 0.750000 Ni
0.000000 0.750000 0.250000 Ni
0.500000 0.000000 1.000000 Ni
0.000000 0.500000 0.500000 Ni
-6.31498950846 -0.018687463379999998 0.51060547926 0.0078220818 0.037429430400000005 -0.00139550904 0.9719199711 -1.1241928881 -0.01463341788 -0.08222009004 -0.0007954293599999999 -0.027631726559999997 0.04994853876 0.00491908842 0.01184671692 0.18891258426000002 0.030192858 -0.0123402177 0.9652883351399999 0.0051845913 1.22611550436 0.07425527346 0.06448185342 -0.04993747614 -0.08545712057999999 -0.013228195319999999 0.014729203980000001 0.01888389234 0.014966105939999998 -0.026154731879999997 -0.08369708472 -0.007542548279999999 0.03350300976 0.9342798112799999 1.0332379152 0.06113554578 -0.09518089374 0.05297672862 -0.00481979466 1.20225262356 -0.02722780602 -1.48316654268 1.0731159621000002 -0.00663784182 -1.24408443708 -0.14408388 -0.037356039359999996 -0.0240558021 0.0034269838199999995 -0.00746969688 -0.0369167724 0.01980047088 -0.02431267074 -0.031007714399999997 0.07299656316 -0.07806729042 -0.0110437326 0.08289140219999999 0.0037553547600000002 0.023240945699999998 -0.01653133176 0.03313038834 -0.04582029276 -0.08111679606000001 0.07394578991999999 0.01329349176 0.88794605106 0.026667389880000003 0.9869475959999999 9.551627999999999e-05 -0.021341682719999998 -0.04008284028 0.031904155878925984 0.053470192121832134 0.0073774356184676745 0.0652496555094076 0.007224228179387354 0.01420730387024828 -0.08253225052046813 0.027736913535941276 0.007901524442542432 0.17810066337037056 -0.08364807820665311 -0.01808484487388111 0.15089738925210905 0.020677433096240292 -0.07618707489414163 0.020910228815362336 0.003967873701480187 -0.001177906544617526 0.09970222811526962 -0.02276622750593536 0.09685018209997441 -0.021687010428569572 -0.008389002657797994 0.0784792173593433
-0.018687463379999998 -6.78684128076 1.03116758634 0.037429430400000005 -0.03999164112 -0.03774943692 -1.15856714664 1.0437363415799998 -0.0367980516 0.0028816776 0.01987521102 0.02373255774 0.01395266202 -0.06266866302 0.00367791642 0.0726503841 0.0078220818 0.01029552174 0.026331463979999997 -0.09723476358 0.013390626959999999 0.02076615666 0.033128769419999995 -0.03627244224 0.013808038500000001 0.93509250912 1.13426499888 0.02991683214 0.3153993435 0.0050440150799999995 -0.0280154106 0.05903958402 0.0022311415799999997 1.1375465497200001 0.98102558664 0.0029747655 -0.00348256674 1.26487730592 -1.6913129758199998 -0.0508125024 -0.15125596542 0.01288066716 0.00936707112 -0.10760988222 0.00528415488 -0.04497926382 1.35983829636 -1.7002262096999998 0.03598427448 0.08889759539999999 0.013935663360000001 -0.0103556916 0.042603498719999994 -0.03095024274 -0.051688338119999996 0.006808637879999999 0.026982539639999997 0.00347447214 0.11511897282 -0.02873556018 -0.04644897336 0.28791089136 0.02773371852 0.03187275732 0.93548104992 1.1331614350800001 0.026667389880000003 -0.18170785062 -0.01866776652 -0.021341682719999998 -0.056229408720000006 0.01910001816 -0.04888550925002858 -0.07543695535474837 0.00023040807072079308 -0.004595427289609186 -0.014591715262849811 -0.006939700078238188 0.0349965584999472 0.07757390067386867 0.05140766184455084 -0.0023303448396217 0.17481446328744776 0.02904534485982723 0.023461829073500036 -0.04479586548008455 -0.04065210167971215 0.0989903109502964 -0.06221455645001643 0.03313737627817251 -0.12544545523616568 -0.008502415956857454 0.05644440614699139 -0.021078955969050794 0.02855707076177125 0.008739191089981583
0.51060547926 1.03116758634 -8.89259076126 -0.00139550904 -0.03774943692 0.18530401158 -0.0036684727199999996 -0.0559498752 -0.09085675842 -0.06384426875999999 -0.05958462041999999 0.09052568928 -0.01575236142 0.00555613344 0.05172611292 -0.0201231756 -0.0068574753000000006 0.012752232839999999 1.0580699894399999 -0.02640377574 0.96724237158 -0.01362294198 -0.01372115646 -0.026453422619999997 0.07565914692 1.0198176080399999 0.97309125972 0.0065550070799999995 -0.0035022636 -0.06527674314 0.03939398982 0.00846047592 0.21972413952 0.00575229258 -0.046536125219999995 -0.19252358532 0.09098573237999999 -1.53711003636 1.38236664744 -1.22404139802 -0.014502825 1.10542393908 -1.2044171196 0.05919500034 1.07257281444 0.00880395678 -1.49312155158 1.30102832916 -0.05059961442 0.011156787179999999 -0.06098903351999999 -0.0751435209 0.0126451143 -0.0136488447 -0.01975163346 0.0663541344 0.06001795133999999 0.016577740799999997 0.01047414258 0.03657302172 0.04230264942 0.0106673337 -0.03195154476 0.06060615894 1.033639947 0.9603670881599999 0.9869475959999999 -0.01866776652 0.8209084626 -0.04008284028 0.01910001816 -0.007518534300000001 0.0027907630396630774 -0.004308511540058769 -0.004694514698261133 -0.022176478350826177 0.07401909014580504 -0.005251632658553206 -0.0068489694389906215 0.08285577687883773 -0.0040868581801425646 -0.02881812032030811 -0.001291319843676984 -0.0036208688004982664 0.062399997142513645 -0.056864234324211484 -0.06488991648361901 -0.0216006571447243 0.02770746587232584 0.02516223267659148 -0.18827522909090466 -0.13125818526901306 -0.03687523985033211 0.01458932761444856 0.007045154549293473 0.31884338397195594
0.0078220818 0.037429430400000005 -0.00139550904 -6.31498950846 -0.018687463379999998 0.51060547926 -0.08222009004 -0.0007954293599999999 -0.027631726559999997 0.9719199711 -1.1241928881 -0.01463341788 0.18891258426000002 0.030192858 -0.0123402177 0.04994853876 0.00491908842 0.01184671692 0.07425527346 0.06448185342 -0.04993747614 0.9652883351399999 0.0051845913 1.22611550436 0.01888389234 0.014966105939999998 -0.026154731879999997 -0.08545712057999999 -0.013228195319999999 0.014729203980000001 0.9342798112799999 1.0332379152 0.06113554578 -0.08369708472 -0.007542548279999999 0.03350300976 1.20225262356 -0.02722780602 -1.48316654268 -0.09518089374 0.05297672862 -0.00481979466 -0.14408388 -0.037356039359999996 -0.0240558021 1.0731159621000002 -0.00663784182 -1.24408443708 0.01980047088 -0.02431267074 -0.031007714399999997 0.0034269838199999995 -0.00746969688 -0.0369167724 0.08289140219999999 0.0037553547600000002 0.023240945699999998 0.07299656316 -0.07806729042 -0.0110437326 -0.08111679606000001 0.07394578991999999 0.01329349176 -0.01653133176 0.03313038834 -0.04582029276 9.551627999999999e-05 -0.021341682719999998 -0.04008284028 0.88794605106 0.026667389880000003 0.9869475959999999 0.0652496555094076 0.007224228179387354 0.01420730387024828 0.031904155878925984 0.053470192121832134 0.0073774356184676745 0.17810066337037056 -0.08364807820665311 -0.01808484487388111 -0.08253225052046813 0.027736913535941276 0.007901524442542432 0.020910228815362336 0.003967873701480187 -0.001177906544617526 0.15089738925210905 0.020677433096240292 -0.07618707489414163 -0.021687010428569572 -0.008389002657797994 0.0784792173593433 0.09970222811526962 -0.02276622750593536 0.09685018209997441
0.037429430400000005 -0.03999164112 -0.03774943692 -0.018687463379999998 -6.78684128076 1.03116758634 0.0028816776 0.01987521102 0.02373255774 -1.15856714664 1.0437363415799998 -0.0367980516 0.0726503841 0.0078220818 0.01029552174 0.01395266202 -0.06266866302 0.00367791642 0.02076615666 0.033128769419999995 -0.03627244224 0.026331463979999997 -0.09723476358 0.013390626959999999 0.02991683214 0.3153993435 0.0050440150799999995 0.013808038500000001 0.93509250912 1.13426499888 1.1375465497200001 0.98102558664 0.0029747655 -0.0280154106 0.05903958402 0.0022311415799999997 -0.0508125024 -0.15125596542 0.01288066716 -0.00348256674 1.26487730592 -1.6913129758199998 -0.04497926382 1.35983829636 -1.7002262096999998 0.00936707112 -0.10760988222 0.00528415488 -0.0103556916 0.042603498719999994 -0.03095024274 0.03598427448 0.08889759539999999 0.013935663360000001 0.00347447214 0.11511897282 -0.02873556018 -0.051688338119999996 0.006808637879999999 0.026982539639999997 0.03187275732 0.93548104992 1.1331614350800001 -0.04644897336 0.28791089136 0.02773371852 -0.021341682719999998 -0.056229408720000006 0.01910001816 0.026667389880000003 -0.18170785062 -0.01866776652 -0.004595427289609186 -0.014591715262849811 -0.006939700078238188 -0.04888550925002858 -0.07543695535474837 0.00023040807072079308 -0.0023303448396217 0.17481446328744776 0.02904534485982723 0.0349965584999472 0.07757390067386867 0.05140766184455084 0.0989903109502964 -0.06221455645001643 0.03313737627817251 0.023461829073500036 -0.04479586548008455 -0.04065210167971215 -0.021078955969050794 0.02855707076177125 0.008739191089981583 -0.12544545523616568 -0.008502415956857454 0.05644440614699139
-0.00139550904 -0.03774943692 0.18530401158 0.51060547926 1.03116758634 -8.89259076126 -0.06384426875999999 -0.05958462041999999 0.09052568928 -0.0036684727199999996 -0.0559498752 -0.09085675842 -0.0201231756 -0.0068574753000000006 0.012752232839999999 -0.01575236142 0.00555613344 0.05172611292 -0.01362294198 -0.01372115646 -0.026453422619999997 1.0580699894399999 -0.02640377574 0.96724237158 0.0065550070799999995 -0.0035022636 -0.06527674314 0.07565914692 1.0198176080399999 0.97309125972 0.00575229258 -0.046536125219999995 -0.19252358532 0.03939398982 0.00846047592 0.21972413952 -1.22404139802 -0.014502825 1.10542393908 0.09098573237999999 -1.53711003636 1.38236664744 0.00880395678 -1.49312155158 1.30102832916 -1.2044171196 0.05919500034 1.07257281444 -0.0751435209 0.0126451143 -0.0136488447 -0.05059961442 0.011156787179999999 -0.06098903351999999 0.016577740799999997 0.01047414258 0.03657302172 -0.01975163346 0.0663541344 0.06001795133999999 0.06060615894 1.033639947 0.9603670881599999 0.04230264942 0.0106673337 -0.03195154476 -0.04008284028 0.01910001816 -0.007518534300000001 0.9869475959999999 -0.01866776652 0.8209084626 -0.022176478350826177 0.07401909014580504 -0.005251632658553206 0.0027907630396630774 -0.004308511540058769 -0.004694514698261133 -0.02881812032030811 -0.001291319843676984 -0.0036208688004982664 -0.0068489694389906215 0.08285577687883773 -0.0040868581801425646 -0.0216006571447243 0.02770746587232584 0.02516223267659148 0.062399997142513645 -0.056864234324211484 -0.06488991648361901 0.01458932761444856 0.007045154549293473 0.31884338397195594 -0.18827522909090466 -0.13125818526901306 -0.03687523985033211
0.9719199711 -1.15856714664 -0.0036684727199999996 -0.08222009004 0.0028816776 -0.06384426875999999 -6.27828346548 -0.79303254894 1.2665960593199999 -0.03824239806 -0.02762525088 0.025211441159999997 0.04317956442 -0.04338624654 0.01783213398 1.04221563606 1.13231473992 -0.00051373728 0.050694051420000004 -0.02877171606 0.05609773656 0.13693203108 0.0016944695999999999 0.03141541242 0.84023890704 -0.04498196202 1.0308411041399999 0.0054652041 -0.021110986619999998 -0.01801777014 -0.17839850832 0.08545442237999999 -1.376082e-05 -0.01001355984 0.0405998154 -0.06359738346 0.06489548748 0.05456057202 0.00291729384 0.00738146574 -0.0051387219 -0.017772773579999998 -0.05736454146 -0.10053574146 0.060241901939999995 1.0314314703 -0.05432232096 -1.30172689314 -0.16849719359999998 0.01326489084 0.00115267104 1.1542065856200001 0.08160301169999999 -1.3561182880199998 0.04696918632 -0.043866526139999994 0.02048176638 0.0745445205 0.0045300079799999995 -0.04037289678 0.9027926267399999 1.08896572854 0.033232380299999996 -0.06610104324 0.019278639 0.03327447222 -0.08111679606000001 0.03187275732 0.06060615894 -0.01653133176 -0.04644897336 0.04230264942 -0.016561923135282708 -0.02144705176424377 -0.009178120454411695 0.18473633621884936 -0.1980681690086387 0.04990742276576433 -0.03424604101915373 0.08426369355277585 -0.008398553251403002 0.028608007260997954 -0.007972755953179774 0.008198786668498274 -0.015426198379087297 -0.025100949700959354 0.023102885930511855 0.15099010959835765 -0.0945102866667477 0.11302132678025224 0.32139180069889195 0.010588822718151267 -0.019916569139041405 0.08109767177271604 0.05429830817566628 -0.01332546572738597
-1.1241928881 1.0437363415799998 -0.0559498752 -0.0007954293599999999 0.01987521102 -0.05958462041999999 -0.79303254894 -7.8149099844 0.9580566194999999 -0.02762525088 -0.07005174768 -0.0240085836 -0.0039623066999999994 0.10862980182 0.05181974046 1.00960222284 0.9319339962000001 0.01722099168 0.0034580131199999998 0.0029464344 -0.06705377766 -0.0067476585600000005 -0.10770458903999999 -0.01900666044 0.052581172499999995 -0.13501738836 -0.01469871432 -0.05290414704 -0.01185373224 0.00783638226 0.07044028848 0.93470720616 1.13761076688 -0.08068076694 0.27477173664 0.06432158034 0.024864182819999997 0.08904923424 0.01094632758 -0.03305888604 0.00347986854 -0.01059367284 -0.02499639462 1.27785753666 -1.54974597678 -0.04612087224 -0.11665020132 0.06956526222 0.09313080138 1.3407765926400002 -1.71358958484 -0.04611412674 -0.1596700323 0.11163937410000001 -0.03878824392 0.1025747712 -0.05638806288 -0.08715239964 0.030199603499999998 0.04748643126 1.08896572854 0.97535181168 -0.01230298254 0.019278639 0.03844935 -0.01642826052 0.07394578991999999 0.93548104992 1.033639947 0.03313038834 0.28791089136 0.0106673337 0.005698520850987491 0.02229705459508939 0.02217011128842284 0.06499696272027512 0.1131574227391236 0.030197385213431197 -0.08752163979628386 -0.04718232005713567 -0.0016192235574488895 -0.07020243417640414 -0.023926226687543496 -0.004765746208898477 -0.03214053307064991 0.05604805651238359 -0.023617424160981604 -0.05341089885320104 -0.036069806456309854 0.006131083153014264 0.05762310857440933 0.012003106454492716 0.02493063078167006 -0.0058962977268911775 -0.010580068007346675 0.03629623511302856
-0.01463341788 -0.0367980516 -0.09085675842 -0.027631726559999997 0.02373255774 0.09052568928 1.2665960593199999 0.9580566194999999 -8.10612239328 0.025211441159999997 -0.0240085836 0.15759592596 -0.02086760898 0.01458538992 0.22581451655999998 0.03136549572 0.06948755406 -0.07932060432 0.0260160444 -0.07546946346 0.10012696416 -0.01461965706 -0.03449810592 -0.0657969561 1.05695590266 -0.08483275709999999 0.89775562698 0.022287401819999997 -0.007517455019999999 -0.04522695858 0.02926575648 1.0525645821599998 0.9763096726799999 0.054296148419999996 0.007845825959999999 -0.0201609504 0.0582392979 0.04092252012 0.018267353639999998 -0.0596585511 -0.007120549800000001 -0.01490566626 0.02050820874 -1.49172712182 1.30253284548 -1.2738091573800001 0.06937315038 1.11156908958 -0.017579042819999998 -1.71986451876 1.40142808134 -1.2169853352 -0.03492037422 1.10528983854 0.02994651234 -0.03910825044 0.02333376378 -0.0190735758 0.1096845282 0.0497521098 0.033232380299999996 -0.01230298254 -0.21669028344 0.03327447222 -0.01642826052 0.21161335032 0.01329349176 1.1331614350800001 0.9603670881599999 -0.04582029276 0.02773371852 -0.03195154476 0.009849845537963852 0.04228565112756856 -0.010592006249352935 -0.014401101332149882 0.03350666589756611 0.0832326273848353 -0.03596196433685332 0.018667033142386328 -0.024907550180457965 -0.018441400368468037 0.03314215157497501 -0.02501777994831575 0.02764140759989121 -0.04883417480940167 0.0008750731390587635 -0.021380595550408932 -0.06008795760730155 0.04656471500401189 0.003411153682588322 0.019476843891810872 -0.026656104692974657 0.05404800303493505 0.007320529998237841 0.07453919955587772
-0.08222009004 0.0028816776 -0.06384426875999999 0.9719199711 -1.15856714664 -0.0036684727199999996 -0.03824239806 -0.02762525088 0.025211441159999997 -6.27828346548 -0.79303254894 1.2665960593199999 1.04221563606 1.13231473992 -0.00051373728 0.04317956442 -0.04338624654 0.01783213398 0.13693203108 0.0016944695999999999 0.03141541242 0.050694051420000004 -0.02877171606 0.05609773656 0.0054652041 -0.021110986619999998 -0.01801777014 0.84023890704 -0.04498196202 1.0308411041399999 -0.01001355984 0.0405998154 -0.06359738346 -0.17839850832 0.08545442237999999 -1.376082e-05 0.00738146574 -0.0051387219 -0.017772773579999998 0.06489548748 0.05456057202 0.00291729384 1.0314314703 -0.05432232096 -1.30172689314 -0.05736454146 -0.10053574146 0.060241901939999995 1.1542065856200001 0.08160301169999999 -1.3561182880199998 -0.16849719359999998 0.01326489084 0.00115267104 0.0745445205 0.0045300079799999995 -0.04037289678 0.04696918632 -0.043866526139999994 0.02048176638 -0.06610104324 0.019278639 0.03327447222 0.9027926267399999 1.08896572854 0.033232380299999996 -0.01653133176 -0.04644897336 0.04230264942 -0.08111679606000001 0.03187275732 0.06060615894 0.18473633621884936 -0.1980681690086387 0.04990742276576433 -0.016561923135282708 -0.02144705176424377 -0.009178120454411695 0.028608007260997954 -0.007972755953179774 0.008198786668498274 -0.03424604101915373 0.08426369355277585 -0.008398553251403002 0.15099010959835765 -0.0945102866667477 0.11302132678025224 -0.015426198379087297 -0.025100949700959354 0.023102885930511855 0.08109767177271604 0.05429830817566628 -0.01332546572738597 0.32139180069889195 0.010588822718151267 -0.019916569139041405
-0.0007954293599999999 0.01987521102 -0.05958462041999999 -1.1241928881 1.0437363415799998 -0.0559498752 -0.02762525088 -0.07005174768 -0.0240085836 -0.79303254894 -7.8149099844 0.9580566194999999 1.00960222284 0.9319339962000001 0.01722099168 -0.0039623066999999994 0.10862980182 0.05181974046 -0.0067476585600000005 -0.10770458903999999 -0.01900666044 0.0034580131199999998 0.0029464344 -0.06705377766 -0.05290414704 -0.01185373224 0.00783638226 0.052581172499999995 -0.13501738836 -0.01469871432 -0.08068076694 0.27477173664 0.06432158034 0.07044028848 0.93470720616 1.13761076688 -0.03305888604 0.00347986854 -0.01059367284 0.024864182819999997 0.08904923424 0.01094632758 -0.04612087224 -0.11665020132 0.06956526222 -0.02499639462 1.27785753666 -1.54974597678 -0.04611412674 -0.1596700323 0.11163937410000001 0.09313080138 1.3407765926400002 -1.71358958484 -0.08715239964 0.030199603499999998 0.04748643126 -0.03878824392 0.1025747712 -0.05638806288 0.019278639 0.03844935 -0.01642826052 1.08896572854 0.97535181168 -0.01230298254 0.03313038834 0.28791089136 0.0106673337 0.07394578991999999 0.93548104992 1.033639947 0.06499696272027512 0.1131574227391236 0.030197385213431197 0.005698520850987491 0.02229705459508939 0.02217011128842284 -0.07020243417640414 -0.023926226687543496 -0.004765746208898477 -0.08752163979628386 -0.04718232005713567 -0.0016192235574488895 -0.05341089885320104 -0.036069806456309854 0.006131083153014264 -0.03214053307064991 0.05604805651238359 -0.023617424160981604 -0.0058962977268911775 -0.010580068007346675 0.03629623511302856 0.05762310857440933 0.012003106454492716 0.02493063078167006
-0.027631726559999997 0.02373255774 0.09052568928 -0.01463341788 -0.0367980516 -0.09085675842 0.025211441159999997 -0.0240085836 0.15759592596 1.2665960593199999 0.9580566194999999 -8.10612239328 0.03136549572 0.06948755406 -0.07932060432 -0.02086760898 0.01458538992 0.22581451655999998 -0.01461965706 -0.03449810592 -0.0657969561 0.0260160444 -0.07546946346 0.10012696416 0.022287401819999997 -0.007517455019999999 -0.04522695858 1.05695590266 -0.08483275709999999 0.89775562698 0.054296148419999996 0.007845825959999999 -0.0201609504 0.02926575648 1.0525645821599998 0.9763096726799999 -0.0596585511 -0.007120549800000001 -0.01490566626 0.0582392979 0.04092252012 0.018267353639999998 -1.2738091573800001 0.06937315038 1.11156908958 0.02050820874 -1.49172712182 1.30253284548 -1.2169853352 -0.03492037422 1.10528983854 -0.017579042819999998 -1.71986451876 1.40142808134 -0.0190735758 0.1096845282 0.0497521098 0.02994651234 -0.03910825044 0.02333376378 0.03327447222 -0.01642826052 0.21161335032 0.033232380299999996 -0.01230298254 -0.21669028344 -0.04582029276 0.02773371852 -0.03195154476 0.01329349176 1.1331614350800001 0.9603670881599999 -0.014401101332149882 0.03350666589756611 0.0832326273848353 0.009849845537963852 0.04228565112756856 -0.010592006249352935 -0.018441400368468037 0.03314215157497501 -0.02501777994831575 -0.03596196433685332 0.018667033142386328 -0.024907550180457965 -0.021380595550408932 -0.06008795760730155 0.04656471500401189 0.02764140759989121 -0.04883417480940167 0.0008750731390587635 0.05404800303493505 0.007320529998237841 0.07453919955587772 0.003411153682588322 0.019476843891810872 -0.026656104692974657
0.04994853876 0.01395266202 -0.01575236142 0.18891258426000002 0.0726503841 -0.0201231756 0.04317956442 -0.0039623066999999994 -0.02086760898 1.04221563606 1.00960222284 0.03136549572 -7.3561228965 0.0461473146 0.57643994034 0.04214912184 0.02473952598 -0.028667835359999998 1.11680683542 -1.3238653543199999 -0.05829649974 0.08048244924 0.07576734474 -0.00557825868 -0.01335716928 -0.006936532560000001 -0.02008782918 0.016411261859999998 0.00249691428 -0.026370587879999997 1.0583473644 -1.09875587742 -0.044627148719999996 0.029447615160000003 -0.02616066792 -0.01143955854 0.1198580913 -0.00604504728 -0.01688587524 -0.0260888958 -0.048137237099999994 0.028243138679999998 0.03074625882 -0.02223505674 0.0234419616 0.87239902266 0.022011645780000002 1.04535229356 -0.06080501628 0.00682833474 -0.007020446579999999 0.00068992974 0.05420872674 -0.0178229601 -0.0170431803 0.01026233388 -0.009329026499999999 1.0694153808 1.29851900316 -0.07052932908 0.00738146574 -0.03305888604 -0.0596585511 0.06489548748 0.024864182819999997 0.0582392979 -0.09518089374 -0.00348256674 0.09098573237999999 1.20225262356 -0.0508125024 -1.22404139802 -0.03519712096565234 0.02906046663303516 -0.010955724689143619 0.012184567732987848 -0.01623202971450976 -0.060788334471668724 0.06811324182530885 0.03879809269614018 0.02553072641318467 0.09405026640810654 0.0319375829565435 0.06330053853118577 0.030539614817610614 0.08794783503590729 -0.07787554025522682 0.2259929108854784 -0.1444256682605162 -0.2060707705668341 0.038435568080550125 -0.06446610889239682 0.02893073773656715 0.14581249404024324 -0.02268186392909113 0.03002547452854107
0.00491908842 -0.06266866302 0.00555613344 0.030192858 0.0078220818 -0.0068574753000000006 -0.04338624654 0.10862980182 0.01458538992 1.13231473992 0.9319339962000001 0.06948755406 0.0461473146 -7.35580100124 0.8147862468 0.02473952598 0.03056413032 -0.0946892817 -1.2632135958 1.0684688522399999 0.022240453139999998 0.06015960684 0.1923061104 0.002037141 0.012904141499999999 0.07763476895999999 0.040463826120000004 0.02424413646 0.056603379239999994 0.022282005419999997 -1.18682458578 0.96679554966 -0.0650158272 0.03855673836 0.018253592819999997 0.000256329 -0.00604504728 -0.01790471556 -0.030423554099999996 -0.048137237099999994 -0.02360223468 -0.0366847272 0.027204331680000002 -0.005490837 0.006883108200000001 -0.0998023707 -0.07911446184 -0.0468839232 -0.02657403216 0.9016288930799999 1.0738169544599998 0.02336344398 0.2905974891 -0.018602739899999998 0.0020128572 -0.03329875602 -0.00045086922 1.17556068006 1.00193987448 -0.08250259158 -0.0051387219 0.00347986854 -0.007120549800000001 0.05456057202 0.08904923424 0.04092252012 0.05297672862 1.26487730592 -1.53711003636 -0.02722780602 -0.15125596542 -0.014502825 0.03047077095537452 0.31711671623645077 -0.06223286175442602 0.084473806612086 0.052509561581728516 -0.011617501237690557 0.02810938668653655 0.042266947881758755 -0.01229400161804522 -0.013494192881074427 0.056841551664399595 -0.03696000136857655 -0.06942326491479565 0.24401527895952677 -0.1169374680997053 -0.04130273586905325 -0.0011468671154012532 0.014454425479777835 -0.029553118086493434 0.038373887163517785 -0.004916963940977753 0.0005093649922670383 0.03673118506345659 0.06923623245669759
0.01184671692 0.00367791642 0.05172611292 -0.0123402177 0.01029552174 0.012752232839999999 0.01783213398 0.05181974046 0.22581451655999998 -0.00051373728 0.01722099168 -0.07932060432 0.57643994034 0.8147862468 -5.519459235779999 -0.028667835359999998 -0.0946892817 0.13016359638 -0.007238191319999999 0.00026361414 -0.10116118422 -0.019936729979999998 -0.037453714199999995 0.15739221186 0.0031452917400000002 -0.01969470144 -0.07627136849999999 -0.0037693854000000002 -0.00469136034 0.04942643706 -0.011701553759999999 -0.059134560659999995 -0.15565565033999998 -0.02131470072 0.00563087358 0.05372089218000001 -0.01688587524 -0.030423554099999996 -0.06074376714 0.028243138679999998 -0.0366847272 0.07989154344 -0.00600430446 0.00653126292 -0.029705563079999997 0.99474242598 0.052015629779999996 0.92619708336 0.00911478942 1.16411113818 0.9823404195000001 -0.03984216084 0.00674199234 -0.03119065236 0.01854283986 0.00646299846 0.15460497126 0.0201069864 -0.00622285866 -0.11187978372 -0.017772773579999998 -0.01059367284 -0.01490566626 0.00291729384 0.01094632758 0.018267353639999998 -0.00481979466 -1.6913129758199998 1.38236664744 -1.48316654268 0.01288066716 1.10542393908 -0.005862074766473235 0.040675978163724674 0.022478913814984732 0.005524620459096322 0.04608599149956091 0.14553154741169597 -0.025704626805075837 0.06746579116716943 0.01120921336107651 0.04901046284969409 0.032036272423795246 0.12836753893789762 0.09858361483928318 -0.39867600003340875 0.3346325049080335 -0.12745306960021818 0.05009803669646425 0.13313089749839482 0.05425413668024312 -0.04798695756835751 0.027632652889086617 -0.019086463378206214 0.022622570660460042 0.10563672821658082
0.18891258426000002 0.0726503841 -0.0201231756 0.04994853876 0.01395266202 -0.01575236142 1.04221563606 1.00960222284 0.03136549572 0.04317956442 -0.0039623066999999994 -0.02086760898 0.04214912184 0.02473952598 -0.028667835359999998 -7.3561228965 0.0461473146 0.57643994034 0.08048244924 0.07576734474 -0.00557825868 1.11680683542 -1.3238653543199999 -0.05829649974 0.016411261859999998 0.00249691428 -0.026370587879999997 -0.01335716928 -0.006936532560000001 -0.02008782918 0.029447615160000003 -0.02616066792 -0.01143955854 1.0583473644 -1.09875587742 -0.044627148719999996 -0.0260888958 -0.048137237099999994 0.028243138679999998 0.1198580913 -0.00604504728 -0.01688587524 0.87239902266 0.022011645780000002 1.04535229356 0.03074625882 -0.02223505674 0.0234419616 0.00068992974 0.05420872674 -0.0178229601 -0.06080501628 0.00682833474 -0.007020446579999999 1.0694153808 1.29851900316 -0.07052932908 -0.0170431803 0.01026233388 -0.009329026499999999 0.06489548748 0.024864182819999997 0.0582392979 0.00738146574 -0.03305888604 -0.0596585511 1.20225262356 -0.0508125024 -1.22404139802 -0.09518089374 -0.00348256674 0.09098573237999999 0.012184567732987848 -0.01623202971450976 -0.060788334471668724 -0.03519712096565234 0.02906046663303516 -0.010955724689143619 0.09405026640810654 0.0319375829565435 0.06330053853118577 0.06811324182530885 0.03879809269614018 0.02553072641318467 0.2259929108854784 -0.1444256682605162 -0.2060707705668341 0.030539614817610614 0.08794783503590729 -0.07787554025522682 0.14581249404024324 -0.02268186392909113 0.03002547452854107 0.038435568080550125 -0.06446610889239682 0.02893073773656715
0.030192858 0.0078220818 -0.0068574753000000006 0.00491908842 -0.06266866302 0.00555613344 1.13231473992 0.9319339962000001 0.06948755406 -0.04338624654 0.10862980182 0.01458538992 0.02473952598 0.03056413032 -0.0946892817 0.0461473146 -7.35580100124 0.8147862468 0.06015960684 0.1923061104 0.002037141 -1.2632135958 1.0684688522399999 0.022240453139999998 0.02424413646 0.056603379239999994 0.022282005419999997 0.012904141499999999 0.07763476895999999 0.040463826120000004 0.03855673836 0.018253592819999997 0.000256329 -1.18682458578 0.96679554966 -0.0650158272 -0.048137237099999994 -0.02360223468 -0.0366847272 -0.00604504728 -0.01790471556 -0.030423554099999996 -0.0998023707 -0.07911446184 -0.0468839232 0.027204331680000002 -0.005490837 0.006883108200000001 0.02336344398 0.2905974891 -0.018602739899999998 -0.02657403216 0.9016288930799999 1.0738169544599998 1.17556068006 1.00193987448 -0.08250259158 0.0020128572 -0.03329875602 -0.00045086922 0.05456057202 0.08904923424 0.04092252012 -0.0051387219 0.00347986854 -0.007120549800000001 -0.02722780602 -0.15125596542 -0.014502825 0.05297672862 1.26487730592 -1.53711003636 0.084473806612086 0.052509561581728516 -0.011617501237690557 0.03047077095537452 0.31711671623645077 -0.06223286175442602 -0.013494192881074427 0.056841551664399595 -0.03696000136857655 0.02810938668653655 0.042266947881758755 -0.01229400161804522 -0.04130273586905325 -0.0011468671154012532 0.014454425479777835 -0.06942326491479565 0.24401527895952677 -0.1169374680997053 0.0005093649922670383 0.03673118506345659 0.06923623245669759 -0.029553118086493434 0.038373887163517785 -0.004916963940977753
-0.0123402177 0.01029552174 0.012752232839999999 0.01184671692 0.00367791642 0.05172611292 -0.00051373728 0.01722099168 -0.07932060432 0.01783213398 0.05181974046 0.22581451655999998 -0.028667835359999998 -0.0946892817 0.13016359638 0.57643994034 0.8147862468 -5.519459235779999 -0.019936729979999998 -0.037453714199999995 0.15739221186 -0.007238191319999999 0.00026361414 -0.10116118422 -0.0037693854000000002 -0.00469136034 0.04942643706 0.0031452917400000002 -0.01969470144 -0.07627136849999999 -0.02131470072 0.00563087358 0.05372089218000001 -0.011701553759999999 -0.059134560659999995 -0.15565565033999998 0.028243138679999998 -0.0366847272 0.07989154344 -0.01688587524 -0.030423554099999996 -0.06074376714 0.99474242598 0.052015629779999996 0.92619708336 -0.00600430446 0.00653126292 -0.029705563079999997 -0.03984216084 0.00674199234 -0.03119065236 0.00911478942 1.16411113818 0.9823404195000001 0.0201069864 -0.00622285866 -0.11187978372 0.01854283986 0.00646299846 0.15460497126 0.00291729384 0.01094632758 0.018267353639999998 -0.017772773579999998 -0.01059367284 -0.01490566626 -1.48316654268 0.01288066716 1.10542393908 -0.00481979466 -1.6913129758199998 1.38236664744 0.005524620459096322 0.04608599149956091 0.14553154741169597 -0.005862074766473235 0.040675978163724674 0.022478913814984732 0.04901046284969409 0.032036272423795246 0.12836753893789762 -0.025704626805075837 0.06746579116716943 0.01120921336107651 -0.12745306960021818 0.05009803669646425 0.13313089749839482 0.09858361483928318 -0.39867600003340875 0.3346325049080335 -0.019086463378206214 0.022622570660460042 0.10563672821658082 0.05425413668024312 -0.04798695756835751 0.027632652889086617
0.9652883351399999 0.026331463979999997 1.0580699894399999 0.07425527346 0.02076615666 -0.01362294198 0.050694051420000004 0.0034580131199999998 0.0260160444 0.13693203108 -0.0067476585600000005 -0.01461965706 1.11680683542 -1.2632135958 -0.007238191319999999 0.08048244924 0.06015960684 -0.019936729979999998 -6.78867983424 1.05785575236 -1.46472218712 0.06380811288 0.07588255787999999 -0.04619156508 1.02470323878 -1.19793901122 -0.04397607306 0.08213563638 0.08885037689999999 -0.00506020428 0.0007136738999999999 -0.015085636199999999 -0.0345248181 0.10800894599999998 0.016239926159999998 0.03338914572 1.0694153808 1.17556068006 0.0201069864 -0.0170431803 0.0020128572 0.01854283986 0.19785064158000001 0.06726261834 0.0178310547 -0.01495099602 0.03922832034 0.02371286088 0.95657989464 0.00753364422 1.1370268764 0.069802434 0.02861252226 -0.027391316939999997 -0.09484038090000001 -0.10111342608 -0.059697675 -0.013822338960000001 0.02821453776 -0.04711300038 0.04696918632 -0.03878824392 0.02994651234 0.0745445205 -0.08715239964 -0.0190735758 0.08289140219999999 0.00347447214 0.016577740799999997 0.07299656316 -0.051688338119999996 -0.01975163346 0.07143923604825253 0.02228591223588355 -0.01580981388888841 -0.022310584602696484 -0.07963404330274873 -0.04882263450879562 -0.002963867548753829 0.031029480681267426 0.011456732912006275 0.04027724088071563 0.02427959865092875 -0.09868111048233429 0.21125236553895058 -0.004033931973914818 -0.19268004244981393 0.13731405749738787 0.11422907892988542 -0.08124093067679115 0.09382065422018616 0.005109965520078936 -0.04400197238666835 0.1288379056729442 -0.057536357349163854 -0.09511873906766669
0.0051845913 -0.09723476358 -0.02640377574 0.06448185342 0.033128769419999995 -0.01372115646 -0.02877171606 0.0029464344 -0.07546946346 0.0016944695999999999 -0.10770458903999999 -0.03449810592 -1.3238653543199999 1.0684688522399999 0.00026361414 0.07576734474 0.1923061104 -0.037453714199999995 1.05785575236 -5.93642800116 -0.39260887613999995 0.07588255787999999 0.07128158724 -0.0866675331 -1.2629764240199999 1.0320477391799998 0.0355987017 0.09043314102 0.17225092944 -0.0173993427 -0.0531491436 0.03876692814 0.00123145848 0.07521799122 0.0441358065 0.01893758652 1.29851900316 1.00193987448 -0.00622285866 0.01026233388 -0.03329875602 0.00646299846 0.045289826639999996 -0.03702362112 -0.03465676008 -0.07383381462 -0.0059719260599999996 -0.08143086654 -0.03202925292 -0.11651610077999999 0.01231026768 0.04434059988 0.04347987408 -0.05045391162 -0.10111342608 0.9485988888599999 1.27196844534 0.02821453776 0.29851751556 -0.02794876506 -0.043866526139999994 0.1025747712 -0.03910825044 0.0045300079799999995 0.030199603499999998 0.1096845282 0.0037553547600000002 0.11511897282 0.01047414258 -0.07806729042 0.006808637879999999 0.0663541344 -0.029354545327789333 0.08719453196531235 -0.01401111875994543 -0.052282337042209394 -0.017132173161781665 -0.02388802431312347 0.035089676787596016 0.186639291994647 0.01031901844880982 -0.004107153191553204 0.0841367502461093 0.04419497396576954 0.05295724565696321 0.11984681767663057 -0.10790976949457248 0.03021966993184288 0.28547639550586307 -0.21121933640273324 0.007791294674684642 0.2992837682689017 -0.2887828906001965 0.06306336545666143 0.16106240437903813 -0.004274288579640827
1.22611550436 0.013390626959999999 0.96724237158 -0.04993747614 -0.03627244224 -0.026453422619999997 0.05609773656 -0.06705377766 0.10012696416 0.03141541242 -0.01900666044 -0.0657969561 -0.05829649974 0.022240453139999998 -0.10116118422 -0.00557825868 0.002037141 0.15739221186 -1.46472218712 -0.39260887613999995 -4.7934138189599995 -0.04619156508 -0.0866675331 0.15257889288 -0.01923735654 0.05154533352 -0.12216073518000001 -0.026719465139999996 -0.00846236466 0.1515767814 0.060696009 -0.0092845062 -0.026357906339999997 0.01267992108 0.028040773680000002 0.0336775833 -0.07052932908 -0.08250259158 -0.11187978372 -0.009329026499999999 -0.00045086922 0.15460497126 -0.050273132219999996 -0.02141075664 -0.05775524082 0.02150411436 -0.01358058024 0.0880098876 1.21754197386 0.027460121039999997 0.9850998686399999 -0.08017458461999999 -0.052894163699999996 -0.01136292966 -0.059697675 1.27196844534 1.0272762423 -0.04711300038 -0.02794876506 -0.03911769414 0.02048176638 -0.05638806288 0.02333376378 -0.04037289678 0.04748643126 0.0497521098 0.023240945699999998 -0.02873556018 0.03657302172 -0.0110437326 0.026982539639999997 0.06001795133999999 -0.1770604445502252 -0.1522567570752217 0.1326633163531497 -0.07444767303382974 0.0377423541613867 0.16190206073347832 -0.01964358133849829 0.028142415822753862 -0.013145596214491673 -0.09358945026666494 0.086947808297183 0.08745160210984713 -0.18020895690867586 0.021111587163867903 0.24134270451572565 -0.017910546540589732 -0.3199958222669601 0.3059369505389896 0.016785964143600163 -0.3407874645450603 0.3532840183358117 -0.08486856448109295 0.02094922707258278 0.18979576318110178
0.07425527346 0.02076615666 -0.01362294198 0.9652883351399999 0.026331463979999997 1.0580699894399999 0.13693203108 -0.0067476585600000005 -0.01461965706 0.050694051420000004 0.0034580131199999998 0.0260160444 0.08048244924 0.06015960684 -0.019936729979999998 1.11680683542 -1.2632135958 -0.007238191319999999 0.06380811288 0.07588255787999999 -0.04619156508 -6.78867983424 1.05785575236 -1.46472218712 0.08213563638 0.08885037689999999 -0.00506020428 1.02470323878 -1.19793901122 -0.04397607306 0.10800894599999998 0.016239926159999998 0.03338914572 0.0007136738999999999 -0.015085636199999999 -0.0345248181 -0.0170431803 0.0020128572 0.01854283986 1.0694153808 1.17556068006 0.0201069864 -0.01495099602 0.03922832034 0.02371286088 0.19785064158000001 0.06726261834 0.0178310547 0.069802434 0.02861252226 -0.027391316939999997 0.95657989464 0.00753364422 1.1370268764 -0.013822338960000001 0.02821453776 -0.04711300038 -0.09484038090000001 -0.10111342608 -0.059697675 0.0745445205 -0.08715239964 -0.0190735758 0.04696918632 -0.03878824392 0.02994651234 0.07299656316 -0.051688338119999996 -0.01975163346 0.08289140219999999 0.00347447214 0.016577740799999997 -0.022310584602696484 -0.07963404330274873 -0.04882263450879562 0.07143923604825253 0.02228591223588355 -0.01580981388888841 0.04027724088071563 0.02427959865092875 -0.09868111048233429 -0.002963867548753829 0.031029480681267426 0.011456732912006275 0.13731405749738787 0.11422907892988542 -0.08124093067679115 0.21125236553895058 -0.004033931973914818 -0.19268004244981393 0.1288379056729442 -0.057536357349163854 -0.09511873906766669 0.09382065422018616 0.005109965520078936 -0.04400197238666835
0.06448185342 0.033128769419999995 -0.01372115646 0.0051845913 -0.09723476358 -0.02640377574 0.0016944695999999999 -0.10770458903999999 -0.03449810592 -0.02877171606 0.0029464344 -0.07546946346 0.07576734474 0.1923061104 -0.037453714199999995 -1.3238653543199999 1.0684688522399999 0.00026361414 0.07588255787999999 0.07128158724 -0.0866675331 1.05785575236 -5.93642800116 -0.39260887613999995 0.09043314102 0.17225092944 -0.0173993427 -1.2629764240199999 1.0320477391799998 0.0355987017 0.07521799122 0.0441358065 0.01893758652 -0.0531491436 0.03876692814 0.00123145848 0.01026233388 -0.03329875602 0.00646299846 1.29851900316 1.00193987448 -0.00622285866 -0.07383381462 -0.0059719260599999996 -0.08143086654 0.045289826639999996 -0.03702362112 -0.03465676008 0.04434059988 0.04347987408 -0.05045391162 -0.03202925292 -0.11651610077999999 0.01231026768 0.02821453776 0.29851751556 -0.02794876506 -0.10111342608 0.9485988888599999 1.27196844534 0.0045300079799999995 0.030199603499999998 0.1096845282 -0.043866526139999994 0.1025747712 -0.03910825044 -0.07806729042 0.006808637879999999 0.0663541344 0.0037553547600000002 0.11511897282 0.01047414258 -0.052282337042209394 -0.017132173161781665 -0.02388802431312347 -0.029354545327789333 0.08719453196531235 -0.01401111875994543 -0.004107153191553204 0.0841367502461093 0.04419497396576954 0.035089676787596016 0.186639291994647 0.01031901844880982 0.03021966993184288 0.28547639550586307 -0.21121933640273324 0.05295724565696321 0.11984681767663057 -0.10790976949457248 0.06306336545666143 0.16106240437903813 -0.004274288579640827 0.007791294674684642 0.2992837682689017 -0.2887828906001965
