1.876054 1.899031 -3.689290
0.043269 -5.980928 -1.962257
-7.763698 2.033149 -1.907277
-7.720429 -3.947779 -3.869534
-5.887644 3.932180 -5.596567
1.919323 -4.081897 -5.651547
32 2
direct
0.125000 0.187500 0.062500 Ni
0.625000 0.687500 0.562500 Ni
0.125000 0.937500 0.312500 Ni
0.625000 0.437500 0.812500 Ni
0.250000 0.625000 0.875000 Ni
0.750000 0.125000 0.375000 Ni
0.250000 0.375000 0.125000 Ni
0.750000 0.875000 0.625000 Ni
0.250000 0.125000 0.375000 Ni
0.750000 0.625000 0.875000 Ni
0.250000 0.875000 0.625000 Ni
0.750000 0.375000 0.125000 Ni
0.875000 0.562500 0.187500 Ni
0.375000 0.062500 0.687500 Ni
0.875000 0.312500 0.437500 Ni
0.375000 0.812500 0.937500 Ni
0.375000 0.562500 0.187500 Ni
0.875000 0.062500 0.687500 Ni
0.375000 0.312500 0.437500 Ni
0.875000 0.812500 0.937500 Ni
0.500000 0.750000 0.250000 Ni
0.000000 0.250000 0.750000 Ni
0.000000 0.000000 0.000000 Ni
0.500000 0.500000 0.500000 Ni
0.625000 0.187500 0.062500 Al
0.125000 0.687500 0.562500 Al
0.625000 0.937500 0.312500 Al
0.125000 0.437500 0.812500 Al
0.500000 0.250000 0.750000 Al
0.000000 0.750000 0.250000 Al
0.500000 0.000000 1.000000 Al
0.000000 0.500000 0.500000 Al
-2.1690550426999997 0.0010793091 0.3313760649 0.1239667787 0.019732751799999997 -0.097026308 -0.0644175571 0.086608833 0.0038242404 0.05291959919999999 0.045676666299999995 -0.006291568 0.0370551053 -0.0198495449 0.0191570029 0.0990258763 -0.011263197899999999 0.014399004599999998 0.18945131999999998 -0.013712918499999999 0.1409193852 0.050984003 0.035722842299999995 -0.023848094599999998 0.076332214 0.0352292594 0.0537500627 -0.0076930852 0.0106827538 0.008351586999999999 -0.0131019556 -0.0088803839 0.0079976863 -0.0376337887 -0.1208861406 -0.0231444015 0.0596325614 0.023880374099999997 0.033908734399999994 0.2272429848 -0.035924148999999996 -0.2719594827 0.08904564179999999 -0.022014619 -0.0588461154 0.1070523207 0.0404638205 -0.0603315593 0.0257443685 -0.0263588528 -0.0113934897 0.1010160542 -0.06596638619999999 0.028100185099999998 0.0816900241 -0.0170993315 0.0497251025 0.0213449661 -0.0261487426 0.0237500823 0.0024931512 0.033475015299999994 0.0331058552 0.0839918459 0.0246885354 -0.0871587583 0.08179331849999999 -0.0162847143 -0.0346787472 0.12055865040000001 0.0475336179 -0.0380645733 0.09126706425504742 0.04836778748835716 0.03927761208339157 0.05430547112087003 -0.034873196665882525 0.0006251659397277478 0.0635281610121051 0.06409363574180155 -0.05136707182172956 0.0445674471163648 -0.018052213679064004 0.04139824180510333 0.10201745118168339 0.012549082055578947 0.009070278334955158 0.07858427388899837 -0.004278665935043121 0.04671911626729283 0.14646432205378498 0.08769434636397438 -0.06148711957043507 -0.007637291352803905 -0.030120184581790724 -0.0030319155281895035
0.0010793091 -1.7310169456 0.5487485655 0.019732751799999997 0.0699203315 -0.11375882699999999 0.08106086729999999 -0.074019828 -0.0132469199 0.0668942751 0.0952908447 0.021168896099999997 -0.0164824996 0.0354264578 -0.0374876506 0.0145017121 -0.0297018352 0.0171656512 -0.031489532599999995 0.0202762212 -0.0092272418 0.0360456373 0.023099210199999998 -0.006513416199999999 -0.07269930299999999 0.0042245061999999995 -0.0427603602 0.0081684742 0.1530394571 -0.017218472199999998 -0.06099006109999999 -0.0018094127 0.020329042199999998 -0.2083160467 -0.1187374997 0.0074747584 0.06972372 0.1388969278 -0.1393224303 0.0051300929 -0.061548203 0.047371633499999996 -0.0173880863 0.176750804 0.0675392782 -0.027361278 0.1840759029 -0.104884899 -0.04761167559999999 0.0706739111 -0.0034621231 -0.0119745207 0.0406340215 0.017565917 0.001848735 0.0331533941 0.013673009299999999 -0.023508866399999998 0.012894193 -0.0017319419 0.0499457769 0.2057190142 0.0028206413999999997 0.0517716228 0.0182414389 -0.0795126251 -0.0162847143 0.16103244819999998 -0.0515527091 0.0475336179 0.019291403000000002 -0.0241327411 0.05870869271417846 0.024601135302297322 0.03309360272414956 -0.04705298910206787 0.04406285742090027 -0.008304639080953767 -0.015577416111166573 0.12341595409510171 -0.010666421291191948 -0.060799078889474355 0.13917841295736527 -0.038498840763183294 -0.024790953350196834 -0.03345334174993816 0.007388180036273307 -0.04652691057099207 0.08826897374587564 -0.04196769594880187 0.16047703257933124 0.15025192830097067 -0.03717170619348754 -0.02022139225160121 -0.025629415880436403 0.011196479236269834
0.3313760649 0.5487485655 -2.5732847653 -0.097026308 -0.11375882699999999 0.13835521909999998 0.0234630882 -0.027716939399999998 0.1296233209 -0.0239067846 0.0135110249 0.12807977389999997 0.0648718177 -0.0529489442 0.0646957477 0.0218784582 0.0169631707 -0.0225633705 0.1293322185 -0.04594018439999999 0.18835499079999998 -0.0276858337 0.004800842 0.0243944985 -0.07819503459999999 -0.1355809428 -0.0053308127 0.0352368891 -0.0011831904 0.0126019168 -0.0236473748 0.06291626689999999 0.0629949115 -0.052524028599999995 -0.03528031969999999 0.1534925439 -0.0167589295 -0.0929438316 0.2590805491 -0.2801003726 0.067581535 0.1981937824 0.0442628242 0.041600645799999995 0.17234318499999998 0.017924512899999998 -0.06913799379999999 0.2152578999 -0.0620007029 -0.0277668259 0.0517264315 -0.0016767733 0.0061982509 0.08850099859999999 -0.044279257399999994 0.029548067399999996 0.027455768899999997 0.0175559397 0.0052515812 0.025328843299999997 0.0383269176 -0.0672828029 0.027324303299999998 -0.0563999162 -0.0830246347 0.0047216105 -0.0346787472 -0.0515527091 0.038430212 -0.0380645733 -0.0241327411 0.06543876309999999 0.024623420020709007 -0.015994856639985417 0.07320291233397715 0.011861837257418654 0.002788375391261826 -0.03525919982408489 -0.044514122968736844 0.015244339159191954 0.13984138333011284 0.013502947591879018 -0.024767872748984735 0.10468684209428283 0.01861410693615858 -0.023959653765161022 -0.021252458419541757 0.033689718941662075 0.015393169242869981 0.07434182062137423 -0.0071541904929506355 -0.016336290361364417 0.07845494293393057 -0.0314389623820821 -0.016585003736494807 0.03441039081743989
0.1239667787 0.019732751799999997 -0.097026308 -2.1690550426999997 0.0010793091 0.3313760649 0.05291959919999999 0.045676666299999995 -0.006291568 -0.0644175571 0.086608833 0.0038242404 0.0990258763 -0.011263197899999999 0.014399004599999998 0.0370551053 -0.0198495449 0.0191570029 0.050984003 0.035722842299999995 -0.023848094599999998 0.18945131999999998 -0.013712918499999999 0.1409193852 -0.0076930852 0.0106827538 0.008351586999999999 0.076332214 0.0352292594 0.0537500627 -0.0376337887 -0.1208861406 -0.0231444015 -0.0131019556 -0.0088803839 0.0079976863 0.2272429848 -0.035924148999999996 -0.2719594827 0.0596325614 0.023880374099999997 0.033908734399999994 0.1070523207 0.0404638205 -0.0603315593 0.08904564179999999 -0.022014619 -0.0588461154 0.1010160542 -0.06596638619999999 0.028100185099999998 0.0257443685 -0.0263588528 -0.0113934897 0.0213449661 -0.0261487426 0.0237500823 0.0816900241 -0.0170993315 0.0497251025 0.0839918459 0.0246885354 -0.0871587583 0.0024931512 0.033475015299999994 0.0331058552 0.12055865040000001 0.0475336179 -0.0380645733 0.08179331849999999 -0.0162847143 -0.0346787472 0.05430547112087003 -0.034873196665882525 0.0006251659397277478 0.09126706425504742 0.04836778748835716 0.03927761208339157 0.0445674471163648 -0.018052213679064004 0.04139824180510333 0.0635281610121051 0.06409363574180155 -0.05136707182172956 0.07858427388899837 -0.004278665935043121 0.04671911626729283 0.10201745118168339 0.012549082055578947 0.009070278334955158 -0.007637291352803905 -0.030120184581790724 -0.0030319155281895035 0.14646432205378498 0.08769434636397438 -0.06148711957043507
0.019732751799999997 0.0699203315 -0.11375882699999999 0.0010793091 -1.7310169456 0.5487485655 0.0668942751 0.0952908447 0.021168896099999997 0.08106086729999999 -0.074019828 -0.0132469199 0.0145017121 -0.0297018352 0.0171656512 -0.0164824996 0.0354264578 -0.0374876506 0.0360456373 0.023099210199999998 -0.006513416199999999 -0.031489532599999995 0.0202762212 -0.0092272418 0.0081684742 0.1530394571 -0.017218472199999998 -0.07269930299999999 0.0042245061999999995 -0.0427603602 -0.2083160467 -0.1187374997 0.0074747584 -0.06099006109999999 -0.0018094127 0.020329042199999998 0.0051300929 -0.061548203 0.047371633499999996 0.06972372 0.1388969278 -0.1393224303 -0.027361278 0.1840759029 -0.104884899 -0.0173880863 0.176750804 0.0675392782 -0.0119745207 0.0406340215 0.017565917 -0.04761167559999999 0.0706739111 -0.0034621231 -0.023508866399999998 0.012894193 -0.0017319419 0.001848735 0.0331533941 0.013673009299999999 0.0517716228 0.0182414389 -0.0795126251 0.0499457769 0.2057190142 0.0028206413999999997 0.0475336179 0.019291403000000002 -0.0241327411 -0.0162847143 0.16103244819999998 -0.0515527091 -0.04705298910206787 0.04406285742090027 -0.008304639080953767 0.05870869271417846 0.024601135302297322 0.03309360272414956 -0.060799078889474355 0.13917841295736527 -0.038498840763183294 -0.015577416111166573 0.12341595409510171 -0.010666421291191948 -0.04652691057099207 0.08826897374587564 -0.04196769594880187 -0.024790953350196834 -0.03345334174993816 0.007388180036273307 -0.02022139225160121 -0.025629415880436403 0.011196479236269834 0.16047703257933124 0.15025192830097067 -0.03717170619348754
-0.097026308 -0.11375882699999999 0.13835521909999998 0.3313760649 0.5487485655 -2.5732847653 -0.0239067846 0.0135110249 0.12807977389999997 0.0234630882 -0.027716939399999998 0.1296233209 0.0218784582 0.0169631707 -0.0225633705 0.0648718177 -0.0529489442 0.0646957477 -0.0276858337 0.004800842 0.0243944985 0.1293322185 -0.04594018439999999 0.18835499079999998 0.0352368891 -0.0011831904 0.0126019168 -0.07819503459999999 -0.1355809428 -0.0053308127 -0.052524028599999995 -0.03528031969999999 0.1534925439 -0.0236473748 0.06291626689999999 0.0629949115 -0.2801003726 0.067581535 0.1981937824 -0.0167589295 -0.0929438316 0.2590805491 0.017924512899999998 -0.06913799379999999 0.2152578999 0.0442628242 0.041600645799999995 0.17234318499999998 -0.0016767733 0.0061982509 0.08850099859999999 -0.0620007029 -0.0277668259 0.0517264315 0.0175559397 0.0052515812 0.025328843299999997 -0.044279257399999994 0.029548067399999996 0.027455768899999997 -0.0563999162 -0.0830246347 0.0047216105 0.0383269176 -0.0672828029 0.027324303299999998 -0.0380645733 -0.0241327411 0.06543876309999999 -0.0346787472 -0.0515527091 0.038430212 0.011861837257418654 0.002788375391261826 -0.03525919982408489 0.024623420020709007 -0.015994856639985417 0.07320291233397715 0.013502947591879018 -0.024767872748984735 0.10468684209428283 -0.044514122968736844 0.015244339159191954 0.13984138333011284 0.033689718941662075 0.015393169242869981 0.07434182062137423 0.01861410693615858 -0.023959653765161022 -0.021252458419541757 -0.0314389623820821 -0.016585003736494807 0.03441039081743989 -0.0071541904929506355 -0.016336290361364417 0.07845494293393057
-0.0644175571 0.08106086729999999 0.0234630882 0.05291959919999999 0.0668942751 -0.0239067846 -2.0984345395 -0.1004080258 0.29988301089999997 0.085634579 -0.0323000415 -0.07641085859999999 0.028370159099999997 -0.0281899808 -0.0125802015 0.06741485539999999 -0.0677358897 -0.142552141 0.0235552315 0.0186170549 0.008052268 0.2065758882 0.0468715947 -0.026216823 0.0870683757 -0.031165563799999997 -0.0219036949 0.0790155208 0.0100489018 -0.0464965656 0.0024145066 0.0299811996 -0.07233014289999999 -0.0096803286 0.056633502399999994 0.0039410335 0.0543017487 0.0187655406 -0.0790237374 0.10400454899999999 -0.004495654 -0.0136319263 0.2472421892 0.015681967999999998 -0.0024174411 0.2030961581 -0.0028799183 -0.0924555308 -0.0720402143 -0.10544949679999999 0.1544691455 0.2254998918 0.07197037319999999 -0.1411347775 0.0199088218 0.010072964700000001 0.0375880105 0.0323886634 -0.022884404799999997 0.028990512399999998 0.0280250619 -0.1370346941 0.0111822057 -0.054857543 -0.0225979976 -0.037725932 0.0839918459 0.0517716228 -0.0563999162 0.0024931512 0.0499457769 0.0383269176 0.07112088292808563 0.04078382028318121 -0.04567889744714749 0.042014255092626275 0.05689845728462943 0.07842310762191389 0.07621970608895873 0.09532805624417641 0.05491551528738985 0.059469158729977135 -0.027521229297028202 0.022056697989363383 0.07172774356340379 0.047882298980102635 -0.03136454734024309 0.12623417509137919 -0.0539115091346635 0.11702342344215037 0.07128961008177409 0.0003569534359871354 0.008431582387620318 0.12967278673058188 -0.031099916309104355 0.0518119703071628
0.086608833 -0.074019828 -0.027716939399999998 0.045676666299999995 0.0952908447 0.0135110249 -0.1004080258 -2.054020882 0.44394759319999993 -0.0323000415 0.088393009 -0.0733220039 -0.0582586285 -0.03834687219999999 0.0472448631 0.015582195 0.0321873567 -0.027892422499999996 -0.0097889051 0.0641786888 0.012813787699999999 0.0008433752999999999 -0.0024784787 -0.0093405135 -0.020670617999999998 0.14408805830000002 0.0200508516 0.0246122384 0.0341241267 0.0024244839 0.0107150333 0.045103265 -0.013755762199999999 0.0132962195 0.1873936486 -0.045361501 -0.030298712499999998 0.0367587208 -0.042873631899999994 -0.0188946586 0.06609198279999999 0.022836279 0.0372024172 0.1832648071 -0.0677094792 0.0364576411 0.2053381161 0.051676545 0.18189146109999998 0.1809753102 -0.2102170158 -0.066284486 0.09249778759999999 0.1570878933 0.0078791325 0.028266864699999998 0.0213473137 -0.041831297499999996 0.0286501104 0.022729463199999998 -0.1370346941 -0.0645220253 -0.0334221943 -0.0225979976 -0.0197703134 0.0014613809999999999 0.0246885354 0.0182414389 -0.0830246347 0.033475015299999994 0.2057190142 -0.0672828029 0.01729015589766449 0.09797197890716251 -0.037137881174469804 -0.040445968034404096 0.05056362813470835 -0.03501764939415825 0.07601715391625254 0.07987718549827619 0.01173051659534981 -0.03914469965572189 0.04097443421388114 0.01651178251885642 0.04329323875289679 0.07171103002459502 -0.0011918344936248278 -0.021428746459834173 0.06171712969975565 0.01256221412178583 0.042761191100817865 -0.006743912909335545 -0.01832758912800837 -0.03941888128046563 0.004939646600789645 -0.024241396276508727
0.0038242404 -0.0132469199 0.1296233209 -0.006291568 0.021168896099999997 0.12807977389999997 0.29988301089999997 0.44394759319999993 -2.4724964282999995 -0.07641085859999999 -0.0733220039 0.1341342343 0.1974249434 0.020660640699999996 0.0848152666 0.0170887673 0.0463457323 0.11892413389999999 0.0504763345 0.0055679203 0.0562672768 0.045393780499999994 0.0083950176 -0.038198973399999996 0.022089742199999998 -0.057658229799999995 0.031393281 -0.046935566799999995 -0.0075264056 0.025192682499999997 -0.0671337303 -0.002470849 0.0365855853 0.008646797699999998 -0.0252713271 0.0087583087 -0.0791370091 -0.033192716399999996 0.013386602099999999 -0.011622967599999999 0.0332514064 0.10327033709999998 -0.00011503239999999999 -0.046880985099999994 0.21664591839999997 -0.0613774151 0.054064054199999996 0.1124453448 -0.15133099120000001 -0.21461465749999997 0.28006281099999997 -0.213355757 0.0466069028 0.20946695759999998 0.0119322639 -0.0248827993 0.010892864 -0.0165822726 0.017915122500000002 0.0529900272 0.0111822057 -0.0334221943 0.1871453899 -0.037725932 0.0014613809999999999 0.0651054039 -0.0871587583 -0.0795126251 0.0047216105 0.0331058552 0.0028206413999999997 0.027324303299999998 -0.032383277324777165 -0.07115192235730192 0.14087563302925507 0.042427318266042825 -0.027957373071656855 0.0653690379294702 0.06579921258309572 0.03682111981990374 0.056220763080074135 -0.028676851123234044 -0.002510214352515998 -0.03493328581731403 -0.0058485447588661425 0.030346215297109222 0.02950257952866694 0.18599860634031112 -0.013738926842202731 0.1660135912804338 -0.0029041763387225353 0.001189446845223576 -0.013549108794303218 -0.013957396670917265 -0.032462069722018476 0.029507354825469442
0.05291959919999999 0.0668942751 -0.0239067846 -0.0644175571 0.08106086729999999 0.0234630882 0.085634579 -0.0323000415 -0.07641085859999999 -2.0984345395 -0.1004080258 0.29988301089999997 0.06741485539999999 -0.0677358897 -0.142552141 0.028370159099999997 -0.0281899808 -0.0125802015 0.2065758882 0.0468715947 -0.026216823 0.0235552315 0.0186170549 0.008052268 0.0790155208 0.0100489018 -0.0464965656 0.0870683757 -0.031165563799999997 -0.0219036949 -0.0096803286 0.056633502399999994 0.0039410335 0.0024145066 0.0299811996 -0.07233014289999999 0.10400454899999999 -0.004495654 -0.0136319263 0.0543017487 0.0187655406 -0.0790237374 0.2030961581 -0.0028799183 -0.0924555308 0.2472421892 0.015681967999999998 -0.0024174411 0.2254998918 0.07197037319999999 -0.1411347775 -0.0720402143 -0.10544949679999999 0.1544691455 0.0323886634 -0.022884404799999997 0.028990512399999998 0.0199088218 0.010072964700000001 0.0375880105 -0.054857543 -0.0225979976 -0.037725932 0.0280250619 -0.1370346941 0.0111822057 0.0024931512 0.0499457769 0.0383269176 0.0839918459 0.0517716228 -0.0563999162 0.042014255092626275 0.05689845728462943 0.07842310762191389 0.07112088292808563 0.04078382028318121 -0.04567889744714749 0.059469158729977135 -0.027521229297028202 0.022056697989363383 0.07621970608895873 0.09532805624417641 0.05491551528738985 0.12623417509137919 -0.0539115091346635 0.11702342344215037 0.07172774356340379 0.047882298980102635 -0.03136454734024309 0.12967278673058188 -0.031099916309104355 0.0518119703071628 0.07128961008177409 0.0003569534359871354 0.008431582387620318
0.045676666299999995 0.0952908447 0.0135110249 0.086608833 -0.074019828 -0.027716939399999998 -0.0323000415 0.088393009 -0.0733220039 -0.1004080258 -2.054020882 0.44394759319999993 0.015582195 0.0321873567 -0.027892422499999996 -0.0582586285 -0.03834687219999999 0.0472448631 0.0008433752999999999 -0.0024784787 -0.0093405135 -0.0097889051 0.0641786888 0.012813787699999999 0.0246122384 0.0341241267 0.0024244839 -0.020670617999999998 0.14408805830000002 0.0200508516 0.0132962195 0.1873936486 -0.045361501 0.0107150333 0.045103265 -0.013755762199999999 -0.0188946586 0.06609198279999999 0.022836279 -0.030298712499999998 0.0367587208 -0.042873631899999994 0.0364576411 0.2053381161 0.051676545 0.0372024172 0.1832648071 -0.0677094792 -0.066284486 0.09249778759999999 0.1570878933 0.18189146109999998 0.1809753102 -0.2102170158 -0.041831297499999996 0.0286501104 0.022729463199999998 0.0078791325 0.028266864699999998 0.0213473137 -0.0225979976 -0.0197703134 0.0014613809999999999 -0.1370346941 -0.0645220253 -0.0334221943 0.033475015299999994 0.2057190142 -0.0672828029 0.0246885354 0.0182414389 -0.0830246347 -0.040445968034404096 0.05056362813470835 -0.03501764939415825 0.01729015589766449 0.09797197890716251 -0.037137881174469804 -0.03914469965572189 0.04097443421388114 0.01651178251885642 0.07601715391625254 0.07987718549827619 0.01173051659534981 -0.021428746459834173 0.06171712969975565 0.01256221412178583 0.04329323875289679 0.07171103002459502 -0.0011918344936248278 -0.03941888128046563 0.004939646600789645 -0.024241396276508727 0.042761191100817865 -0.006743912909335545 -0.01832758912800837
-0.006291568 0.021168896099999997 0.12807977389999997 0.0038242404 -0.0132469199 0.1296233209 -0.07641085859999999 -0.0733220039 0.1341342343 0.29988301089999997 0.44394759319999993 -2.4724964282999995 0.0170887673 0.0463457323 0.11892413389999999 0.1974249434 0.020660640699999996 0.0848152666 0.045393780499999994 0.0083950176 -0.038198973399999996 0.0504763345 0.0055679203 0.0562672768 -0.046935566799999995 -0.0075264056 0.025192682499999997 0.022089742199999998 -0.057658229799999995 0.031393281 0.008646797699999998 -0.0252713271 0.0087583087 -0.0671337303 -0.002470849 0.0365855853 -0.011622967599999999 0.0332514064 0.10327033709999998 -0.0791370091 -0.033192716399999996 0.013386602099999999 -0.0613774151 0.054064054199999996 0.1124453448 -0.00011503239999999999 -0.046880985099999994 0.21664591839999997 -0.213355757 0.0466069028 0.20946695759999998 -0.15133099120000001 -0.21461465749999997 0.28006281099999997 -0.0165822726 0.017915122500000002 0.0529900272 0.0119322639 -0.0248827993 0.010892864 -0.037725932 0.0014613809999999999 0.0651054039 0.0111822057 -0.0334221943 0.1871453899 0.0331058552 0.0028206413999999997 0.027324303299999998 -0.0871587583 -0.0795126251 0.0047216105 0.042427318266042825 -0.027957373071656855 0.0653690379294702 -0.032383277324777165 -0.07115192235730192 0.14087563302925507 -0.028676851123234044 -0.002510214352515998 -0.03493328581731403 0.06579921258309572 0.03682111981990374 0.056220763080074135 0.18599860634031112 -0.013738926842202731 0.1660135912804338 -0.0058485447588661425 0.030346215297109222 0.02950257952866694 -0.013957396670917265 -0.032462069722018476 0.029507354825469442 -0.0029041763387225353 0.001189446845223576 -0.013549108794303218
0.0370551053 -0.0164824996 0.0648718177 0.0990258763 0.0145017121 0.0218784582 0.028370159099999997 -0.0582586285 0.1974249434 0.06741485539999999 0.015582195 0.0170887673 -2.2384319048 -0.2508844906 0.5823192455 0.05975639730000001 0.018249068599999998 -0.0273131522 0.0787520027 -0.1574664438 -0.0162952785 -0.018455657400000002 0.027005616599999997 0.047746662599999996 -0.0408576304 -0.0284916474 -0.007650828399999999 0.0525674592 0.0190572299 0.0527400078 -0.0494486726 0.0440984922 0.0539789537 0.0367452221 0.0495783775 -0.0198342855 0.1724535222 0.039841706500000004 -0.0443901815 0.0401815216 -0.010577698699999999 0.060657875699999995 0.058085493 0.0475207061 -0.05194065 0.13380967859999998 -0.027572562 0.05848282429999999 0.0506752936 -0.0368825567 -0.0873853017 0.0109943977 0.017733770399999998 -0.026766748299999997 -0.0340472428 -0.009343447999999999 0.0072329555999999995 0.1794998436 0.18119305009999997 -0.1509025542 0.10400454899999999 -0.0188946586 -0.011622967599999999 0.0543017487 -0.030298712499999998 -0.0791370091 0.0596325614 0.06972372 -0.0167589295 0.2272429848 0.0051300929 -0.2801003726 0.03570171066111688 -0.021928560858496204 0.057490594088139856 0.12444224496623975 -0.030709535795499697 -0.07760056274768265 0.04199037860861375 0.047346271914021625 -0.012138406530563648 0.08683956823632627 -0.07094857430179531 0.09748887804730925 0.13921940092158677 0.12087231266496819 -0.05944010900776191 0.3035274153607264 -0.007527857467746534 -0.34273379593348063 0.0713914830802275 0.03245769236661618 0.061684896446338754 -0.007659974012615796 0.025215954765619646 -0.00244296225588074
-0.0198495449 0.0354264578 -0.0529489442 -0.011263197899999999 -0.0297018352 0.0169631707 -0.0281899808 -0.03834687219999999 0.020660640699999996 -0.0677358897 0.0321873567 0.0463457323 -0.2508844906 -1.9926575525 0.3604804359 0.018249068599999998 0.039679722099999995 -0.0402067583 -0.10760283289999999 0.2388988188 0.0653941587 0.0036499311 0.0054041752 0.0675175629 0.027203401899999997 0.0001778307 0.0048137538 0.0429839691 0.0108605845 0.0107889827 0.1092567171 0.0142141311 -0.0934068957 0.034822537699999996 0.07219574279999999 -0.0140644716 0.039841706500000004 -0.0088592555 -0.0014332098 -0.010577698699999999 0.045471838199999996 0.0174919676 0.0412326595 0.0322724572 -0.0020611928 -0.0219183674 0.11664461429999999 -0.0355232963 -0.011641748399999999 0.00018780799999999997 -0.1057364909 -0.0033418085999999997 0.18895832399999998 0.0078632862 0.000393223 -0.0221666261 0.007666674699999999 0.132715697 0.1868936098 -0.20598781439999997 -0.004495654 0.06609198279999999 0.0332514064 0.0187655406 0.0367587208 -0.033192716399999996 0.023880374099999997 0.1388969278 -0.0929438316 -0.035924148999999996 -0.061548203 0.067581535 0.06349234628608633 0.14297278420835452 0.04841713222198303 0.0339674820390077 0.1659383803557944 0.12959041286073872 0.01956518688265719 0.04247148976146599 0.020202291064391198 -0.0020275114340629376 0.1064672319188162 0.0030701179026095316 -0.027771136496359216 0.2497798580829489 -0.3540854723158319 0.015120181442326864 0.029119361960266033 0.002665013557197153 -0.012263758071629365 0.03195907179215477 -0.03364117009083662 -0.007717277574245839 0.04384876494758803 0.03756765788669512
0.0191570029 -0.0374876506 0.0646957477 0.014399004599999998 0.0171656512 -0.0225633705 -0.0125802015 0.0472448631 0.0848152666 -0.142552141 -0.027892422499999996 0.11892413389999999 0.5823192455 0.3604804359 -2.0149268860999996 -0.0273131522 -0.0402067583 0.1013717156 0.2195105773 -0.0446859791 -0.1333530704 0.07527579400000001 0.035255669899999995 -0.035473996699999996 -0.0187168279 -0.0362622034 0.0043624277 0.041942221599999996 0.0052932511 0.0071772000999999995 -0.0203079138 -0.0382917036 0.06836328579999999 -0.0374776733 0.0313510242 0.07246806439999999 -0.0443901815 -0.0014332098 -0.0330929434 0.060657875699999995 0.0174919676 0.0746730477 -0.032637509 -0.0027009138 0.027560823999999998 -0.0050320806 -0.024135088699999998 0.0237219111 0.0464290721 -0.0406334346 -0.0444042671 0.0013046787 0.0016397986 -0.010809524199999998 -0.0697501305 0.0143608561 0.24916311289999998 0.0105448323 0.013193512 -0.1225230047 -0.0136319263 0.022836279 0.10327033709999998 -0.0790237374 -0.042873631899999994 0.013386602099999999 0.033908734399999994 -0.1393224303 0.2590805491 -0.2719594827 0.047371633499999996 0.1981937824 0.009796521390335896 -0.0379174483774785 -0.017204996438019843 0.010968060872550086 0.06826127602618647 0.04005797516920068 -0.058530017025484785 -0.020740307837473257 0.030910098261204843 0.000419828177220098 -0.07563353840645143 0.09293881607732385 0.11301575560064933 -0.16518069992979717 0.2454984065581043 -0.37960346460420985 0.031469603869898166 0.3352043467001333 0.05047727485086307 0.011288005758317817 0.08582163413459261 -0.04200390861622085 0.06867951243780573 0.08922761457897822
0.0990258763 0.0145017121 0.0218784582 0.0370551053 -0.0164824996 0.0648718177 0.06741485539999999 0.015582195 0.0170887673 0.028370159099999997 -0.0582586285 0.1974249434 0.05975639730000001 0.018249068599999998 -0.0273131522 -2.2384319048 -0.2508844906 0.5823192455 -0.018455657400000002 0.027005616599999997 0.047746662599999996 0.0787520027 -0.1574664438 -0.0162952785 0.0525674592 0.0190572299 0.0527400078 -0.0408576304 -0.0284916474 -0.007650828399999999 0.0367452221 0.0495783775 -0.0198342855 -0.0494486726 0.0440984922 0.0539789537 0.0401815216 -0.010577698699999999 0.060657875699999995 0.1724535222 0.039841706500000004 -0.0443901815 0.13380967859999998 -0.027572562 0.05848282429999999 0.058085493 0.0475207061 -0.05194065 0.0109943977 0.017733770399999998 -0.026766748299999997 0.0506752936 -0.0368825567 -0.0873853017 0.1794998436 0.18119305009999997 -0.1509025542 -0.0340472428 -0.009343447999999999 0.0072329555999999995 0.0543017487 -0.030298712499999998 -0.0791370091 0.10400454899999999 -0.0188946586 -0.011622967599999999 0.2272429848 0.0051300929 -0.2801003726 0.0596325614 0.06972372 -0.0167589295 0.12444224496623975 -0.030709535795499697 -0.07760056274768265 0.03570171066111688 -0.021928560858496204 0.057490594088139856 0.08683956823632627 -0.07094857430179531 0.09748887804730925 0.04199037860861375 0.047346271914021625 -0.012138406530563648 0.3035274153607264 -0.007527857467746534 -0.34273379593348063 0.13921940092158677 0.12087231266496819 -0.05944010900776191 -0.007659974012615796 0.025215954765619646 -0.00244296225588074 0.0713914830802275 0.03245769236661618 0.061684896446338754
-0.011263197899999999 -0.0297018352 0.0169631707 -0.0198495449 0.0354264578 -0.0529489442 -0.0677358897 0.0321873567 0.0463457323 -0.0281899808 -0.03834687219999999 0.020660640699999996 0.018249068599999998 0.039679722099999995 -0.0402067583 -0.2508844906 -1.9926575525 0.3604804359 0.0036499311 0.0054041752 0.0675175629 -0.10760283289999999 0.2388988188 0.0653941587 0.0429839691 0.0108605845 0.0107889827 0.027203401899999997 0.0001778307 0.0048137538 0.034822537699999996 0.07219574279999999 -0.0140644716 0.1092567171 0.0142141311 -0.0934068957 -0.010577698699999999 0.045471838199999996 0.0174919676 0.039841706500000004 -0.0088592555 -0.0014332098 -0.0219183674 0.11664461429999999 -0.0355232963 0.0412326595 0.0322724572 -0.0020611928 -0.0033418085999999997 0.18895832399999998 0.0078632862 -0.011641748399999999 0.00018780799999999997 -0.1057364909 0.132715697 0.1868936098 -0.20598781439999997 0.000393223 -0.0221666261 0.007666674699999999 0.0187655406 0.0367587208 -0.033192716399999996 -0.004495654 0.06609198279999999 0.0332514064 -0.035924148999999996 -0.061548203 0.067581535 0.023880374099999997 0.1388969278 -0.0929438316 0.0339674820390077 0.1659383803557944 0.12959041286073872 0.06349234628608633 0.14297278420835452 0.04841713222198303 -0.0020275114340629376 0.1064672319188162 0.0030701179026095316 0.01956518688265719 0.04247148976146599 0.020202291064391198 0.015120181442326864 0.029119361960266033 0.002665013557197153 -0.027771136496359216 0.2497798580829489 -0.3540854723158319 -0.007717277574245839 0.04384876494758803 0.03756765788669512 -0.012263758071629365 0.03195907179215477 -0.03364117009083662
0.014399004599999998 0.0171656512 -0.0225633705 0.0191570029 -0.0374876506 0.0646957477 -0.142552141 -0.027892422499999996 0.11892413389999999 -0.0125802015 0.0472448631 0.0848152666 -0.0273131522 -0.0402067583 0.1013717156 0.5823192455 0.3604804359 -2.0149268860999996 0.07527579400000001 0.035255669899999995 -0.035473996699999996 0.2195105773 -0.0446859791 -0.1333530704 0.041942221599999996 0.0052932511 0.0071772000999999995 -0.0187168279 -0.0362622034 0.0043624277 -0.0374776733 0.0313510242 0.07246806439999999 -0.0203079138 -0.0382917036 0.06836328579999999 0.060657875699999995 0.0174919676 0.0746730477 -0.0443901815 -0.0014332098 -0.0330929434 -0.0050320806 -0.024135088699999998 0.0237219111 -0.032637509 -0.0027009138 0.027560823999999998 0.0013046787 0.0016397986 -0.010809524199999998 0.0464290721 -0.0406334346 -0.0444042671 0.0105448323 0.013193512 -0.1225230047 -0.0697501305 0.0143608561 0.24916311289999998 -0.0790237374 -0.042873631899999994 0.013386602099999999 -0.0136319263 0.022836279 0.10327033709999998 -0.2719594827 0.047371633499999996 0.1981937824 0.033908734399999994 -0.1393224303 0.2590805491 0.010968060872550086 0.06826127602618647 0.04005797516920068 0.009796521390335896 -0.0379174483774785 -0.017204996438019843 0.000419828177220098 -0.07563353840645143 0.09293881607732385 -0.058530017025484785 -0.020740307837473257 0.030910098261204843 -0.37960346460420985 0.031469603869898166 0.3352043467001333 0.11301575560064933 -0.16518069992979717 0.2454984065581043 -0.04200390861622085 0.06867951243780573 0.08922761457897822 0.05047727485086307 0.011288005758317817 0.08582163413459261
0.18945131999999998 -0.031489532599999995 0.1293322185 0.050984003 0.0360456373 -0.0276858337 0.0235552315 -0.0097889051 0.0504763345 0.2065758882 0.0008433752999999999 0.045393780499999994 0.0787520027 -0.10760283289999999 0.2195105773 -0.018455657400000002 0.0036499311 0.07527579400000001 -2.3832477191 0.2125329232 -0.0621092794 0.0131295399 0.022607388 -0.0288566992 0.1422434316 -0.0508642754 0.076819341 0.0036610821999999996 0.0279992383 0.0518966325 0.0123882852 0.0021275125 -0.0262332562 0.0739112515 0.028543294599999998 0.032662745699999995 0.1794998436 0.132715697 0.0105448323 -0.0340472428 0.000393223 -0.0697501305 0.1243101152 -0.033058903199999996 0.0245881755 -0.0451918869 -0.0454501229 0.0083844534 0.2559253747 -0.11605888810000001 0.14386444939999998 0.0541045503 0.0305827721 -0.0321368833 -0.07803070259999999 -0.087676991 0.0273213688 -0.021234042 -0.041020201699999995 0.0487520223 0.0199088218 0.0078791325 0.0119322639 0.0323886634 -0.041831297499999996 -0.0165822726 0.0213449661 -0.023508866399999998 0.0175559397 0.0816900241 0.001848735 -0.044279257399999994 0.16425866970551378 0.018090813994884238 -0.11651405844988334 -0.01214596741716761 -0.009519952117190903 -0.05817744094489994 -0.00040788993521383924 0.012699503904857806 0.006255240869879356 0.09552026194047718 0.06387675767868785 -0.028727389681060544 0.2377540689686443 0.05050433486607726 -0.22278152378579483 0.11258160153302173 -0.11836488390225365 0.09433718215765695 0.06197658749269167 -0.07614767869552097 0.05794663493277894 0.3333165126975436 0.014849183348784791 -0.4228445730336793
-0.013712918499999999 0.0202762212 -0.04594018439999999 0.035722842299999995 0.023099210199999998 0.004800842 0.0186170549 0.0641786888 0.0055679203 0.0468715947 -0.0024784787 0.0083950176 -0.1574664438 0.2388988188 -0.0446859791 0.027005616599999997 0.0054041752 0.035255669899999995 0.2125329232 -2.6094295887 0.1425902895 0.022607388 0.0036763416 -0.0338741073 -0.1089262924 0.16100251629999998 0.0684900562 -0.0064652903999999995 0.0028177069 0.0664705333 0.0164062026 -0.015015836500000001 0.0032320583 0.0389631172 0.0421893065 -0.0119017451 0.18119305009999997 0.1868936098 0.013193512 -0.009343447999999999 -0.0221666261 0.0143608561 0.0051248108 -0.007607984699999999 0.014417785399999997 -0.0097566256 0.0103229841 -0.0174555798 -0.1371503134 -0.0161127526 0.024328765699999998 0.0039445549 -0.0130767189 0.0185836016 -0.087676991 0.1552550046 0.11131028019999999 -0.041020201699999995 0.2322046374 0.0542266255 0.010072964700000001 0.028266864699999998 -0.0248827993 -0.022884404799999997 0.0286501104 0.017915122500000002 -0.0261487426 0.012894193 0.0052515812 -0.0170993315 0.0331533941 0.029548067399999996 0.06984508279901679 0.15223447235681 -0.10458377527162879 -0.029619972241728482 -0.015585374939170745 0.0005949223933118923 0.04074681173296181 0.22434304584021345 0.025418506938325834 -0.024823186603613736 0.14078211680020605 0.11409338091241428 -0.014310370692902315 0.12742640752640422 0.03085438646517563 0.02127951843475594 0.2774391730458495 -0.3187033085990825 0.10451771699919417 0.2907893111400484 -0.2562360593599336 -0.12673478537284164 0.048405989862777186 0.09847537477842642
0.1409193852 -0.0092272418 0.18835499079999998 -0.023848094599999998 -0.006513416199999999 0.0243944985 0.008052268 0.012813787699999999 0.0562672768 -0.026216823 -0.0093405135 -0.038198973399999996 -0.0162952785 0.0653941587 -0.1333530704 0.047746662599999996 0.0675175629 -0.035473996699999996 -0.0621092794 0.1425902895 -2.0211797187 -0.0288566992 -0.0338741073 0.104967065 0.2597601793 0.0635900281 -0.06022943869999999 0.0573659536 0.0449072404 -0.0221771903 -0.0096803286 -0.022725354899999998 0.028270972999999998 0.0445744681 -0.0017237252999999998 0.0488811403 -0.1509025542 -0.20598781439999997 -0.1225230047 0.0072329555999999995 0.007666674699999999 0.24916311289999998 0.0058783904 0.0094402865 -0.0174608619 -0.0084143853 -5.8689999999999995e-05 0.0653002547 0.2426731727 0.0213326412 0.29730299849999997 0.0186904174 -0.0011239135 -0.014950690599999998 0.0273213688 0.11131028019999999 0.0674260065 0.0487520223 0.0542266255 -0.0354534552 0.0375880105 0.0213473137 0.010892864 0.028990512399999998 0.022729463199999998 0.0529900272 0.0237500823 -0.0017319419 0.025328843299999997 0.0497251025 0.013673009299999999 0.027455768899999997 0.06481749114878103 0.08149879670412633 0.08952726445333531 0.0232712151428001 0.00832095467836232 0.16355550725134513 0.04031027001693295 -0.03233353464975108 -0.04778639510265236 -0.09260056588714652 0.09938108940530126 0.14611254185600056 -0.16303858137247415 -0.01020321750134911 0.21155440306170892 -0.0851156860906225 -0.2861123058633964 0.27612238495255914 -0.09172509480668753 -0.2338323564695883 0.25427301443270445 -0.2865675508252351 -0.05147610776538672 0.27257433942829906
0.050984003 0.0360456373 -0.0276858337 0.18945131999999998 -0.031489532599999995 0.1293322185 0.2065758882 0.0008433752999999999 0.045393780499999994 0.0235552315 -0.0097889051 0.0504763345 -0.018455657400000002 0.0036499311 0.07527579400000001 0.0787520027 -0.10760283289999999 0.2195105773 0.0131295399 0.022607388 -0.0288566992 -2.3832477191 0.2125329232 -0.0621092794 0.0036610821999999996 0.0279992383 0.0518966325 0.1422434316 -0.0508642754 0.076819341 0.0739112515 0.028543294599999998 0.032662745699999995 0.0123882852 0.0021275125 -0.0262332562 -0.0340472428 0.000393223 -0.0697501305 0.1794998436 0.132715697 0.0105448323 -0.0451918869 -0.0454501229 0.0083844534 0.1243101152 -0.033058903199999996 0.0245881755 0.0541045503 0.0305827721 -0.0321368833 0.2559253747 -0.11605888810000001 0.14386444939999998 -0.021234042 -0.041020201699999995 0.0487520223 -0.07803070259999999 -0.087676991 0.0273213688 0.0323886634 -0.041831297499999996 -0.0165822726 0.0199088218 0.0078791325 0.0119322639 0.0816900241 0.001848735 -0.044279257399999994 0.0213449661 -0.023508866399999998 0.0175559397 -0.01214596741716761 -0.009519952117190903 -0.05817744094489994 0.16425866970551378 0.018090813994884238 -0.11651405844988334 0.09552026194047718 0.06387675767868785 -0.028727389681060544 -0.00040788993521383924 0.012699503904857806 0.006255240869879356 0.11258160153302173 -0.11836488390225365 0.09433718215765695 0.2377540689686443 0.05050433486607726 -0.22278152378579483 0.3333165126975436 0.014849183348784791 -0.4228445730336793 0.06197658749269167 -0.07614767869552097 0.05794663493277894
0.035722842299999995 0.023099210199999998 0.004800842 -0.013712918499999999 0.0202762212 -0.04594018439999999 0.0468715947 -0.0024784787 0.0083950176 0.0186170549 0.0641786888 0.0055679203 0.027005616599999997 0.0054041752 0.035255669899999995 -0.1574664438 0.2388988188 -0.0446859791 0.022607388 0.0036763416 -0.0338741073 0.2125329232 -2.6094295887 0.1425902895 -0.0064652903999999995 0.0028177069 0.0664705333 -0.1089262924 0.16100251629999998 0.0684900562 0.0389631172 0.0421893065 -0.0119017451 0.0164062026 -0.015015836500000001 0.0032320583 -0.009343447999999999 -0.0221666261 0.0143608561 0.18119305009999997 0.1868936098 0.013193512 -0.0097566256 0.0103229841 -0.0174555798 0.0051248108 -0.007607984699999999 0.014417785399999997 0.0039445549 -0.0130767189 0.0185836016 -0.1371503134 -0.0161127526 0.024328765699999998 -0.041020201699999995 0.2322046374 0.0542266255 -0.087676991 0.1552550046 0.11131028019999999 -0.022884404799999997 0.0286501104 0.017915122500000002 0.010072964700000001 0.028266864699999998 -0.0248827993 -0.0170993315 0.0331533941 0.029548067399999996 -0.0261487426 0.012894193 0.0052515812 -0.029619972241728482 -0.015585374939170745 0.0005949223933118923 0.06984508279901679 0.15223447235681 -0.10458377527162879 -0.024823186603613736 0.14078211680020605 0.11409338091241428 0.04074681173296181 0.22434304584021345 0.025418506938325834 0.02127951843475594 0.2774391730458495 -0.3187033085990825 -0.014310370692902315 0.12742640752640422 0.03085438646517563 -0.12673478537284164 0.048405989862777186 0.09847537477842642 0.10451771699919417 0.2907893111400484 -0.2562360593599336
