1.808868 1.826821 -3.555275
0.029356 -5.700087 -1.870038
-7.451577 1.927627 -1.835181
-7.422221 -3.772460 -3.705219
-5.642709 3.754448 -5.390456
1.838224 -3.873266 -5.425313
32 2
direct
0.125000 0.187500 0.062500 Ni
0.625000 0.687500 0.562500 Ni
0.125000 0.937500 0.312500 Ni
0.625000 0.437500 0.812500 Ni
0.250000 0.625000 0.875000 Ni
0.750000 0.125000 0.375000 Ni
0.250000 0.375000 0.125000 Ni
0.750000 0.875000 0.625000 Ni
0.250000 0.125000 0.375000 Ni
0.750000 0.625000 0.875000 Ni
0.250000 0.875000 0.625000 Ni
0.750000 0.375000 0.125000 Ni
0.875000 0.562500 0.187500 Ni
0.375000 0.062500 0.687500 Ni
0.875000 0.312500 0.437500 Ni
0.375000 0.812500 0.937500 Ni
0.375000 0.562500 0.187500 Ni
0.875000 0.062500 0.687500 Ni
0.375000 0.312500 0.437500 Ni
0.875000 0.812500 0.937500 Ni
0.500000 0.750000 0.250000 Ni
0.000000 0.250000 0.750000 Ni
0.000000 0.000000 0.000000 Ni
0.500000 0.500000 0.500000 Ni
0.625000 0.187500 0.062500 Al
0.125000 0.687500 0.562500 Al
0.625000 0.937500 0.312500 Al
0.125000 0.437500 0.812500 Al
0.500000 0.250000 0.750000 Al
0.000000 0.750000 0.250000 Al
0.500000 0.000000 0.000000 Al
0.000000 0.500000 0.500000 Al
-4.7244182295999995 -0.2022011356 0.40655208589999997 0.11787534359999999 0.005825569399999999 -0.1189305898 0.2429454943 -0.25852534169999997 0.032407444199999996 0.041230311900000004 0.0292798541 -0.011199225799999999 0.06925067859999999 -0.0099326956 0.0195120774 0.11813944859999999 -0.0261199845 0.019641195400000002 0.5688604547 -0.0220257701 0.6035186603999999 0.05894588839999999 0.0314097142 -0.0329239162 0.1152313591 0.044939519899999995 0.07578757080000001 -0.0284200456 0.0204728327 -0.007518775899999999 -0.041476223 0.008885665999999999 0.014038647999999999 0.2806726001 0.2532133098 -0.012829634 0.0422110218 0.0504164707 0.0332273435 0.6129472089 -0.0403065313 -0.7780750452999999 0.533820764 -0.0472378203 -0.4905451055999999 0.10305083649999999 0.061755378699999995 -0.07166401139999999 0.0016527104 -0.0096697644 -0.0137434373 0.11659942300000001 -0.0557349585 0.0135004607 0.1022937355 -0.020340193299999997 0.053495934999999994 0.0258288821 -0.0208132347 0.060309257100000006 0.0196194801 0.0318663224 0.0211917852 0.1287335805 0.0209018566 -0.1204864617 0.4722109365 -0.014481170600000001 0.335536599 0.1019128374 0.0507116814 -0.057324283700000006 0.08154376408234991 0.04423556398859082 0.07618707489414163 0.0665879324383092 -0.01733074592048577 -0.029626339304131822 0.0569756579162699 0.07331314210183494 -0.06069720589102095 0.29701311463931124 -0.35214033475161216 0.046604509144032746 0.08000373086354254 0.003019579344783036 0.014246302127468725 0.07838132377489199 0.003959914873476014 0.03950802015411237 0.4335591452342965 0.4516014103783553 -0.046797510723133935 -0.012925136678776095 -0.0344521746644618 -0.04071219083114366
-0.2022011356 -4.7844786411 1.0775202288 0.005825569399999999 0.0846391966 -0.139570689 -0.26555346919999995 0.2242979206 -0.032342298299999996 0.07358610889999999 0.09319737239999999 0.015444860400000001 -0.0186440523 0.037518169399999995 -0.0545963725 0.018172771600000002 -0.0276993324 0.010539550200000001 -0.012769183299999999 0.026043100599999997 -0.0038758876 0.057842516399999995 0.024518921299999996 -0.017994354 -0.0762823275 0.3975114783 0.31398445719999996 0.0018798407 0.16718609469999998 -0.031481316 -0.039064064 -0.0080910034 -0.0048225572999999996 0.19209647829999998 0.1991926862 0.014361442999999998 0.0450891794 0.522522939 -0.6320073733 0.0022853886 -0.0935442303 0.026323051899999998 -0.0200220935 0.1906280545 0.0493494865 -0.028519231699999998 0.6204131638 -0.5570197472 -0.0624420517 0.0908632711 -0.0125625945 -0.0158281061 0.0396169238 -0.0174943152 0.0205831699 0.0350567108 0.016251261 -0.0320288937 0.011285500099999998 -0.0165488193 0.0566035705 0.1929410274 -0.00287581 0.059725291599999994 0.40795419 0.2689011468 -0.014481170600000001 0.1827360102 -0.0387318786 0.0507116814 0.019824308199999998 -0.0411587101 0.056389092292362386 0.012095428859341116 0.04986683274294305 -0.03045047594396388 0.07761011334128766 -0.031788752872865485 -0.00418674147159493 0.15047358166088687 -0.023338069298035148 -0.3522422077500655 0.4189117181754175 -0.03418754363332306 -0.026915960427310884 -0.053865347932239294 0.022195579538036192 -0.020437076490514284 0.12150225390149842 -0.0644605377127939 0.5169059818009917 0.46994133568977015 -0.024975598159893635 0.020225769607003504 -0.018685736388196133 0.02269698570229906
0.40655208589999997 1.0775202288 -5.1953203791 -0.1189305898 -0.139570689 0.1303305354 0.0588637224 -0.0287897926 0.094925206 -0.0365233739 -0.014712409199999998 0.1415321088 0.09895779589999999 -0.0842536033 0.0564145887 0.0229618756 0.0003603566 -0.030157269599999998 0.5013094385 -0.076367428 0.5626269898 -0.027293784499999998 -0.0045390846 0.0258682044 -0.079906435 0.2149157372 0.3226641213 0.019541422399999998 0.0065327839 -0.0023481869 -0.0380821803 0.074647811 0.050379496 -0.0493125118 -0.0413130648 0.1440939273 0.019008517200000002 -0.498782834 0.6181283620999999 -0.7553678843 0.0856686192 0.5848194395 -0.40166379579999995 0.05835664079999999 0.5520046866999999 0.029346760700000002 -0.5081180653999999 0.5704351073999999 -0.0595492216 -0.0447704927 0.020266830799999996 -0.00044310949999999997 -0.0021556837 0.1031999091 -0.0387612236 0.0148949351 0.0435585442 0.0333617436 -0.0013393058 0.0317107939 0.027985152699999998 -0.113482984 0.019364178599999997 -0.0505033319 0.27008022889999994 0.28882874940000003 0.335536599 -0.0387318786 0.37379719689999996 -0.057324283700000006 -0.0411587101 0.06938390489999999 0.04089325416823858 -0.013029795267030964 0.0888344484755721 0.017926464196598078 0.009742003418507315 -0.04349539298420277 -0.040649316089910695 0.013732161838399185 0.1717761806968549 0.03113652691792355 -0.0360809488155157 0.0763840558872449 0.03786332834705012 -0.050637645235147154 -0.02857418224198022 0.06569654370184189 0.00019101187210013936 0.07518744609681756 -0.02400302937778376 -0.02342203493347917 0.02309293739550664 -0.02905171192223057 -0.030639896050463186 0.05129544236969201
0.11787534359999999 0.005825569399999999 -0.1189305898 -4.7244182295999995 -0.2022011356 0.40655208589999997 0.041230311900000004 0.0292798541 -0.011199225799999999 0.2429454943 -0.25852534169999997 0.032407444199999996 0.11813944859999999 -0.0261199845 0.019641195400000002 0.06925067859999999 -0.0099326956 0.0195120774 0.05894588839999999 0.0314097142 -0.0329239162 0.5688604547 -0.0220257701 0.6035186603999999 -0.0284200456 0.0204728327 -0.007518775899999999 0.1152313591 0.044939519899999995 0.07578757080000001 0.2806726001 0.2532133098 -0.012829634 -0.041476223 0.008885665999999999 0.014038647999999999 0.6129472089 -0.0403065313 -0.7780750452999999 0.0422110218 0.0504164707 0.0332273435 0.10305083649999999 0.061755378699999995 -0.07166401139999999 0.533820764 -0.0472378203 -0.4905451055999999 0.11659942300000001 -0.0557349585 0.0135004607 0.0016527104 -0.0096697644 -0.0137434373 0.0258288821 -0.0208132347 0.060309257100000006 0.1022937355 -0.020340193299999997 0.053495934999999994 0.1287335805 0.0209018566 -0.1204864617 0.0196194801 0.0318663224 0.0211917852 0.1019128374 0.0507116814 -0.057324283700000006 0.4722109365 -0.014481170600000001 0.335536599 0.0665879324383092 -0.01733074592048577 -0.029626339304131822 0.08154376408234991 0.04423556398859082 0.07618707489414163 0.29701311463931124 -0.35214033475161216 0.046604509144032746 0.0569756579162699 0.07331314210183494 -0.06069720589102095 0.07838132377489199 0.003959914873476014 0.03950802015411237 0.08000373086354254 0.003019579344783036 0.014246302127468725 -0.012925136678776095 -0.0344521746644618 -0.04071219083114366 0.4335591452342965 0.4516014103783553 -0.046797510723133935
0.005825569399999999 0.0846391966 -0.139570689 -0.2022011356 -4.7844786411 1.0775202288 0.07358610889999999 0.09319737239999999 0.015444860400000001 -0.26555346919999995 0.2242979206 -0.032342298299999996 0.018172771600000002 -0.0276993324 0.010539550200000001 -0.0186440523 0.037518169399999995 -0.0545963725 0.057842516399999995 0.024518921299999996 -0.017994354 -0.012769183299999999 0.026043100599999997 -0.0038758876 0.0018798407 0.16718609469999998 -0.031481316 -0.0762823275 0.3975114783 0.31398445719999996 0.19209647829999998 0.1991926862 0.014361442999999998 -0.039064064 -0.0080910034 -0.0048225572999999996 0.0022853886 -0.0935442303 0.026323051899999998 0.0450891794 0.522522939 -0.6320073733 -0.028519231699999998 0.6204131638 -0.5570197472 -0.0200220935 0.1906280545 0.0493494865 -0.0158281061 0.0396169238 -0.0174943152 -0.0624420517 0.0908632711 -0.0125625945 -0.0320288937 0.011285500099999998 -0.0165488193 0.0205831699 0.0350567108 0.016251261 0.059725291599999994 0.40795419 0.2689011468 0.0566035705 0.1929410274 -0.00287581 0.0507116814 0.019824308199999998 -0.0411587101 -0.014481170600000001 0.1827360102 -0.0387318786 -0.03045047594396388 0.07761011334128766 -0.031788752872865485 0.056389092292362386 0.012095428859341116 0.04986683274294305 -0.3522422077500655 0.4189117181754175 -0.03418754363332306 -0.00418674147159493 0.15047358166088687 -0.023338069298035148 -0.020437076490514284 0.12150225390149842 -0.0644605377127939 -0.026915960427310884 -0.053865347932239294 0.022195579538036192 0.020225769607003504 -0.018685736388196133 0.02269698570229906 0.5169059818009917 0.46994133568977015 -0.024975598159893635
-0.1189305898 -0.139570689 0.1303305354 0.40655208589999997 1.0775202288 -5.1953203791 -0.0365233739 -0.014712409199999998 0.1415321088 0.0588637224 -0.0287897926 0.094925206 0.0229618756 0.0003603566 -0.030157269599999998 0.09895779589999999 -0.0842536033 0.0564145887 -0.027293784499999998 -0.0045390846 0.0258682044 0.5013094385 -0.076367428 0.5626269898 0.019541422399999998 0.0065327839 -0.0023481869 -0.079906435 0.2149157372 0.3226641213 -0.0493125118 -0.0413130648 0.1440939273 -0.0380821803 0.074647811 0.050379496 -0.7553678843 0.0856686192 0.5848194395 0.019008517200000002 -0.498782834 0.6181283620999999 0.029346760700000002 -0.5081180653999999 0.5704351073999999 -0.40166379579999995 0.05835664079999999 0.5520046866999999 -0.00044310949999999997 -0.0021556837 0.1031999091 -0.0595492216 -0.0447704927 0.020266830799999996 0.0333617436 -0.0013393058 0.0317107939 -0.0387612236 0.0148949351 0.0435585442 -0.0505033319 0.27008022889999994 0.28882874940000003 0.027985152699999998 -0.113482984 0.019364178599999997 -0.057324283700000006 -0.0411587101 0.06938390489999999 0.335536599 -0.0387318786 0.37379719689999996 0.017926464196598078 0.009742003418507315 -0.04349539298420277 0.04089325416823858 -0.013029795267030964 0.0888344484755721 0.03113652691792355 -0.0360809488155157 0.0763840558872449 -0.040649316089910695 0.013732161838399185 0.1717761806968549 0.06569654370184189 0.00019101187210013936 0.07518744609681756 0.03786332834705012 -0.050637645235147154 -0.02857418224198022 -0.02905171192223057 -0.030639896050463186 0.05129544236969201 -0.02400302937778376 -0.02342203493347917 0.02309293739550664
0.2429454943 -0.26555346919999995 0.0588637224 0.041230311900000004 0.07358610889999999 -0.0365233739 -4.8456529887999995 -0.2417834323 0.410295921 0.0908210143 -0.038181953299999995 -0.0972387658 0.08014765089999999 -0.007349161799999999 -0.0175723729 0.4111439915 0.264509961 -0.14027731659999998 0.0436864884 0.0183729045 -0.0057322523 0.21318086079999998 0.0483693635 -0.0420877728 0.4342232471 -0.0354141329 0.3863222298 0.0818285325 0.0111475786 -0.06235753809999999 0.0360450504 0.051690630599999995 -0.079319535 -0.0108294788 0.07903840990000001 0.0026287251 0.0660608771 0.030085667799999997 -0.0946992495 0.1216655438 0.009167378 -0.0117655843 0.2447965769 0.0227147907 0.0177144027 0.6187017633999999 -0.0088164118 -0.5129441441 -0.13870325079999998 -0.1139401791 0.1734970304 0.6179968965 0.11259852570000001 -0.6130334832 0.0361465841 0.0292792672 0.0413964046 0.0402983147 -0.0097331496 0.0315053789 0.35564203229999997 0.22654046549999998 0.013192338199999999 -0.06620114619999999 -0.025950957299999997 -0.0382899429 0.1287335805 0.059725291599999994 -0.0505033319 0.0196194801 0.0566035705 0.027985152699999998 0.08960327126077515 0.041801754384914874 -0.06570291076424523 0.26468714087616413 -0.235710639878573 0.09289225693349944 0.07110496527207728 0.1148832945918284 0.05937126514552582 0.06207408313574279 -0.045487885575047356 0.012205260685798696 0.06361292253034953 0.05871864124918367 -0.041917157390975374 0.41935820842645155 -0.08246460048243266 0.4617357840174683 0.07041015958731303 0.01664270523952506 -0.003860031582023649 0.15434873501611843 -0.04370709780911376 0.08294491575248447
-0.25852534169999997 0.2242979206 -0.0287897926 0.0292798541 0.09319737239999999 -0.014712409199999998 -0.2417834323 -4.900096180399999 0.8206282298 -0.038181953299999995 0.1078716331 -0.0786651415 -0.091309902 -0.04652004159999999 0.0433742576 0.368244536 0.33057729399999997 -0.0235258865 -0.015056332599999998 0.06992150529999999 0.0227570475 0.0097448876 0.0016990755 -0.007681934099999999 0.0108136325 0.12044185729999998 -0.00040789550000000003 0.024291790999999997 0.061606892999999996 0.0184615264 0.030443676799999996 0.3711121294 0.32330149469999997 -0.0013780411999999998 0.1908680966 -0.04527816119999999 -0.037930760099999995 0.053699589299999996 -0.08372480639999999 -0.024683840199999998 0.0467459981 0.0223914088 0.0625981671 0.6157132686 -0.5145592929 0.0126553247 0.2345628016 0.0658390289 0.2066621625 0.6171095037 -0.6845120342 -0.056173372799999996 0.0584558269 0.1548793886 0.030862723399999997 0.023675546 -0.0028828528 -0.050400624399999996 0.0210702969 0.030389681999999998 0.22654046549999998 0.28915682649999996 -0.0456244322 -0.025950957299999997 -0.0268559571 -0.0015224186 0.0209018566 0.40795419 0.27008022889999994 0.0318663224 0.1929410274 -0.113482984 -0.013955009022516014 0.1206243951726382 -0.023963633179163106 -0.3312997456812863 0.35447147547403424 -0.06850998940131685 0.09274939597082454 0.049399649539098124 0.025422088410927714 -0.027547095488041764 0.06306575310506267 -0.0024389828418786546 0.04898181106887906 0.05067942908216906 -0.015518520783935697 -0.003368971894166208 0.02327002131859948 0.025891659263173886 0.008518333612865798 -0.018271479390578955 -0.0031962653264756653 -0.027297188288710746 0.06091090042293298 -0.0654199744286969
0.032407444199999996 -0.032342298299999996 0.094925206 -0.011199225799999999 0.015444860400000001 0.1415321088 0.410295921 0.8206282298 -5.1659454471999995 -0.0972387658 -0.0786651415 0.1282746247 0.183500154 0.0008680251000000001 0.07503516499999999 0.0085200273 0.0472636439 0.10850020299999999 0.06414699619999999 -0.013046200099999999 0.050745721599999995 0.0465376486 0.0064124694 -0.0367827837 0.41826484919999996 -0.0548874749 0.346247524 -0.0523010066 0.0031041141 0.0199387537 -0.056946907 0.32971220339999996 0.3209491995 0.038283487 -0.0203489968 0.0044222915 -0.070733188 -0.0404638205 0.0181011698 0.0149612548 0.0234384384 0.10157067469999999 0.0241609123 -0.49292674579999995 0.591131549 -0.5118390114 0.0526044339 0.47442883159999993 -0.18405536139999998 -0.7333608949999999 0.6372859518999999 -0.6972718271 0.0572878959 0.6062360073999999 0.0133161741 -0.052838607 0.016895090300000002 0.0055062958 0.0423788752 0.06537596479999999 0.013192338199999999 -0.0456244322 0.2208616211 -0.0382899429 -0.0015224186 0.0873442187 -0.1204864617 0.2689011468 0.28882874940000003 0.0211917852 -0.00287581 0.019364178599999997 -0.03881639800054978 -0.047210971837950685 0.16477957499838689 -0.013518467306487154 0.03627315451181646 0.05337747177558352 0.06736988728971915 0.01175877043476462 0.05752999028676051 0.015366507169056002 0.006118746969607797 -0.021745109873000032 -0.02180400520023091 0.004998541928020522 0.02989932710467494 0.6044025512890624 -0.04696862552522364 0.4258581832574593 -0.02114620806568605 -0.02799358573907584 0.006733168491529912 0.029676877861958318 -0.004810315645721842 0.01592442101214849
0.041230311900000004 0.07358610889999999 -0.0365233739 0.2429454943 -0.26555346919999995 0.0588637224 0.0908210143 -0.038181953299999995 -0.0972387658 -4.8456529887999995 -0.2417834323 0.410295921 0.4111439915 0.264509961 -0.14027731659999998 0.08014765089999999 -0.007349161799999999 -0.0175723729 0.21318086079999998 0.0483693635 -0.0420877728 0.0436864884 0.0183729045 -0.0057322523 0.0818285325 0.0111475786 -0.06235753809999999 0.4342232471 -0.0354141329 0.3863222298 -0.0108294788 0.07903840990000001 0.0026287251 0.0360450504 0.051690630599999995 -0.079319535 0.1216655438 0.009167378 -0.0117655843 0.0660608771 0.030085667799999997 -0.0946992495 0.6187017633999999 -0.0088164118 -0.5129441441 0.2447965769 0.0227147907 0.0177144027 0.6179968965 0.11259852570000001 -0.6130334832 -0.13870325079999998 -0.1139401791 0.1734970304 0.0402983147 -0.0097331496 0.0315053789 0.0361465841 0.0292792672 0.0413964046 -0.06620114619999999 -0.025950957299999997 -0.0382899429 0.35564203229999997 0.22654046549999998 0.013192338199999999 0.0196194801 0.0566035705 0.027985152699999998 0.1287335805 0.059725291599999994 -0.0505033319 0.26468714087616413 -0.235710639878573 0.09289225693349944 0.08960327126077515 0.041801754384914874 -0.06570291076424523 0.06207408313574279 -0.045487885575047356 0.012205260685798696 0.07110496527207728 0.1148832945918284 0.05937126514552582 0.41935820842645155 -0.08246460048243266 0.4617357840174683 0.06361292253034953 0.05871864124918367 -0.041917157390975374 0.15434873501611843 -0.04370709780911376 0.08294491575248447 0.07041015958731303 0.01664270523952506 -0.003860031582023649
0.0292798541 0.09319737239999999 -0.014712409199999998 -0.25852534169999997 0.2242979206 -0.0287897926 -0.038181953299999995 0.1078716331 -0.0786651415 -0.2417834323 -4.900096180399999 0.8206282298 0.368244536 0.33057729399999997 -0.0235258865 -0.091309902 -0.04652004159999999 0.0433742576 0.0097448876 0.0016990755 -0.007681934099999999 -0.015056332599999998 0.06992150529999999 0.0227570475 0.024291790999999997 0.061606892999999996 0.0184615264 0.0108136325 0.12044185729999998 -0.00040789550000000003 -0.0013780411999999998 0.1908680966 -0.04527816119999999 0.030443676799999996 0.3711121294 0.32330149469999997 -0.024683840199999998 0.0467459981 0.0223914088 -0.037930760099999995 0.053699589299999996 -0.08372480639999999 0.0126553247 0.2345628016 0.0658390289 0.0625981671 0.6157132686 -0.5145592929 -0.056173372799999996 0.0584558269 0.1548793886 0.2066621625 0.6171095037 -0.6845120342 -0.050400624399999996 0.0210702969 0.030389681999999998 0.030862723399999997 0.023675546 -0.0028828528 -0.025950957299999997 -0.0268559571 -0.0015224186 0.22654046549999998 0.28915682649999996 -0.0456244322 0.0318663224 0.1929410274 -0.113482984 0.0209018566 0.40795419 0.27008022889999994 -0.3312997456812863 0.35447147547403424 -0.06850998940131685 -0.013955009022516014 0.1206243951726382 -0.023963633179163106 -0.027547095488041764 0.06306575310506267 -0.0024389828418786546 0.09274939597082454 0.049399649539098124 0.025422088410927714 -0.003368971894166208 0.02327002131859948 0.025891659263173886 0.04898181106887906 0.05067942908216906 -0.015518520783935697 -0.027297188288710746 0.06091090042293298 -0.0654199744286969 0.008518333612865798 -0.018271479390578955 -0.0031962653264756653
-0.011199225799999999 0.015444860400000001 0.1415321088 0.032407444199999996 -0.032342298299999996 0.094925206 -0.0972387658 -0.0786651415 0.1282746247 0.410295921 0.8206282298 -5.1659454471999995 0.0085200273 0.0472636439 0.10850020299999999 0.183500154 0.0008680251000000001 0.07503516499999999 0.0465376486 0.0064124694 -0.0367827837 0.06414699619999999 -0.013046200099999999 0.050745721599999995 -0.0523010066 0.0031041141 0.0199387537 0.41826484919999996 -0.0548874749 0.346247524 0.038283487 -0.0203489968 0.0044222915 -0.056946907 0.32971220339999996 0.3209491995 0.0149612548 0.0234384384 0.10157067469999999 -0.070733188 -0.0404638205 0.0181011698 -0.5118390114 0.0526044339 0.47442883159999993 0.0241609123 -0.49292674579999995 0.591131549 -0.6972718271 0.0572878959 0.6062360073999999 -0.18405536139999998 -0.7333608949999999 0.6372859518999999 0.0055062958 0.0423788752 0.06537596479999999 0.0133161741 -0.052838607 0.016895090300000002 -0.0382899429 -0.0015224186 0.0873442187 0.013192338199999999 -0.0456244322 0.2208616211 0.0211917852 -0.00287581 0.019364178599999997 -0.1204864617 0.2689011468 0.28882874940000003 -0.013518467306487154 0.03627315451181646 0.05337747177558352 -0.03881639800054978 -0.047210971837950685 0.16477957499838689 0.015366507169056002 0.006118746969607797 -0.021745109873000032 0.06736988728971915 0.01175877043476462 0.05752999028676051 0.6044025512890624 -0.04696862552522364 0.4258581832574593 -0.02180400520023091 0.004998541928020522 0.02989932710467494 0.029676877861958318 -0.004810315645721842 0.01592442101214849 -0.02114620806568605 -0.02799358573907584 0.006733168491529912
0.06925067859999999 -0.0186440523 0.09895779589999999 0.11813944859999999 0.018172771600000002 0.0229618756 0.08014765089999999 -0.091309902 0.183500154 0.4111439915 0.368244536 0.0085200273 -5.096087913999999 -0.3177799395 0.577175067 0.0773962637 0.0433167414 -0.009402724900000001 0.37749055859999997 -0.5482790455 -0.035624829999999996 -0.0176269546 0.050448750199999996 0.0365673914 -0.019825482000000002 -0.05303873989999999 -0.0384800985 0.08407753329999999 0.0343224989 0.0724798024 0.2687896358 -0.2878679941 0.0748491177 0.047549464199999995 0.0679941257 0.0131899906 0.15969725070000002 0.0663907149 -0.0246392358 0.0996532724 0.0026944579 0.0773622235 0.07275799299999999 0.0874269716 -0.0393604485 0.48070396639999996 -0.013484614399999999 0.4300550833 0.06802347069999999 -0.0382588372 -0.058405940399999995 0.0269076043 0.0181005829 -0.006761087999999999 -0.0321175156 -0.0190190814 0.022835105199999997 0.5688129158 0.5877175517000001 -0.18686426479999999 0.1216655438 -0.024683840199999998 0.0149612548 0.0660608771 -0.037930760099999995 -0.070733188 0.0422110218 0.0450891794 0.019008517200000002 0.6129472089 0.0022853886 -0.7553678843 0.011256170446301129 -0.016681703496745505 0.04441543350148511 0.09364914147669624 -0.03582666426078239 -0.11061577101599111 0.012623099156017751 0.08354978668080157 -0.0028174251134770556 0.38505446590426756 -0.06386123796407972 0.4633378960947082 0.07400158072419587 0.14332376852333853 -0.07642026855466387 0.6821945238502454 -0.027204865883862346 -0.8209980760086142 0.06931820838514058 0.00412307084756155 0.08113826179553732 -0.018368975033630067 0.01813339372470656 -0.0021214256045121727
-0.0099326956 0.037518169399999995 -0.0842536033 -0.0261199845 -0.0276993324 0.0003603566 -0.007349161799999999 -0.04652004159999999 0.0008680251000000001 0.264509961 0.33057729399999997 0.0472636439 -0.3177799395 -4.7282647722 0.9912248003999999 0.0433167414 0.0497884877 -0.0763457127 -0.4996907683 0.6279935642 0.0813296675 0.0139840663 0.029339130999999997 0.0784151221 0.0437756972 0.0036863189 0.0106504743 0.0583765954 0.028383657799999996 -0.020312609 -0.1953508388 0.31502150949999996 -0.1042305055 0.0572262714 0.091978968 -0.0315323763 0.0663907149 0.028999315899999996 -0.016719020299999998 0.0026944579 0.0668555397 0.0011520846999999999 0.0573548025 0.05099221959999999 -0.0059089092000000005 -0.0163381222 0.120273417 -0.027684072999999997 -0.019081292799999997 0.3256115331 0.19311651049999998 0.0259263075 0.2015678705 -0.0023863354 -0.0095306691 -0.0561821763 0.009290627 0.5169198047 0.5245377667 -0.21937676409999998 0.009167378 0.0467459981 0.0234384384 0.030085667799999997 0.053699589299999996 -0.0404638205 0.0504164707 0.522522939 -0.498782834 -0.0403065313 -0.0935442303 0.0856686192 0.05712409005854772 0.15146564957160696 0.0480096402281694 0.011389082873970809 0.4866839242207475 0.4366547313865194 0.01930214761711929 0.05048125426486516 0.03855694020761376 -0.02433889191955984 0.13002894428376863 -0.014990054604458644 -0.10124624074807907 0.6152834629949668 -0.8047943001335192 -0.030002393927328973 -0.014263811549077906 -0.009020137718528873 -0.04679910248873477 0.0017907363009388064 -0.06063711673958945 0.00775150053466378 0.05324416140651364 0.03630180629263149
0.0195120774 -0.0545963725 0.0564145887 0.019641195400000002 0.010539550200000001 -0.030157269599999998 -0.0175723729 0.0433742576 0.07503516499999999 -0.14027731659999998 -0.0235258865 0.10850020299999999 0.577175067 0.9912248003999999 -4.484403713899999 -0.009402724900000001 -0.0763457127 0.07887701239999999 0.3225526103 -0.0563652891 -0.147229734 0.09277773889999999 0.033259622999999995 -0.0324725901 -0.019584266099999997 -0.0474731672 -0.0451425873 0.0422315633 -0.015381475199999998 0.0124516704 -0.0053853944 -0.0642585072 0.0618263936 -0.0503929947 -0.0020089587 0.0784104269 -0.0246392358 -0.016719020299999998 -0.0523473717 0.0773622235 0.0011520846999999999 0.1136842907 -0.0236373975 -0.0326750706 0.0031581089 0.41261300219999997 -0.014293362599999998 0.3251056253 0.06292154900000001 0.3555240654 0.3012680949 -9.09695e-05 -0.023845747 -0.0425373382 -0.07810582579999999 0.004777366 0.2780227466 0.0362334453 0.0137504801 -0.1853529973 -0.0117655843 0.0223914088 0.10157067469999999 -0.0946992495 -0.08372480639999999 0.0181011698 0.0332273435 -0.6320073733 0.6181283620999999 -0.7780750452999999 0.026323051899999998 0.5848194395 -0.00045524496183866546 -0.06409801309720385 -0.02286372314898647 0.026214389738743085 0.4286891383785434 0.30962109202212107 -0.049895882465158276 -0.042207654613127664 0.004172813522587628 0.3088876860215366 -0.10634745155735341 0.4122553523741278 0.13644057612392996 -0.5904829590511649 0.6015075276025447 -0.8223359549961156 0.05440774206072366 0.6365816846755326 0.058445653448640555 -0.018450553020672836 0.10306204735723103 -0.001954290216424551 0.08469705173760304 0.12651352995432563
0.11813944859999999 0.018172771600000002 0.0229618756 0.06925067859999999 -0.0186440523 0.09895779589999999 0.4111439915 0.368244536 0.0085200273 0.08014765089999999 -0.091309902 0.183500154 0.0773962637 0.0433167414 -0.009402724900000001 -5.096087913999999 -0.3177799395 0.577175067 -0.0176269546 0.050448750199999996 0.0365673914 0.37749055859999997 -0.5482790455 -0.035624829999999996 0.08407753329999999 0.0343224989 0.0724798024 -0.019825482000000002 -0.05303873989999999 -0.0384800985 0.047549464199999995 0.0679941257 0.0131899906 0.2687896358 -0.2878679941 0.0748491177 0.0996532724 0.0026944579 0.0773622235 0.15969725070000002 0.0663907149 -0.0246392358 0.48070396639999996 -0.013484614399999999 0.4300550833 0.07275799299999999 0.0874269716 -0.0393604485 0.0269076043 0.0181005829 -0.006761087999999999 0.06802347069999999 -0.0382588372 -0.058405940399999995 0.5688129158 0.5877175517000001 -0.18686426479999999 -0.0321175156 -0.0190190814 0.022835105199999997 0.0660608771 -0.037930760099999995 -0.070733188 0.1216655438 -0.024683840199999998 0.0149612548 0.6129472089 0.0022853886 -0.7553678843 0.0422110218 0.0450891794 0.019008517200000002 0.09364914147669624 -0.03582666426078239 -0.11061577101599111 0.011256170446301129 -0.016681703496745505 0.04441543350148511 0.38505446590426756 -0.06386123796407972 0.4633378960947082 0.012623099156017751 0.08354978668080157 -0.0028174251134770556 0.6821945238502454 -0.027204865883862346 -0.8209980760086142 0.07400158072419587 0.14332376852333853 -0.07642026855466387 -0.018368975033630067 0.01813339372470656 -0.0021214256045121727 0.06931820838514058 0.00412307084756155 0.08113826179553732
-0.0261199845 -0.0276993324 0.0003603566 -0.0099326956 0.037518169399999995 -0.0842536033 0.264509961 0.33057729399999997 0.0472636439 -0.007349161799999999 -0.04652004159999999 0.0008680251000000001 0.0433167414 0.0497884877 -0.0763457127 -0.3177799395 -4.7282647722 0.9912248003999999 0.0139840663 0.029339130999999997 0.0784151221 -0.4996907683 0.6279935642 0.0813296675 0.0583765954 0.028383657799999996 -0.020312609 0.0437756972 0.0036863189 0.0106504743 0.0572262714 0.091978968 -0.0315323763 -0.1953508388 0.31502150949999996 -0.1042305055 0.0026944579 0.0668555397 0.0011520846999999999 0.0663907149 0.028999315899999996 -0.016719020299999998 -0.0163381222 0.120273417 -0.027684072999999997 0.0573548025 0.05099221959999999 -0.0059089092000000005 0.0259263075 0.2015678705 -0.0023863354 -0.019081292799999997 0.3256115331 0.19311651049999998 0.5169198047 0.5245377667 -0.21937676409999998 -0.0095306691 -0.0561821763 0.009290627 0.030085667799999997 0.053699589299999996 -0.0404638205 0.009167378 0.0467459981 0.0234384384 -0.0403065313 -0.0935442303 0.0856686192 0.0504164707 0.522522939 -0.498782834 0.011389082873970809 0.4866839242207475 0.4366547313865194 0.05712409005854772 0.15146564957160696 0.0480096402281694 -0.02433889191955984 0.13002894428376863 -0.014990054604458644 0.01930214761711929 0.05048125426486516 0.03855694020761376 -0.030002393927328973 -0.014263811549077906 -0.009020137718528873 -0.10124624074807907 0.6152834629949668 -0.8047943001335192 0.00775150053466378 0.05324416140651364 0.03630180629263149 -0.04679910248873477 0.0017907363009388064 -0.06063711673958945
0.019641195400000002 0.010539550200000001 -0.030157269599999998 0.0195120774 -0.0545963725 0.0564145887 -0.14027731659999998 -0.0235258865 0.10850020299999999 -0.0175723729 0.0433742576 0.07503516499999999 -0.009402724900000001 -0.0763457127 0.07887701239999999 0.577175067 0.9912248003999999 -4.484403713899999 0.09277773889999999 0.033259622999999995 -0.0324725901 0.3225526103 -0.0563652891 -0.147229734 0.0422315633 -0.015381475199999998 0.0124516704 -0.019584266099999997 -0.0474731672 -0.0451425873 -0.0503929947 -0.0020089587 0.0784104269 -0.0053853944 -0.0642585072 0.0618263936 0.0773622235 0.0011520846999999999 0.1136842907 -0.0246392358 -0.016719020299999998 -0.0523473717 0.41261300219999997 -0.014293362599999998 0.3251056253 -0.0236373975 -0.0326750706 0.0031581089 -9.09695e-05 -0.023845747 -0.0425373382 0.06292154900000001 0.3555240654 0.3012680949 0.0362334453 0.0137504801 -0.1853529973 -0.07810582579999999 0.004777366 0.2780227466 -0.0946992495 -0.08372480639999999 0.0181011698 -0.0117655843 0.0223914088 0.10157067469999999 -0.7780750452999999 0.026323051899999998 0.5848194395 0.0332273435 -0.6320073733 0.6181283620999999 0.026214389738743085 0.4286891383785434 0.30962109202212107 -0.00045524496183866546 -0.06409801309720385 -0.02286372314898647 0.3088876860215366 -0.10634745155735341 0.4122553523741278 -0.049895882465158276 -0.042207654613127664 0.004172813522587628 -0.8223359549961156 0.05440774206072366 0.6365816846755326 0.13644057612392996 -0.5904829590511649 0.6015075276025447 -0.001954290216424551 0.08469705173760304 0.12651352995432563 0.058445653448640555 -0.018450553020672836 0.10306204735723103
0.5688604547 -0.012769183299999999 0.5013094385 0.05894588839999999 0.057842516399999995 -0.027293784499999998 0.0436864884 -0.015056332599999998 0.06414699619999999 0.21318086079999998 0.0097448876 0.0465376486 0.37749055859999997 -0.4996907683 0.3225526103 -0.0176269546 0.0139840663 0.09277773889999999 -5.416673822399999 0.24247714809999998 -0.2418562079 0.016380379 0.04712807 -0.0392894336 0.4450720936 -0.4251133853 0.0730256194 0.034235637699999995 0.048507285 0.051797446399999995 0.012287338399999998 -0.024733139799999998 -0.0214582378 0.0781727324 0.049558422899999996 0.0653624661 0.5688129158 0.5169198047 0.0362334453 -0.0321175156 -0.0095306691 -0.07810582579999999 0.11696799620000001 -0.0247701145 0.031235404899999996 -0.0265032302 -0.041480918199999994 0.0117045467 0.6620719127 -0.16890219029999998 0.5538176208 0.09092724320000001 0.0365057669 -0.0325524085 -0.0717115503 -0.0926415781 0.008855734099999998 0.0032079954 -0.0328411633 0.050506853299999994 0.0361465841 0.030862723399999997 0.0133161741 0.0402983147 -0.050400624399999996 0.0055062958 0.0258288821 -0.0320288937 0.0333617436 0.1022937355 0.0205831699 -0.0387612236 0.465063767947413 0.3652186788694685 -0.15599143711617963 -0.03607776528431403 0.0014799440673758713 -0.0613366977211562 0.012685973897250713 0.030510565095395382 0.007253675843002792 0.07370511438104044 0.10658144110067609 -0.010729296032424911 0.5929605422088639 0.05353824010126781 -0.6221427789103628 0.059831683345567196 -0.18201362115862194 0.1329160091422822 0.036049511444899214 -0.13166408549722583 0.08032685928051193 0.7135745909050967 -0.0021671888655361645 -0.8633346636354093
-0.0220257701 0.026043100599999997 -0.076367428 0.0314097142 0.024518921299999996 -0.0045390846 0.0183729045 0.06992150529999999 -0.013046200099999999 0.0483693635 0.0016990755 0.0064124694 -0.5482790455 0.6279935642 -0.0563652891 0.050448750199999996 0.029339130999999997 0.033259622999999995 0.24247714809999998 -5.2123481088 0.227546999 0.04712807 0.0179250998 -0.060014633299999995 -0.5081168916 0.5561388103 0.0552601564 0.0057821387999999994 0.0247020341 0.059894905699999994 0.0113418425 -0.0170735079 -0.0003902885 0.045166063299999996 0.0559427211 -0.013411251899999999 0.5877175517000001 0.5245377667 0.0137504801 -0.0190190814 -0.0561821763 0.004777366 0.014656066799999999 0.0012319031 0.004507392 -0.0033371133999999998 -0.0118812036 -0.023837530399999998 -0.1644898761 -0.051271583999999995 0.0026433976000000002 0.020108367800000002 -0.021311512799999998 0.012185217799999998 -0.0926415781 0.5098963724 0.5280216051 -0.0328411633 0.274399226 0.03820014719999999 0.0292792672 0.023675546 -0.052838607 -0.0097331496 0.0210702969 0.0423788752 -0.0208132347 0.011285500099999998 -0.0013393058 -0.020340193299999997 0.0350567108 0.0148949351 0.3711352716077704 0.40399408890579686 -0.12976192560422864 -0.04067876375352614 -0.035347144873530995 -0.022754687205329308 0.0747186711273718 0.23594462942189567 -0.006533799850025392 -0.07269792469711242 0.47374923694836646 0.5057691937747532 -0.05374477168797608 0.1159541548997898 0.12641245283867264 0.04569919245855813 0.6456587280142911 -0.7854682760323873 0.10550898902711385 0.6371897391350513 -0.660774930042616 -0.15923784305908156 0.025477004324156505 0.11398713055855857
0.6035186603999999 -0.0038758876 0.5626269898 -0.0329239162 -0.017994354 0.0258682044 -0.0057322523 0.0227570475 0.050745721599999995 -0.0420877728 -0.007681934099999999 -0.0367827837 -0.035624829999999996 0.0813296675 -0.147229734 0.0365673914 0.0784151221 -0.0324725901 -0.2418562079 0.227546999 -4.8558298348 -0.0392894336 -0.060014633299999995 0.1539773233 0.2586685453 0.1009649939 -0.0563905258 0.0785025702 0.058236326299999995 -0.0190953784 0.0319003626 -0.038370348199999994 0.0280649711 0.0720061741 -0.0007811639 0.0430802207 -0.18686426479999999 -0.21937676409999998 -0.1853529973 0.022835105199999997 0.009290627 0.2780227466 0.0228532991 -0.0016239523 -0.008802913099999999 0.0116528995 -0.008213665499999998 0.0783529107 0.7165385803 0.0267749649 0.6702433214 0.0188177747 -0.0031228949 -0.0247237494 0.008855734099999998 0.5280216051 0.43921483159999997 0.050506853299999994 0.03820014719999999 -0.059421864299999995 0.0413964046 -0.0028828528 0.016895090300000002 0.0315053789 0.030389681999999998 0.06537596479999999 0.060309257100000006 -0.0165488193 0.0317107939 0.053495934999999994 0.016251261 0.0435585442 0.10184951991079534 0.11931158649334996 0.057237503357607175 0.011936650240657874 -0.008605482779511486 0.1526952884982516 0.04361596922846599 -0.04260002483373337 -0.05999284961265168 -0.1353633487535652 0.46166057309282893 0.4532799272044353 -0.5296830842788902 0.017776838230119635 0.5596058899261774 -0.10959903073845807 -0.6877211340163428 0.6224038284688996 -0.16253160402860836 -0.6492640771001814 0.5590678731530954 -0.6829951819474652 -0.06708734889557103 0.6106705262837484
0.05894588839999999 0.057842516399999995 -0.027293784499999998 0.5688604547 -0.012769183299999999 0.5013094385 0.21318086079999998 0.0097448876 0.0465376486 0.0436864884 -0.015056332599999998 0.06414699619999999 -0.0176269546 0.0139840663 0.09277773889999999 0.37749055859999997 -0.4996907683 0.3225526103 0.016380379 0.04712807 -0.0392894336 -5.416673822399999 0.24247714809999998 -0.2418562079 0.034235637699999995 0.048507285 0.051797446399999995 0.4450720936 -0.4251133853 0.0730256194 0.0781727324 0.049558422899999996 0.0653624661 0.012287338399999998 -0.024733139799999998 -0.0214582378 -0.0321175156 -0.0095306691 -0.07810582579999999 0.5688129158 0.5169198047 0.0362334453 -0.0265032302 -0.041480918199999994 0.0117045467 0.11696799620000001 -0.0247701145 0.031235404899999996 0.09092724320000001 0.0365057669 -0.0325524085 0.6620719127 -0.16890219029999998 0.5538176208 0.0032079954 -0.0328411633 0.050506853299999994 -0.0717115503 -0.0926415781 0.008855734099999998 0.0402983147 -0.050400624399999996 0.0055062958 0.0361465841 0.030862723399999997 0.0133161741 0.1022937355 0.0205831699 -0.0387612236 0.0258288821 -0.0320288937 0.0333617436 -0.03607776528431403 0.0014799440673758713 -0.0613366977211562 0.465063767947413 0.3652186788694685 -0.15599143711617963 0.07370511438104044 0.10658144110067609 -0.010729296032424911 0.012685973897250713 0.030510565095395382 0.007253675843002792 0.059831683345567196 -0.18201362115862194 0.1329160091422822 0.5929605422088639 0.05353824010126781 -0.6221427789103628 0.7135745909050967 -0.0021671888655361645 -0.8633346636354093 0.036049511444899214 -0.13166408549722583 0.08032685928051193
0.0314097142 0.024518921299999996 -0.0045390846 -0.0220257701 0.026043100599999997 -0.076367428 0.0483693635 0.0016990755 0.0064124694 0.0183729045 0.06992150529999999 -0.013046200099999999 0.050448750199999996 0.029339130999999997 0.033259622999999995 -0.5482790455 0.6279935642 -0.0563652891 0.04712807 0.0179250998 -0.060014633299999995 0.24247714809999998 -5.2123481088 0.227546999 0.0057821387999999994 0.0247020341 0.059894905699999994 -0.5081168916 0.5561388103 0.0552601564 0.045166063299999996 0.0559427211 -0.013411251899999999 0.0113418425 -0.0170735079 -0.0003902885 -0.0190190814 -0.0561821763 0.004777366 0.5877175517000001 0.5245377667 0.0137504801 -0.0033371133999999998 -0.0118812036 -0.023837530399999998 0.014656066799999999 0.0012319031 0.004507392 0.020108367800000002 -0.021311512799999998 0.012185217799999998 -0.1644898761 -0.051271583999999995 0.0026433976000000002 -0.0328411633 0.274399226 0.03820014719999999 -0.0926415781 0.5098963724 0.5280216051 -0.0097331496 0.0210702969 0.0423788752 0.0292792672 0.023675546 -0.052838607 -0.020340193299999997 0.0350567108 0.0148949351 -0.0208132347 0.011285500099999998 -0.0013393058 -0.04067876375352614 -0.035347144873530995 -0.022754687205329308 0.3711352716077704 0.40399408890579686 -0.12976192560422864 -0.07269792469711242 0.47374923694836646 0.5057691937747532 0.0747186711273718 0.23594462942189567 -0.006533799850025392 0.04569919245855813 0.6456587280142911 -0.7854682760323873 -0.05374477168797608 0.1159541548997898 0.12641245283867264 -0.15923784305908156 0.025477004324156505 0.11398713055855857 0.10550898902711385 0.6371897391350513 -0.660774930042616
