     4.8544719487     0.0000000000     0.0000000000
     0.0000000000     6.6457048704     0.0000000000
     0.0000000000     0.0000000000     7.4170490327
     0.0000000000     0.0000000000     7.4170490327
    -4.8544719487     6.6457048704     0.0000000000
    -4.8544719487    -6.6457048704     0.0000000000
32 2
direct
   0.25000000   0.04561696   0.03828381   Al
   0.25000000   0.54561696   0.53828423   Al
   0.44495995   0.40420040   0.23300881   Al
   0.44495995   0.90420040   0.73300881   Al
   0.05504005   0.40420040   0.23300881   Al
   0.05504005   0.90420040   0.73300881   Al
   0.55504005   0.23300881   0.90420040   Al
   0.55504005   0.73300881   0.40420040   Al
   0.44495995   0.76699119   0.09579960   Al
   0.44495995   0.26699119   0.59579960   Al
   0.94495995   0.59579960   0.76699177   Al
   0.94495995   0.09579960   0.26699177   Al
   0.05504005   0.76699119   0.09579960   Al
   0.05504005   0.26699119   0.59579960   Al
   0.55504005   0.59579960   0.76699177   Al
   0.55504005   0.09579960   0.26699177   Al
   0.94495995   0.23300881   0.90420040   Al
   0.94495995   0.73300881   0.40420040   Al
   0.25000000   0.46171619   0.95438347   Al
   0.25000000   0.96171562   0.45438290   Al
   0.75000000   0.95438304   0.96171577   Al
   0.75000000   0.45438290   0.46171562   Al
   0.75000000   0.53828438   0.04561696   Al
   0.75000000   0.03828381   0.54561696   Al
   0.25000000   0.71339178   0.84319664   Ni
   0.25000000   0.21339178   0.34319664   Ni
   0.25000000   0.65680336   0.28660822   Ni
   0.25000000   0.15680336   0.78660822   Ni
   0.75000000   0.28660822   0.15680336   Ni
   0.75000000   0.78660822   0.65680336   Ni
   0.75000000   0.34319664   0.71339178   Ni
   0.75000000   0.84319664   0.21339178   Ni
    -6.317561    -1.821759     0.000000     0.333009     0.037029     0.000000     0.188111    -0.154308    -0.186609     0.948974     0.587068     0.769270     0.188111    -0.154308     0.186609     0.948974     0.587068    -0.769270    -0.058575    -0.020698    -0.047120     0.045268    -0.038516     0.002018     0.088971    -0.485110     0.316444     0.150123     0.135794    -0.117295     0.128538    -0.027654    -0.152853     0.253092     0.315775     0.559346     0.088971    -0.485110    -0.316444     0.150123     0.135794     0.117295     0.128538    -0.027654     0.152853     0.253092     0.315775    -0.559346    -0.058575    -0.020698     0.047120     0.045268    -0.038516    -0.002018     0.084060    -0.161231     0.000000     0.084060     0.110355     0.000000     0.107007     0.002721     0.000000    -0.036433     0.048961     0.000000     0.036670     0.018521     0.000000     0.036670    -0.044296     0.000000    -0.055498     0.065848     0.000000     1.684869     0.506939     0.000000     0.015090     0.058014     0.000000     0.343880     0.500618     0.000000     0.090523     0.053662     0.000000    -0.003127    -0.065369     0.000000     0.095248     0.012477     0.000000    -0.006513     0.041625     0.000000
    -1.821759    -5.728694     0.000000     0.037029     0.017313     0.000000    -0.193176     0.063116     0.085989     0.525007     0.045193     0.347644    -0.193176     0.063116    -0.085989     0.525007     0.045193    -0.347644    -0.085131     0.224679     0.287775     0.012003    -0.028336     0.006914    -0.326534     0.763555    -0.673536     0.041394     0.125351     0.017279    -0.087068     0.023855     0.014595     0.049855     0.176251     0.189762    -0.326534     0.763555     0.673536     0.041394     0.125351    -0.017279    -0.087068     0.023855    -0.014595     0.049855     0.176251    -0.189762    -0.085131     0.224679    -0.287775     0.012003    -0.028336    -0.006914    -0.110355     0.178870     0.000000     0.161231     0.178870     0.000000     0.002721    -0.051039     0.000000     0.048961     0.053477     0.000000     0.044296    -0.034240     0.000000    -0.018521    -0.034240     0.000000    -0.022351     0.177271     0.000000     1.080092     0.577497     0.000000     0.004872     0.184476     0.000000     0.403875     1.778871     0.000000    -0.018633     0.008412     0.000000    -0.018775    -0.024858    -0.000000     0.058685    -0.092008     0.000000     0.022525     0.117448     0.000000
     0.000000     0.000000    -3.551328     0.000000     0.000000     0.068850    -0.132485     0.045335     0.028762     0.810771     0.328351     0.320059     0.132485    -0.045335     0.028762    -0.810771    -0.328351     0.320059    -0.091501     0.300739     0.216038    -0.006087     0.000998    -0.003385     0.170526    -0.378831     0.296856    -0.024230     0.050457    -0.002192    -0.078978    -0.021690     0.037941     0.323991     0.410608     0.649537    -0.170526     0.378831     0.296856     0.024230    -0.050457    -0.002192     0.078978     0.021690     0.037941    -0.323991    -0.410608     0.649537     0.091501    -0.300739     0.216038     0.006087    -0.000998    -0.003385     0.000000     0.000000    -0.080608     0.000000    -0.000000    -0.080608     0.000000     0.000000    -0.065524     0.000000     0.000000    -0.080604     0.000000     0.000000     0.049523     0.000000     0.000000     0.049523     0.000000     0.000000     0.114238     0.000000     0.000000     0.006212     0.000000     0.000000     0.048940     0.000000    -0.000000     0.103902     0.000000     0.000000     0.235456     0.000000     0.000000    -0.049236     0.000000    -0.000000    -0.014838     0.000000     0.000000     0.285882
     0.333009     0.037029     0.000000    -6.317561    -1.821759     0.000000     0.948974     0.587068     0.769270     0.188111    -0.154308    -0.186609     0.948974     0.587068    -0.769270     0.188111    -0.154308     0.186609     0.045268    -0.038516     0.002018    -0.058575    -0.020698    -0.047120     0.150123     0.135794    -0.117295     0.088971    -0.485110     0.316444     0.253092     0.315775     0.559346     0.128538    -0.027654    -0.152853     0.150123     0.135794     0.117295     0.088971    -0.485110    -0.316444     0.253092     0.315775    -0.559346     0.128538    -0.027654     0.152853     0.045268    -0.038516    -0.002018    -0.058575    -0.020698     0.047120     0.084060     0.110355     0.000000     0.084060    -0.161231     0.000000    -0.036433     0.048961     0.000000     0.107007     0.002721     0.000000     0.036670    -0.044296     0.000000     0.036670     0.018521     0.000000     1.684869     0.506939     0.000000    -0.055498     0.065848     0.000000     0.343880     0.500618     0.000000     0.015090     0.058014     0.000000    -0.003127    -0.065369     0.000000     0.090523     0.053662     0.000000    -0.006513     0.041625     0.000000     0.095248     0.012477     0.000000
     0.037029     0.017313     0.000000    -1.821759    -5.728694     0.000000     0.525007     0.045193     0.347644    -0.193176     0.063116     0.085989     0.525007     0.045193    -0.347644    -0.193176     0.063116    -0.085989     0.012003    -0.028336     0.006914    -0.085131     0.224679     0.287775     0.041394     0.125351     0.017279    -0.326534     0.763555    -0.673536     0.049855     0.176251     0.189762    -0.087068     0.023855     0.014595     0.041394     0.125351    -0.017279    -0.326534     0.763555     0.673536     0.049855     0.176251    -0.189762    -0.087068     0.023855    -0.014595     0.012003    -0.028336    -0.006914    -0.085131     0.224679    -0.287775     0.161231     0.178870     0.000000    -0.110355     0.178870     0.000000     0.048961     0.053477     0.000000     0.002721    -0.051039     0.000000    -0.018521    -0.034240     0.000000     0.044296    -0.034240     0.000000     1.080092     0.577497     0.000000    -0.022351     0.177271     0.000000     0.403875     1.778871     0.000000     0.004872     0.184476     0.000000    -0.018775    -0.024858    -0.000000    -0.018633     0.008412     0.000000     0.022525     0.117448     0.000000     0.058685    -0.092008     0.000000
     0.000000     0.000000     0.068850     0.000000     0.000000    -3.551328     0.810771     0.328351     0.320059    -0.132485     0.045335     0.028762    -0.810771    -0.328351     0.320059     0.132485    -0.045335     0.028762    -0.006087     0.000998    -0.003385    -0.091501     0.300739     0.216038    -0.024230     0.050457    -0.002192     0.170526    -0.378831     0.296856     0.323991     0.410608     0.649537    -0.078978    -0.021690     0.037941     0.024230    -0.050457    -0.002192    -0.170526     0.378831     0.296856    -0.323991    -0.410608     0.649537     0.078978     0.021690     0.037941     0.006087    -0.000998    -0.003385     0.091501    -0.300739     0.216038     0.000000    -0.000000    -0.080608     0.000000     0.000000    -0.080608     0.000000     0.000000    -0.080604     0.000000     0.000000    -0.065524     0.000000     0.000000     0.049523     0.000000     0.000000     0.049523     0.000000     0.000000     0.006212     0.000000     0.000000     0.114238     0.000000    -0.000000     0.103902     0.000000     0.000000     0.048940     0.000000     0.000000    -0.049236     0.000000     0.000000     0.235456     0.000000     0.000000     0.285882     0.000000    -0.000000    -0.014838
     0.188111    -0.193176    -0.132485     0.948974     0.525007     0.810771    -6.738506     1.401831    -2.123585     0.009010    -0.025155     0.034093    -0.067915    -0.006502     0.026807     0.074154    -0.047389     0.002278     1.461160     0.808887     0.567573     1.461160    -0.519128    -0.576506    -0.028710    -0.030498     0.000935    -0.028710     0.019131    -0.056329    -0.053891    -0.035057     0.040880     0.096473    -0.082640     0.032070    -0.020598    -0.006834     0.045514    -0.020598    -0.008092     0.052902     0.076801     0.004055    -0.030361     0.316198    -0.985276     0.369231     0.017997     0.048807     0.045630     0.017997     0.037811     0.076614     0.088971     0.326534    -0.170526     0.150123    -0.041394     0.024230     0.128538    -0.087068     0.078978     0.253092     0.049855    -0.323991    -0.058575     0.085131     0.091501     0.045268    -0.012003     0.006087    -0.031107    -0.028555     0.043550     0.289226    -0.140809    -0.107464     0.915849    -0.702985     0.709969     0.159576    -0.080729    -0.092029     0.316875    -0.205104     0.619261     0.176342    -0.028572    -0.045172    -0.014681    -0.054602     0.009399    -0.001327     0.059391    -0.013753
    -0.154308     0.063116     0.045335     0.587068     0.045193     0.328351     1.401831    -5.830564     0.575399    -0.025155     0.095287    -0.038025    -0.006502    -0.145685    -0.052072    -0.047389     0.024077    -0.007485     0.519128     0.239606     0.082483    -0.808887     0.239606     0.292839    -0.019131     0.091192     0.043521     0.030498     0.091192    -0.078796    -0.035057     0.029301    -0.018525    -0.082640     0.094547     0.016334     0.008092     0.064648    -0.078081     0.006834     0.064648     0.141994     0.004055     0.035946    -0.003638    -0.985276     1.466939    -0.574169    -0.037811    -0.011063     0.057459    -0.048807    -0.011063    -0.042209     0.485110     0.763555    -0.378831    -0.135794     0.125351     0.050457    -0.027654     0.023855     0.021690     0.315775     0.176251    -0.410608     0.020698     0.224679     0.300739     0.038516    -0.028336     0.000998    -0.076642    -0.017047     0.001290    -0.285476     1.157804     0.630673    -0.810228     0.782972    -0.690223     0.171061    -0.013296    -0.126158    -0.136431     0.217958    -0.131455     0.020272    -0.032840    -0.033158     0.006214     0.058033     0.018646    -0.069260     0.070263     0.059869
    -0.186609     0.085989     0.028762     0.769270     0.347644     0.320059    -2.123585     0.575399    -7.772183     0.034093    -0.038025     0.067594    -0.026807     0.052072     1.387806    -0.002278     0.007485    -0.023067     0.576506     0.292839     0.117836    -0.567573     0.082483     0.117836     0.056329    -0.078796     0.016750    -0.000935     0.043521     0.016750    -0.040880     0.018525    -0.028353    -0.032070    -0.016334     0.253993     0.052902    -0.141994     0.057264     0.045514     0.078081     0.057264    -0.030361    -0.003638     0.060964     0.369231    -0.574169    -0.009641     0.076614     0.042209     0.106567     0.045630    -0.057459     0.106567    -0.316444    -0.673536     0.296856     0.117295     0.017279    -0.002192     0.152853    -0.014595     0.037941    -0.559346    -0.189762     0.649537     0.047120     0.287775     0.216038    -0.002018     0.006914    -0.003385     0.014334     0.028127     0.010941    -0.304699     0.785961     0.795163     0.978928    -0.799533     0.958717     0.048980     0.000715     0.058058     0.864221    -0.256145     1.988078    -0.116116    -0.018305     0.111390     0.004294     0.006116     0.069484    -0.046400     0.098991     0.061434
     0.948974     0.525007     0.810771     0.188111    -0.193176    -0.132485     0.009010    -0.025155     0.034093    -6.738506     1.401831    -2.123585     0.074154    -0.047389     0.002278    -0.067915    -0.006502     0.026807     1.461160    -0.519128    -0.576506     1.461160     0.808887     0.567573    -0.028710     0.019131    -0.056329    -0.028710    -0.030498     0.000935     0.096473    -0.082640     0.032070    -0.053891    -0.035057     0.040880    -0.020598    -0.008092     0.052902    -0.020598    -0.006834     0.045514     0.316198    -0.985276     0.369231     0.076801     0.004055    -0.030361     0.017997     0.037811     0.076614     0.017997     0.048807     0.045630     0.150123    -0.041394     0.024230     0.088971     0.326534    -0.170526     0.253092     0.049855    -0.323991     0.128538    -0.087068     0.078978     0.045268    -0.012003     0.006087    -0.058575     0.085131     0.091501     0.289226    -0.140809    -0.107464    -0.031107    -0.028555     0.043550     0.159576    -0.080729    -0.092029     0.915849    -0.702985     0.709969     0.176342    -0.028572    -0.045172     0.316875    -0.205104     0.619261    -0.001327     0.059391    -0.013753    -0.014681    -0.054602     0.009399
     0.587068     0.045193     0.328351    -0.154308     0.063116     0.045335    -0.025155     0.095287    -0.038025     1.401831    -5.830564     0.575399    -0.047389     0.024077    -0.007485    -0.006502    -0.145685    -0.052072    -0.808887     0.239606     0.292839     0.519128     0.239606     0.082483     0.030498     0.091192    -0.078796    -0.019131     0.091192     0.043521    -0.082640     0.094547     0.016334    -0.035057     0.029301    -0.018525     0.006834     0.064648     0.141994     0.008092     0.064648    -0.078081    -0.985276     1.466939    -0.574169     0.004055     0.035946    -0.003638    -0.048807    -0.011063    -0.042209    -0.037811    -0.011063     0.057459    -0.135794     0.125351     0.050457     0.485110     0.763555    -0.378831     0.315775     0.176251    -0.410608    -0.027654     0.023855     0.021690     0.038516    -0.028336     0.000998     0.020698     0.224679     0.300739    -0.285476     1.157804     0.630673    -0.076642    -0.017047     0.001290     0.171061    -0.013296    -0.126158    -0.810228     0.782972    -0.690223     0.020272    -0.032840    -0.033158    -0.136431     0.217958    -0.131455    -0.069260     0.070263     0.059869     0.006214     0.058033     0.018646
     0.769270     0.347644     0.320059    -0.186609     0.085989     0.028762     0.034093    -0.038025     0.067594    -2.123585     0.575399    -7.772183    -0.002278     0.007485    -0.023067    -0.026807     0.052072     1.387806    -0.567573     0.082483     0.117836     0.576506     0.292839     0.117836    -0.000935     0.043521     0.016750     0.056329    -0.078796     0.016750    -0.032070    -0.016334     0.253993    -0.040880     0.018525    -0.028353     0.045514     0.078081     0.057264     0.052902    -0.141994     0.057264     0.369231    -0.574169    -0.009641    -0.030361    -0.003638     0.060964     0.045630    -0.057459     0.106567     0.076614     0.042209     0.106567     0.117295     0.017279    -0.002192    -0.316444    -0.673536     0.296856    -0.559346    -0.189762     0.649537     0.152853    -0.014595     0.037941    -0.002018     0.006914    -0.003385     0.047120     0.287775     0.216038    -0.304699     0.785961     0.795163     0.014334     0.028127     0.010941     0.048980     0.000715     0.058058     0.978928    -0.799533     0.958717    -0.116116    -0.018305     0.111390     0.864221    -0.256145     1.988078    -0.046400     0.098991     0.061434     0.004294     0.006116     0.069484
     0.188111    -0.193176     0.132485     0.948974     0.525007    -0.810771    -0.067915    -0.006502    -0.026807     0.074154    -0.047389    -0.002278    -6.738506     1.401831     2.123585     0.009010    -0.025155    -0.034093     0.017997     0.048807    -0.045630     0.017997     0.037811    -0.076614    -0.020598    -0.006834    -0.045514    -0.020598    -0.008092    -0.052902     0.076801     0.004055     0.030361     0.316198    -0.985276    -0.369231    -0.028710    -0.030498    -0.000935    -0.028710     0.019131     0.056329    -0.053891    -0.035057    -0.040880     0.096473    -0.082640    -0.032070     1.461160     0.808887    -0.567573     1.461160    -0.519128     0.576506     0.088971     0.326534     0.170526     0.150123    -0.041394    -0.024230     0.128538    -0.087068    -0.078978     0.253092     0.049855     0.323991    -0.058575     0.085131    -0.091501     0.045268    -0.012003    -0.006087    -0.031107    -0.028555    -0.043550     0.289226    -0.140809     0.107464     0.915849    -0.702985    -0.709969     0.159576    -0.080729     0.092029     0.316875    -0.205104    -0.619261     0.176342    -0.028572     0.045172    -0.014681    -0.054602    -0.009399    -0.001327     0.059391     0.013753
    -0.154308     0.063116    -0.045335     0.587068     0.045193    -0.328351    -0.006502    -0.145685     0.052072    -0.047389     0.024077     0.007485     1.401831    -5.830564    -0.575399    -0.025155     0.095287     0.038025    -0.037811    -0.011063    -0.057459    -0.048807    -0.011063     0.042209     0.008092     0.064648     0.078081     0.006834     0.064648    -0.141994     0.004055     0.035946     0.003638    -0.985276     1.466939     0.574169    -0.019131     0.091192    -0.043521     0.030498     0.091192     0.078796    -0.035057     0.029301     0.018525    -0.082640     0.094547    -0.016334     0.519128     0.239606    -0.082483    -0.808887     0.239606    -0.292839     0.485110     0.763555     0.378831    -0.135794     0.125351    -0.050457    -0.027654     0.023855    -0.021690     0.315775     0.176251     0.410608     0.020698     0.224679    -0.300739     0.038516    -0.028336    -0.000998    -0.076642    -0.017047    -0.001290    -0.285476     1.157804    -0.630673    -0.810228     0.782972     0.690223     0.171061    -0.013296     0.126158    -0.136431     0.217958     0.131455     0.020272    -0.032840     0.033158     0.006214     0.058033    -0.018646    -0.069260     0.070263    -0.059869
     0.186609    -0.085989     0.028762    -0.769270    -0.347644     0.320059     0.026807    -0.052072     1.387806     0.002278    -0.007485    -0.023067     2.123585    -0.575399    -7.772183    -0.034093     0.038025     0.067594    -0.076614    -0.042209     0.106567    -0.045630     0.057459     0.106567    -0.052902     0.141994     0.057264    -0.045514    -0.078081     0.057264     0.030361     0.003638     0.060964    -0.369231     0.574169    -0.009641    -0.056329     0.078796     0.016750     0.000935    -0.043521     0.016750     0.040880    -0.018525    -0.028353     0.032070     0.016334     0.253993    -0.576506    -0.292839     0.117836     0.567573    -0.082483     0.117836     0.316444     0.673536     0.296856    -0.117295    -0.017279    -0.002192    -0.152853     0.014595     0.037941     0.559346     0.189762     0.649537    -0.047120    -0.287775     0.216038     0.002018    -0.006914    -0.003385    -0.014334    -0.028127     0.010941     0.304699    -0.785961     0.795163    -0.978928     0.799533     0.958717    -0.048980    -0.000715     0.058058    -0.864221     0.256145     1.988078     0.116116     0.018305     0.111390    -0.004294    -0.006116     0.069484     0.046400    -0.098991     0.061434
     0.948974     0.525007    -0.810771     0.188111    -0.193176     0.132485     0.074154    -0.047389    -0.002278    -0.067915    -0.006502    -0.026807     0.009010    -0.025155    -0.034093    -6.738506     1.401831     2.123585     0.017997     0.037811    -0.076614     0.017997     0.048807    -0.045630    -0.020598    -0.008092    -0.052902    -0.020598    -0.006834    -0.045514     0.316198    -0.985276    -0.369231     0.076801     0.004055     0.030361    -0.028710     0.019131     0.056329    -0.028710    -0.030498    -0.000935     0.096473    -0.082640    -0.032070    -0.053891    -0.035057    -0.040880     1.461160    -0.519128     0.576506     1.461160     0.808887    -0.567573     0.150123    -0.041394    -0.024230     0.088971     0.326534     0.170526     0.253092     0.049855     0.323991     0.128538    -0.087068    -0.078978     0.045268    -0.012003    -0.006087    -0.058575     0.085131    -0.091501     0.289226    -0.140809     0.107464    -0.031107    -0.028555    -0.043550     0.159576    -0.080729     0.092029     0.915849    -0.702985    -0.709969     0.176342    -0.028572     0.045172     0.316875    -0.205104    -0.619261    -0.001327     0.059391     0.013753    -0.014681    -0.054602    -0.009399
     0.587068     0.045193    -0.328351    -0.154308     0.063116    -0.045335    -0.047389     0.024077     0.007485    -0.006502    -0.145685     0.052072    -0.025155     0.095287     0.038025     1.401831    -5.830564    -0.575399    -0.048807    -0.011063     0.042209    -0.037811    -0.011063    -0.057459     0.006834     0.064648    -0.141994     0.008092     0.064648     0.078081    -0.985276     1.466939     0.574169     0.004055     0.035946     0.003638     0.030498     0.091192     0.078796    -0.019131     0.091192    -0.043521    -0.082640     0.094547    -0.016334    -0.035057     0.029301     0.018525    -0.808887     0.239606    -0.292839     0.519128     0.239606    -0.082483    -0.135794     0.125351    -0.050457     0.485110     0.763555     0.378831     0.315775     0.176251     0.410608    -0.027654     0.023855    -0.021690     0.038516    -0.028336    -0.000998     0.020698     0.224679    -0.300739    -0.285476     1.157804    -0.630673    -0.076642    -0.017047    -0.001290     0.171061    -0.013296     0.126158    -0.810228     0.782972     0.690223     0.020272    -0.032840     0.033158    -0.136431     0.217958     0.131455    -0.069260     0.070263    -0.059869     0.006214     0.058033    -0.018646
    -0.769270    -0.347644     0.320059     0.186609    -0.085989     0.028762     0.002278    -0.007485    -0.023067     0.026807    -0.052072     1.387806    -0.034093     0.038025     0.067594     2.123585    -0.575399    -7.772183    -0.045630     0.057459     0.106567    -0.076614    -0.042209     0.106567    -0.045514    -0.078081     0.057264    -0.052902     0.141994     0.057264    -0.369231     0.574169    -0.009641     0.030361     0.003638     0.060964     0.000935    -0.043521     0.016750    -0.056329     0.078796     0.016750     0.032070     0.016334     0.253993     0.040880    -0.018525    -0.028353     0.567573    -0.082483     0.117836    -0.576506    -0.292839     0.117836    -0.117295    -0.017279    -0.002192     0.316444     0.673536     0.296856     0.559346     0.189762     0.649537    -0.152853     0.014595     0.037941     0.002018    -0.006914    -0.003385    -0.047120    -0.287775     0.216038     0.304699    -0.785961     0.795163    -0.014334    -0.028127     0.010941    -0.048980    -0.000715     0.058058    -0.978928     0.799533     0.958717     0.116116     0.018305     0.111390    -0.864221     0.256145     1.988078     0.046400    -0.098991     0.061434    -0.004294    -0.006116     0.069484
    -0.058575    -0.085131    -0.091501     0.045268     0.012003    -0.006087     1.461160     0.519128     0.576506     1.461160    -0.808887    -0.567573     0.017997    -0.037811    -0.076614     0.017997    -0.048807    -0.045630    -6.738506    -1.401831     2.123585     0.009010     0.025155    -0.034093     0.076801    -0.004055     0.030361     0.316198     0.985276    -0.369231    -0.020598     0.008092    -0.052902    -0.020598     0.006834    -0.045514    -0.053891     0.035057    -0.040880     0.096473     0.082640    -0.032070    -0.028710    -0.019131     0.056329    -0.028710     0.030498    -0.000935    -0.067915     0.006502    -0.026807     0.074154     0.047389    -0.002278     0.253092    -0.049855     0.323991     0.128538     0.087068    -0.078978     0.088971    -0.326534     0.170526     0.150123     0.041394    -0.024230     0.948974    -0.525007    -0.810771     0.188111     0.193176     0.132485    -0.014681     0.054602    -0.009399    -0.001327    -0.059391     0.013753     0.176342     0.028572     0.045172     0.316875     0.205104    -0.619261     0.915849     0.702985    -0.709969     0.159576     0.080729     0.092029     0.289226     0.140809     0.107464    -0.031107     0.028555    -0.043550
    -0.020698     0.224679     0.300739    -0.038516    -0.028336     0.000998     0.808887     0.239606     0.292839    -0.519128     0.239606     0.082483     0.048807    -0.011063    -0.042209     0.037811    -0.011063     0.057459    -1.401831    -5.830564     0.575399     0.025155     0.095287    -0.038025    -0.004055     0.035946    -0.003638     0.985276     1.466939    -0.574169    -0.006834     0.064648     0.141994    -0.008092     0.064648    -0.078081     0.035057     0.029301    -0.018525     0.082640     0.094547     0.016334    -0.030498     0.091192    -0.078796     0.019131     0.091192     0.043521     0.006502    -0.145685    -0.052072     0.047389     0.024077    -0.007485    -0.315775     0.176251    -0.410608     0.027654     0.023855     0.021690    -0.485110     0.763555    -0.378831     0.135794     0.125351     0.050457    -0.587068     0.045193     0.328351     0.154308     0.063116     0.045335    -0.006214     0.058033     0.018646     0.069260     0.070263     0.059869    -0.020272    -0.032840    -0.033158     0.136431     0.217958    -0.131455     0.810228     0.782972    -0.690223    -0.171061    -0.013296    -0.126158     0.285476     1.157804     0.630673     0.076642    -0.017047     0.001290
    -0.047120     0.287775     0.216038     0.002018     0.006914    -0.003385     0.567573     0.082483     0.117836    -0.576506     0.292839     0.117836    -0.045630    -0.057459     0.106567    -0.076614     0.042209     0.106567     2.123585     0.575399    -7.772183    -0.034093    -0.038025     0.067594     0.030361    -0.003638     0.060964    -0.369231    -0.574169    -0.009641    -0.045514     0.078081     0.057264    -0.052902    -0.141994     0.057264     0.040880     0.018525    -0.028353     0.032070    -0.016334     0.253993     0.000935     0.043521     0.016750    -0.056329    -0.078796     0.016750     0.026807     0.052072     1.387806     0.002278     0.007485    -0.023067     0.559346    -0.189762     0.649537    -0.152853    -0.014595     0.037941     0.316444    -0.673536     0.296856    -0.117295     0.017279    -0.002192    -0.769270     0.347644     0.320059     0.186609     0.085989     0.028762    -0.004294     0.006116     0.069484     0.046400     0.098991     0.061434     0.116116    -0.018305     0.111390    -0.864221    -0.256145     1.988078    -0.978928    -0.799533     0.958717    -0.048980     0.000715     0.058058     0.304699     0.785961     0.795163    -0.014334     0.028127     0.010941
     0.045268     0.012003    -0.006087    -0.058575    -0.085131    -0.091501     1.461160    -0.808887    -0.567573     1.461160     0.519128     0.576506     0.017997    -0.048807    -0.045630     0.017997    -0.037811    -0.076614     0.009010     0.025155    -0.034093    -6.738506    -1.401831     2.123585     0.316198     0.985276    -0.369231     0.076801    -0.004055     0.030361    -0.020598     0.006834    -0.045514    -0.020598     0.008092    -0.052902     0.096473     0.082640    -0.032070    -0.053891     0.035057    -0.040880    -0.028710     0.030498    -0.000935    -0.028710    -0.019131     0.056329     0.074154     0.047389    -0.002278    -0.067915     0.006502    -0.026807     0.128538     0.087068    -0.078978     0.253092    -0.049855     0.323991     0.150123     0.041394    -0.024230     0.088971    -0.326534     0.170526     0.188111     0.193176     0.132485     0.948974    -0.525007    -0.810771    -0.001327    -0.059391     0.013753    -0.014681     0.054602    -0.009399     0.316875     0.205104    -0.619261     0.176342     0.028572     0.045172     0.159576     0.080729     0.092029     0.915849     0.702985    -0.709969    -0.031107     0.028555    -0.043550     0.289226     0.140809     0.107464
    -0.038516    -0.028336     0.000998    -0.020698     0.224679     0.300739    -0.519128     0.239606     0.082483     0.808887     0.239606     0.292839     0.037811    -0.011063     0.057459     0.048807    -0.011063    -0.042209     0.025155     0.095287    -0.038025    -1.401831    -5.830564     0.575399     0.985276     1.466939    -0.574169    -0.004055     0.035946    -0.003638    -0.008092     0.064648    -0.078081    -0.006834     0.064648     0.141994     0.082640     0.094547     0.016334     0.035057     0.029301    -0.018525     0.019131     0.091192     0.043521    -0.030498     0.091192    -0.078796     0.047389     0.024077    -0.007485     0.006502    -0.145685    -0.052072     0.027654     0.023855     0.021690    -0.315775     0.176251    -0.410608     0.135794     0.125351     0.050457    -0.485110     0.763555    -0.378831     0.154308     0.063116     0.045335    -0.587068     0.045193     0.328351     0.069260     0.070263     0.059869    -0.006214     0.058033     0.018646     0.136431     0.217958    -0.131455    -0.020272    -0.032840    -0.033158    -0.171061    -0.013296    -0.126158     0.810228     0.782972    -0.690223     0.076642    -0.017047     0.001290     0.285476     1.157804     0.630673
     0.002018     0.006914    -0.003385    -0.047120     0.287775     0.216038    -0.576506     0.292839     0.117836     0.567573     0.082483     0.117836    -0.076614     0.042209     0.106567    -0.045630    -0.057459     0.106567    -0.034093    -0.038025     0.067594     2.123585     0.575399    -7.772183    -0.369231    -0.574169    -0.009641     0.030361    -0.003638     0.060964    -0.052902    -0.141994     0.057264    -0.045514     0.078081     0.057264     0.032070    -0.016334     0.253993     0.040880     0.018525    -0.028353    -0.056329    -0.078796     0.016750     0.000935     0.043521     0.016750     0.002278     0.007485    -0.023067     0.026807     0.052072     1.387806    -0.152853    -0.014595     0.037941     0.559346    -0.189762     0.649537    -0.117295     0.017279    -0.002192     0.316444    -0.673536     0.296856     0.186609     0.085989     0.028762    -0.769270     0.347644     0.320059     0.046400     0.098991     0.061434    -0.004294     0.006116     0.069484    -0.864221    -0.256145     1.988078     0.116116    -0.018305     0.111390    -0.048980     0.000715     0.058058    -0.978928    -0.799533     0.958717    -0.014334     0.028127     0.010941     0.304699     0.785961     0.795163
     0.088971    -0.326534     0.170526     0.150123     0.041394    -0.024230    -0.028710    -0.019131     0.056329    -0.028710     0.030498    -0.000935    -0.020598     0.008092    -0.052902    -0.020598     0.006834    -0.045514     0.076801    -0.004055     0.030361     0.316198     0.985276    -0.369231    -6.738506    -1.401831     2.123585     0.009010     0.025155    -0.034093     0.017997    -0.037811    -0.076614     0.017997    -0.048807    -0.045630    -0.067915     0.006502    -0.026807     0.074154     0.047389    -0.002278     1.461160     0.519128     0.576506     1.461160    -0.808887    -0.567573    -0.053891     0.035057    -0.040880     0.096473     0.082640    -0.032070     0.948974    -0.525007    -0.810771     0.188111     0.193176     0.132485    -0.058575    -0.085131    -0.091501     0.045268     0.012003    -0.006087     0.253092    -0.049855     0.323991     0.128538     0.087068    -0.078978     0.915849     0.702985    -0.709969     0.159576     0.080729     0.092029     0.289226     0.140809     0.107464    -0.031107     0.028555    -0.043550    -0.014681     0.054602    -0.009399    -0.001327    -0.059391     0.013753     0.176342     0.028572     0.045172     0.316875     0.205104    -0.619261
    -0.485110     0.763555    -0.378831     0.135794     0.125351     0.050457    -0.030498     0.091192    -0.078796     0.019131     0.091192     0.043521    -0.006834     0.064648     0.141994    -0.008092     0.064648    -0.078081    -0.004055     0.035946    -0.003638     0.985276     1.466939    -0.574169    -1.401831    -5.830564     0.575399     0.025155     0.095287    -0.038025     0.048807    -0.011063    -0.042209     0.037811    -0.011063     0.057459     0.006502    -0.145685    -0.052072     0.047389     0.024077    -0.007485     0.808887     0.239606     0.292839    -0.519128     0.239606     0.082483     0.035057     0.029301    -0.018525     0.082640     0.094547     0.016334    -0.587068     0.045193     0.328351     0.154308     0.063116     0.045335    -0.020698     0.224679     0.300739    -0.038516    -0.028336     0.000998    -0.315775     0.176251    -0.410608     0.027654     0.023855     0.021690     0.810228     0.782972    -0.690223    -0.171061    -0.013296    -0.126158     0.285476     1.157804     0.630673     0.076642    -0.017047     0.001290    -0.006214     0.058033     0.018646     0.069260     0.070263     0.059869    -0.020272    -0.032840    -0.033158     0.136431     0.217958    -0.131455
     0.316444    -0.673536     0.296856    -0.117295     0.017279    -0.002192     0.000935     0.043521     0.016750    -0.056329    -0.078796     0.016750    -0.045514     0.078081     0.057264    -0.052902    -0.141994     0.057264     0.030361    -0.003638     0.060964    -0.369231    -0.574169    -0.009641     2.123585     0.575399    -7.772183    -0.034093    -0.038025     0.067594    -0.045630    -0.057459     0.106567    -0.076614     0.042209     0.106567     0.026807     0.052072     1.387806     0.002278     0.007485    -0.023067     0.567573     0.082483     0.117836    -0.576506     0.292839     0.117836     0.040880     0.018525    -0.028353     0.032070    -0.016334     0.253993    -0.769270     0.347644     0.320059     0.186609     0.085989     0.028762    -0.047120     0.287775     0.216038     0.002018     0.006914    -0.003385     0.559346    -0.189762     0.649537    -0.152853    -0.014595     0.037941    -0.978928    -0.799533     0.958717    -0.048980     0.000715     0.058058     0.304699     0.785961     0.795163    -0.014334     0.028127     0.010941    -0.004294     0.006116     0.069484     0.046400     0.098991     0.061434     0.116116    -0.018305     0.111390    -0.864221    -0.256145     1.988078
     0.150123     0.041394    -0.024230     0.088971    -0.326534     0.170526    -0.028710     0.030498    -0.000935    -0.028710    -0.019131     0.056329    -0.020598     0.006834    -0.045514    -0.020598     0.008092    -0.052902     0.316198     0.985276    -0.369231     0.076801    -0.004055     0.030361     0.009010     0.025155    -0.034093    -6.738506    -1.401831     2.123585     0.017997    -0.048807    -0.045630     0.017997    -0.037811    -0.076614     0.074154     0.047389    -0.002278    -0.067915     0.006502    -0.026807     1.461160    -0.808887    -0.567573     1.461160     0.519128     0.576506     0.096473     0.082640    -0.032070    -0.053891     0.035057    -0.040880     0.188111     0.193176     0.132485     0.948974    -0.525007    -0.810771     0.045268     0.012003    -0.006087    -0.058575    -0.085131    -0.091501     0.128538     0.087068    -0.078978     0.253092    -0.049855     0.323991     0.159576     0.080729     0.092029     0.915849     0.702985    -0.709969    -0.031107     0.028555    -0.043550     0.289226     0.140809     0.107464    -0.001327    -0.059391     0.013753    -0.014681     0.054602    -0.009399     0.316875     0.205104    -0.619261     0.176342     0.028572     0.045172
     0.135794     0.125351     0.050457    -0.485110     0.763555    -0.378831     0.019131     0.091192     0.043521    -0.030498     0.091192    -0.078796    -0.008092     0.064648    -0.078081    -0.006834     0.064648     0.141994     0.985276     1.466939    -0.574169    -0.004055     0.035946    -0.003638     0.025155     0.095287    -0.038025    -1.401831    -5.830564     0.575399     0.037811    -0.011063     0.057459     0.048807    -0.011063    -0.042209     0.047389     0.024077    -0.007485     0.006502    -0.145685    -0.052072    -0.519128     0.239606     0.082483     0.808887     0.239606     0.292839     0.082640     0.094547     0.016334     0.035057     0.029301    -0.018525     0.154308     0.063116     0.045335    -0.587068     0.045193     0.328351    -0.038516    -0.028336     0.000998    -0.020698     0.224679     0.300739     0.027654     0.023855     0.021690    -0.315775     0.176251    -0.410608    -0.171061    -0.013296    -0.126158     0.810228     0.782972    -0.690223     0.076642    -0.017047     0.001290     0.285476     1.157804     0.630673     0.069260     0.070263     0.059869    -0.006214     0.058033     0.018646     0.136431     0.217958    -0.131455    -0.020272    -0.032840    -0.033158
    -0.117295     0.017279    -0.002192     0.316444    -0.673536     0.296856    -0.056329    -0.078796     0.016750     0.000935     0.043521     0.016750    -0.052902    -0.141994     0.057264    -0.045514     0.078081     0.057264    -0.369231    -0.574169    -0.009641     0.030361    -0.003638     0.060964    -0.034093    -0.038025     0.067594     2.123585     0.575399    -7.772183    -0.076614     0.042209     0.106567    -0.045630    -0.057459     0.106567     0.002278     0.007485    -0.023067     0.026807     0.052072     1.387806    -0.576506     0.292839     0.117836     0.567573     0.082483     0.117836     0.032070    -0.016334     0.253993     0.040880     0.018525    -0.028353     0.186609     0.085989     0.028762    -0.769270     0.347644     0.320059     0.002018     0.006914    -0.003385    -0.047120     0.287775     0.216038    -0.152853    -0.014595     0.037941     0.559346    -0.189762     0.649537    -0.048980     0.000715     0.058058    -0.978928    -0.799533     0.958717    -0.014334     0.028127     0.010941     0.304699     0.785961     0.795163     0.046400     0.098991     0.061434    -0.004294     0.006116     0.069484    -0.864221    -0.256145     1.988078     0.116116    -0.018305     0.111390
