4.819031 0.000000 0.000000
0.000000 6.597950 0.000000
0.000000 0.000000 7.370454
0.000000 0.000000 7.370454
-4.819031 6.597950 0.000000
-4.819031 -6.597950 0.000000
32 2
direct
0.250000 0.045736 0.038260 Al
0.250000 0.545736 0.538260 Al
0.445025 0.404197 0.232789 Al
0.445025 0.904197 0.732789 Al
0.054975 0.404197 0.232789 Al
0.054975 0.904197 0.732789 Al
0.554975 0.232789 0.904197 Al
0.554975 0.732789 0.404197 Al
0.445025 0.767211 0.095803 Al
0.445025 0.267211 0.595803 Al
0.945025 0.595803 0.767212 Al
0.945025 0.095803 0.267212 Al
0.054975 0.767211 0.095803 Al
0.054975 0.267211 0.595803 Al
0.554975 0.595803 0.767212 Al
0.554975 0.095803 0.267212 Al
0.945025 0.232789 0.904197 Al
0.945025 0.732789 0.404197 Al
0.250000 0.461740 0.954264 Al
0.250000 0.961739 0.454263 Al
0.750000 0.954264 0.961740 Al
0.750000 0.454263 0.461739 Al
0.750000 0.538261 0.045736 Al
0.750000 0.038260 0.545736 Al
0.250000 0.713524 0.843098 Ni
0.250000 0.213524 0.343098 Ni
0.250000 0.656902 0.286476 Ni
0.250000 0.156902 0.786476 Ni
0.750000 0.286476 0.156902 Ni
0.750000 0.786476 0.656902 Ni
0.750000 0.343098 0.713524 Ni
0.750000 0.843098 0.213524 Ni
-6.84732683016 -1.9528843086 0.0 0.34702386642 0.03794694516 -0.0 0.2042240598 -0.17485307351999999 -0.19570638204000002 1.00683009216 0.62863634952 0.81445355874 0.2042240598 -0.17485307351999999 0.19570638204000002 1.00683009216 0.62863634952 -0.81445355874 -0.05958192222 -0.02605031154 -0.05521083822 0.046196421839999995 -0.038124486719999996 -0.00034698852 0.09446128379999999 -0.5135834826 0.33919692786 0.15515243604 0.1397708073 -0.11747612034 0.13238556408 -0.0196226595 -0.15493658004 0.26975983014 0.33346703033999997 0.5943562581599999 0.09446128379999999 -0.5135834826 -0.33919692786 0.15515243604 0.1397708073 0.11747612034 0.13238556408 -0.0196226595 0.15493658004 0.26975983014 0.33346703033999997 -0.5943562581599999 -0.05958192222 -0.02605031154 0.05521083822 0.046196421839999995 -0.038124486719999996 0.00034698852 0.08757493776 -0.16822953216 0.0 0.08757493776 0.11784469445999998 0.0 0.10930489145999998 0.0018428706000000001 -0.0 -0.03855161178 0.0501339051 0.0 0.03701363778 0.01878136074 -0.0 0.03701363778 -0.04439051658 0.0 0.01856516014393292 0.035709669489121056 0.0 1.8922519480148268 0.5940696048912453 0.0 0.016039426076808784 0.05454025654699313 0.0 0.35315667708774495 0.5550136461677699 0.0 0.09416606735556723 0.055858636405884295 0.0 0.001039422937344925 -0.0667443234085912 -0.0 0.10198322822126543 0.01304213145043743 0.0 -0.0032523750639050814 0.04230077290077648 -0.0
-1.9528843086 -6.183818674019999 0.0 0.03794694516 0.015385676039999999 0.0 -0.2080609002 0.04878156726 0.0929988594 0.55097244 0.05747678658 0.3672749367 -0.2080609002 0.04878156726 -0.0929988594 0.55097244 0.05747678658 -0.3672749367 -0.08639717345999999 0.243701424 0.30999916602 0.01192820256 -0.03525630012 0.0071928615599999995 -0.36209655126 0.83448688428 -0.7249591215 0.043430766839999996 0.14333027274000001 0.01758039192 -0.09111200813999999 0.028456296479999997 0.0167625675 0.06040541286 0.18378006821999998 0.21469523436000001 -0.36209655126 0.83448688428 0.7249591215 0.043430766839999996 0.14333027274000001 -0.01758039192 -0.09111200813999999 0.028456296479999997 -0.0167625675 0.06040541286 0.18378006821999998 -0.21469523436000001 -0.08639717345999999 0.243701424 -0.30999916602 0.01192820256 -0.03525630012 -0.0071928615599999995 -0.11784469445999998 0.18607974408 0.0 0.16822953216 0.18607974408 0.0 0.0018428706000000001 -0.051177029219999996 0.0 0.0501339051 0.0567364005 -0.0 0.04439051658 -0.03542250924 -0.0 -0.01878136074 -0.03542250924 0.0 -0.04142967917571981 0.19340190814979236 0.0 1.1824188021544915 0.6055283275102527 0.0 0.003773678298178378 0.19262990183338763 0.0 0.46548518789023396 1.975660067557154 0.0 -0.0219838747131252 0.012052053246718377 0.0 -0.018726326411017413 -0.024005417026185014 -0.0 0.05834497427438777 -0.09268492946399075 -0.0 0.024837114552621036 0.12736273690237082 0.0
0.0 0.0 -3.77332396254 -0.0 0.0 0.07117123086 -0.1428197733 0.0482600052 0.0316782171 0.8568177271199999 0.35631970506 0.34217439155999996 0.1428197733 -0.0482600052 0.0316782171 -0.8568177271199999 -0.35631970506 0.34217439155999996 -0.09092556252 0.32469356322 0.23626626408 -0.0066834414 0.00222358662 -0.004573988639999999 0.18783681192 -0.42455178666 0.31936084074 -0.02610022824 0.05274387396 -0.00169339032 -0.08193435065999999 -0.020969870760000002 0.03914494596 0.35453970252 0.44963830116 0.69576567678 -0.18783681192 0.42455178666 0.31936084074 0.02610022824 -0.05274387396 -0.00169339032 0.08193435065999999 0.020969870760000002 0.03914494596 -0.35453970252 -0.44963830116 0.69576567678 0.09092556252 -0.32469356322 0.23626626408 0.0066834414 -0.00222358662 -0.004573988639999999 0.0 0.0 -0.0818242641 0.0 -0.0 -0.0818242641 -0.0 0.0 -0.07354861488 0.0 -0.0 -0.08460017226 0.0 0.0 0.04785743376 -0.0 0.0 0.04785743376 0.0 0.0 0.11632105687078215 -0.0 0.0 -0.003734680040957933 0.0 -0.0 0.05095002923431092 0.0 -0.0 0.09303193436497266 -0.0 0.0 0.2522892765526645 0.0 0.0 -0.045431775837617934 0.0 -0.0 -0.012118111519153008 0.0 0.0 0.3070826238301903
0.34702386642 0.03794694516 -0.0 -6.84732683016 -1.9528843086 0.0 1.00683009216 0.62863634952 0.81445355874 0.2042240598 -0.17485307351999999 -0.19570638204000002 1.00683009216 0.62863634952 -0.81445355874 0.2042240598 -0.17485307351999999 0.19570638204000002 0.046196421839999995 -0.038124486719999996 -0.00034698852 -0.05958192222 -0.02605031154 -0.05521083822 0.15515243604 0.1397708073 -0.11747612034 0.09446128379999999 -0.5135834826 0.33919692786 0.26975983014 0.33346703033999997 0.5943562581599999 0.13238556408 -0.0196226595 -0.15493658004 0.15515243604 0.1397708073 0.11747612034 0.09446128379999999 -0.5135834826 -0.33919692786 0.26975983014 0.33346703033999997 -0.5943562581599999 0.13238556408 -0.0196226595 0.15493658004 0.046196421839999995 -0.038124486719999996 0.00034698852 -0.05958192222 -0.02605031154 0.05521083822 0.08757493776 0.11784469445999998 0.0 0.08757493776 -0.16822953216 0.0 -0.03855161178 0.0501339051 0.0 0.10930489145999998 0.0018428706000000001 -0.0 0.03701363778 -0.04439051658 0.0 0.03701363778 0.01878136074 -0.0 1.8922519480148268 0.5940696048912453 0.0 0.01856516014393292 0.035709669489121056 0.0 0.35315667708774495 0.5550136461677699 0.0 0.016039426076808784 0.05454025654699313 0.0 0.001039422937344925 -0.0667443234085912 -0.0 0.09416606735556723 0.055858636405884295 0.0 -0.0032523750639050814 0.04230077290077648 -0.0 0.10198322822126543 0.01304213145043743 0.0
0.03794694516 0.015385676039999999 0.0 -1.9528843086 -6.183818674019999 0.0 0.55097244 0.05747678658 0.3672749367 -0.2080609002 0.04878156726 0.0929988594 0.55097244 0.05747678658 -0.3672749367 -0.2080609002 0.04878156726 -0.0929988594 0.01192820256 -0.03525630012 0.0071928615599999995 -0.08639717345999999 0.243701424 0.30999916602 0.043430766839999996 0.14333027274000001 0.01758039192 -0.36209655126 0.83448688428 -0.7249591215 0.06040541286 0.18378006821999998 0.21469523436000001 -0.09111200813999999 0.028456296479999997 0.0167625675 0.043430766839999996 0.14333027274000001 -0.01758039192 -0.36209655126 0.83448688428 0.7249591215 0.06040541286 0.18378006821999998 -0.21469523436000001 -0.09111200813999999 0.028456296479999997 -0.0167625675 0.01192820256 -0.03525630012 -0.0071928615599999995 -0.08639717345999999 0.243701424 -0.30999916602 0.16822953216 0.18607974408 0.0 -0.11784469445999998 0.18607974408 0.0 0.0501339051 0.0567364005 -0.0 0.0018428706000000001 -0.051177029219999996 0.0 -0.01878136074 -0.03542250924 0.0 0.04439051658 -0.03542250924 -0.0 1.1824188021544915 0.6055283275102527 0.0 -0.04142967917571981 0.19340190814979236 0.0 0.46548518789023396 1.975660067557154 0.0 0.003773678298178378 0.19262990183338763 0.0 -0.018726326411017413 -0.024005417026185014 -0.0 -0.0219838747131252 0.012052053246718377 0.0 0.024837114552621036 0.12736273690237082 0.0 0.05834497427438777 -0.09268492946399075 -0.0
-0.0 0.0 0.07117123086 0.0 0.0 -3.77332396254 0.8568177271199999 0.35631970506 0.34217439155999996 -0.1428197733 0.0482600052 0.0316782171 -0.8568177271199999 -0.35631970506 0.34217439155999996 0.1428197733 -0.0482600052 0.0316782171 -0.0066834414 0.00222358662 -0.004573988639999999 -0.09092556252 0.32469356322 0.23626626408 -0.02610022824 0.05274387396 -0.00169339032 0.18783681192 -0.42455178666 0.31936084074 0.35453970252 0.44963830116 0.69576567678 -0.08193435065999999 -0.020969870760000002 0.03914494596 0.02610022824 -0.05274387396 -0.00169339032 -0.18783681192 0.42455178666 0.31936084074 -0.35453970252 -0.44963830116 0.69576567678 0.08193435065999999 0.020969870760000002 0.03914494596 0.0066834414 -0.00222358662 -0.004573988639999999 0.09092556252 -0.32469356322 0.23626626408 0.0 -0.0 -0.0818242641 0.0 0.0 -0.0818242641 0.0 -0.0 -0.08460017226 -0.0 0.0 -0.07354861488 -0.0 0.0 0.04785743376 0.0 0.0 0.04785743376 -0.0 0.0 -0.003734680040957933 0.0 0.0 0.11632105687078215 0.0 -0.0 0.09303193436497266 0.0 -0.0 0.05095002923431092 0.0 0.0 -0.045431775837617934 -0.0 0.0 0.2522892765526645 0.0 0.0 0.3070826238301903 0.0 -0.0 -0.012118111519153008
0.2042240598 -0.2080609002 -0.1428197733 1.00683009216 0.55097244 0.8568177271199999 -7.207536799979999 1.48749418566 -2.2798173778199997 0.01629766764 -0.0183545055 0.03607331508 -0.07333060032 -0.01171990152 0.02258474346 0.0770727339 -0.04136232672 0.00186283728 1.57630759722 0.87416607384 0.62040495078 1.57630759722 -0.57602981394 -0.6160314384 -0.02623837608 -0.04099267332 0.0016682970599999998 -0.02623837608 0.02492543196 -0.056614441859999996 -0.0544213449 -0.03538176642 0.041628908879999996 0.09591237576 -0.09016736832 0.030922181459999996 -0.020272655879999997 -0.014923204559999998 0.04504294134 -0.020272655879999997 -0.00258973236 0.05421844026 0.0803186685 0.0040958676 -0.0313072146 0.33307687062 -1.05163235406 0.38897574984 0.01797109128 0.05549441904 0.04586454324 0.01797109128 0.03688601292 0.0770902722 0.09446128379999999 0.36209655126 -0.18783681192 0.15515243604 -0.043430766839999996 0.02610022824 0.13238556408 -0.09111200813999999 0.08193435065999999 0.26975983014 0.06040541286 -0.35453970252 -0.05958192222 0.08639717345999999 0.09092556252 0.046196421839999995 -0.01192820256 0.0066834414 -0.029003958954205534 -0.02828806237523022 0.047339904851618285 0.2892771338192556 -0.16641710386024539 -0.12184090203307597 0.9964102472791753 -0.7756108696078196 0.7886239513360418 0.16303420401707186 -0.08630035763904359 -0.09141987375272752 0.3423354565918718 -0.21576342925171552 0.6881174836509506 0.18604237989433403 -0.029761241438802547 -0.04940840424990271 -0.010753968399237845 -0.05337588000998269 0.011257364270501754 0.001747758629716275 0.06045804310949557 -0.015525285787739242
-0.17485307351999999 0.04878156726 0.0482600052 0.62863634952 0.05747678658 0.35631970506 1.48749418566 -6.2892573146999995 0.58830311628 -0.0183545055 0.08936465382 -0.02469959262 -0.01171990152 -0.17052003414 -0.04247452475999999 -0.04136232672 0.015279366959999999 -0.02036169648 0.57602981394 0.24968765051999997 0.11263312116 -0.87416607384 0.24968765051999997 0.31394690244 -0.02492543196 0.10960682004 0.04169285622 0.04099267332 0.10960682004 -0.0811159866 -0.03538176642 0.038537311319999996 -0.02350186164 -0.09016736832 0.09143498268 0.031946688 0.00258973236 0.07662672144 -0.07724595834 0.014923204559999998 0.07662672144 0.1479436551 0.0040958676 0.045300619439999995 0.00263020536 -1.05163235406 1.55882002338 -0.62778560706 -0.03688601292 -0.01205366886 0.04784825988 -0.05549441904 -0.01205366886 -0.04696837686 0.5135834826 0.83448688428 -0.42455178666 -0.1397708073 0.14333027274000001 0.05274387396 -0.0196226595 0.028456296479999997 0.020969870760000002 0.33346703033999997 0.18378006821999998 -0.44963830116 0.02605031154 0.243701424 0.32469356322 0.038124486719999996 -0.03525630012 0.00222358662 -0.08171567476724004 -0.017683719942470817 0.0002371730745243397 -0.3187578265709111 1.2955810001904178 0.7399250766027111 -0.8881280046340075 0.8359165011610352 -0.7665867524752886 0.19296735614076452 -0.010381893190042783 -0.13807531939598697 -0.15139959129917233 0.20762035437924647 -0.1533447288633921 0.022631325371264638 -0.031989713279970834 -0.03695840960297571 0.01193227288525558 0.07592363768720352 0.022256464572268115 -0.06956572793607034 0.0758169893919476 0.06390341975250183
-0.19570638204000002 0.0929988594 0.0316782171 0.81445355874 0.3672749367 0.34217439155999996 -2.2798173778199997 0.58830311628 -8.33715549846 0.03607331508 -0.02469959262 0.06536983104 -0.02258474346 0.04247452475999999 1.46841143598 -0.00186283728 0.02036169648 -0.022551555600000002 0.6160314384 0.31394690244 0.11946415409999998 -0.62040495078 0.11263312116 0.11946415409999998 0.056614441859999996 -0.0811159866 0.01542237156 -0.0016682970599999998 0.04169285622 0.01542237156 -0.041628908879999996 0.02350186164 -0.0285887781 -0.030922181459999996 -0.031946688 0.26205134256 0.05421844026 -0.1479436551 0.059909753520000004 0.04504294134 0.07724595834 0.059909753520000004 -0.0313072146 0.00263020536 0.059337465299999996 0.38897574984 -0.62778560706 -0.0114862374 0.0770902722 0.04696837686 0.11244154895999998 0.04586454324 -0.04784825988 0.11244154895999998 -0.33919692786 -0.7249591215 0.31936084074 0.11747612034 0.01758039192 -0.00169339032 0.15493658004 -0.0167625675 0.03914494596 -0.5943562581599999 -0.21469523436000001 0.69576567678 0.05521083822 0.30999916602 0.23626626408 0.00034698852 0.0071928615599999995 -0.004573988639999999 0.01885366765908417 0.027500138402817145 0.013939887249308086 -0.32999171229880053 0.8955177764358817 0.8687371160846418 1.0615357450717178 -0.8748399453982412 1.036239804084656 0.053258089355520934 0.002501857583111617 0.06333237384320245 0.9462875382158981 -0.2836685477247153 2.1744711931599823 -0.12115206546931484 -0.018651115486377982 0.1176704761588896 0.006597072532658563 0.006417600961164473 0.07790976321564475 -0.04959543670800077 0.10363189944232977 0.06806031561908112
1.00683009216 0.55097244 0.8568177271199999 0.2042240598 -0.2080609002 -0.1428197733 0.01629766764 -0.0183545055 0.03607331508 -7.207536799979999 1.48749418566 -2.2798173778199997 0.0770727339 -0.04136232672 0.00186283728 -0.07333060032 -0.01171990152 0.02258474346 1.57630759722 -0.57602981394 -0.6160314384 1.57630759722 0.87416607384 0.62040495078 -0.02623837608 0.02492543196 -0.056614441859999996 -0.02623837608 -0.04099267332 0.0016682970599999998 0.09591237576 -0.09016736832 0.030922181459999996 -0.0544213449 -0.03538176642 0.041628908879999996 -0.020272655879999997 -0.00258973236 0.05421844026 -0.020272655879999997 -0.014923204559999998 0.04504294134 0.33307687062 -1.05163235406 0.38897574984 0.0803186685 0.0040958676 -0.0313072146 0.01797109128 0.03688601292 0.0770902722 0.01797109128 0.05549441904 0.04586454324 0.15515243604 -0.043430766839999996 0.02610022824 0.09446128379999999 0.36209655126 -0.18783681192 0.26975983014 0.06040541286 -0.35453970252 0.13238556408 -0.09111200813999999 0.08193435065999999 0.046196421839999995 -0.01192820256 0.0066834414 -0.05958192222 0.08639717345999999 0.09092556252 0.2892771338192556 -0.16641710386024539 -0.12184090203307597 -0.029003958954205534 -0.02828806237523022 0.047339904851618285 0.16303420401707186 -0.08630035763904359 -0.09141987375272752 0.9964102472791753 -0.7756108696078196 0.7886239513360418 0.18604237989433403 -0.029761241438802547 -0.04940840424990271 0.3423354565918718 -0.21576342925171552 0.6881174836509506 0.001747758629716275 0.06045804310949557 -0.015525285787739242 -0.010753968399237845 -0.05337588000998269 0.011257364270501754
0.62863634952 0.05747678658 0.35631970506 -0.17485307351999999 0.04878156726 0.0482600052 -0.0183545055 0.08936465382 -0.02469959262 1.48749418566 -6.2892573146999995 0.58830311628 -0.04136232672 0.015279366959999999 -0.02036169648 -0.01171990152 -0.17052003414 -0.04247452475999999 -0.87416607384 0.24968765051999997 0.31394690244 0.57602981394 0.24968765051999997 0.11263312116 0.04099267332 0.10960682004 -0.0811159866 -0.02492543196 0.10960682004 0.04169285622 -0.09016736832 0.09143498268 0.031946688 -0.03538176642 0.038537311319999996 -0.02350186164 0.014923204559999998 0.07662672144 0.1479436551 0.00258973236 0.07662672144 -0.07724595834 -1.05163235406 1.55882002338 -0.62778560706 0.0040958676 0.045300619439999995 0.00263020536 -0.05549441904 -0.01205366886 -0.04696837686 -0.03688601292 -0.01205366886 0.04784825988 -0.1397708073 0.14333027274000001 0.05274387396 0.5135834826 0.83448688428 -0.42455178666 0.33346703033999997 0.18378006821999998 -0.44963830116 -0.0196226595 0.028456296479999997 0.020969870760000002 0.038124486719999996 -0.03525630012 0.00222358662 0.02605031154 0.243701424 0.32469356322 -0.3187578265709111 1.2955810001904178 0.7399250766027111 -0.08171567476724004 -0.017683719942470817 0.0002371730745243397 0.19296735614076452 -0.010381893190042783 -0.13807531939598697 -0.8881280046340075 0.8359165011610352 -0.7665867524752886 0.022631325371264638 -0.031989713279970834 -0.03695840960297571 -0.15139959129917233 0.20762035437924647 -0.1533447288633921 -0.06956572793607034 0.0758169893919476 0.06390341975250183 0.01193227288525558 0.07592363768720352 0.022256464572268115
0.81445355874 0.3672749367 0.34217439155999996 -0.19570638204000002 0.0929988594 0.0316782171 0.03607331508 -0.02469959262 0.06536983104 -2.2798173778199997 0.58830311628 -8.33715549846 -0.00186283728 0.02036169648 -0.022551555600000002 -0.02258474346 0.04247452475999999 1.46841143598 -0.62040495078 0.11263312116 0.11946415409999998 0.6160314384 0.31394690244 0.11946415409999998 -0.0016682970599999998 0.04169285622 0.01542237156 0.056614441859999996 -0.0811159866 0.01542237156 -0.030922181459999996 -0.031946688 0.26205134256 -0.041628908879999996 0.02350186164 -0.0285887781 0.04504294134 0.07724595834 0.059909753520000004 0.05421844026 -0.1479436551 0.059909753520000004 0.38897574984 -0.62778560706 -0.0114862374 -0.0313072146 0.00263020536 0.059337465299999996 0.04586454324 -0.04784825988 0.11244154895999998 0.0770902722 0.04696837686 0.11244154895999998 0.11747612034 0.01758039192 -0.00169339032 -0.33919692786 -0.7249591215 0.31936084074 -0.5943562581599999 -0.21469523436000001 0.69576567678 0.15493658004 -0.0167625675 0.03914494596 0.00034698852 0.0071928615599999995 -0.004573988639999999 0.05521083822 0.30999916602 0.23626626408 -0.32999171229880053 0.8955177764358817 0.8687371160846418 0.01885366765908417 0.027500138402817145 0.013939887249308086 0.053258089355520934 0.002501857583111617 0.06333237384320245 1.0615357450717178 -0.8748399453982412 1.036239804084656 -0.12115206546931484 -0.018651115486377982 0.1176704761588896 0.9462875382158981 -0.2836685477247153 2.1744711931599823 -0.04959543670800077 0.10363189944232977 0.06806031561908112 0.006597072532658563 0.006417600961164473 0.07790976321564475
0.2042240598 -0.2080609002 0.1428197733 1.00683009216 0.55097244 -0.8568177271199999 -0.07333060032 -0.01171990152 -0.02258474346 0.0770727339 -0.04136232672 -0.00186283728 -7.207536799979999 1.48749418566 2.2798173778199997 0.01629766764 -0.0183545055 -0.03607331508 0.01797109128 0.05549441904 -0.04586454324 0.01797109128 0.03688601292 -0.0770902722 -0.020272655879999997 -0.014923204559999998 -0.04504294134 -0.020272655879999997 -0.00258973236 -0.05421844026 0.0803186685 0.0040958676 0.0313072146 0.33307687062 -1.05163235406 -0.38897574984 -0.02623837608 -0.04099267332 -0.0016682970599999998 -0.02623837608 0.02492543196 0.056614441859999996 -0.0544213449 -0.03538176642 -0.041628908879999996 0.09591237576 -0.09016736832 -0.030922181459999996 1.57630759722 0.87416607384 -0.62040495078 1.57630759722 -0.57602981394 0.6160314384 0.09446128379999999 0.36209655126 0.18783681192 0.15515243604 -0.043430766839999996 -0.02610022824 0.13238556408 -0.09111200813999999 -0.08193435065999999 0.26975983014 0.06040541286 0.35453970252 -0.05958192222 0.08639717345999999 -0.09092556252 0.046196421839999995 -0.01192820256 -0.0066834414 -0.029003958954205534 -0.02828806237523022 -0.047339904851618285 0.2892771338192556 -0.16641710386024539 0.12184090203307597 0.9964102472791753 -0.7756108696078196 -0.7886239513360418 0.16303420401707186 -0.08630035763904359 0.09141987375272752 0.3423354565918718 -0.21576342925171552 -0.6881174836509506 0.18604237989433403 -0.029761241438802547 0.04940840424990271 -0.010753968399237845 -0.05337588000998269 -0.011257364270501754 0.001747758629716275 0.06045804310949557 0.015525285787739242
-0.17485307351999999 0.04878156726 -0.0482600052 0.62863634952 0.05747678658 -0.35631970506 -0.01171990152 -0.17052003414 0.04247452475999999 -0.04136232672 0.015279366959999999 0.02036169648 1.48749418566 -6.2892573146999995 -0.58830311628 -0.0183545055 0.08936465382 0.02469959262 -0.03688601292 -0.01205366886 -0.04784825988 -0.05549441904 -0.01205366886 0.04696837686 0.00258973236 0.07662672144 0.07724595834 0.014923204559999998 0.07662672144 -0.1479436551 0.0040958676 0.045300619439999995 -0.00263020536 -1.05163235406 1.55882002338 0.62778560706 -0.02492543196 0.10960682004 -0.04169285622 0.04099267332 0.10960682004 0.0811159866 -0.03538176642 0.038537311319999996 0.02350186164 -0.09016736832 0.09143498268 -0.031946688 0.57602981394 0.24968765051999997 -0.11263312116 -0.87416607384 0.24968765051999997 -0.31394690244 0.5135834826 0.83448688428 0.42455178666 -0.1397708073 0.14333027274000001 -0.05274387396 -0.0196226595 0.028456296479999997 -0.020969870760000002 0.33346703033999997 0.18378006821999998 0.44963830116 0.02605031154 0.243701424 -0.32469356322 0.038124486719999996 -0.03525630012 -0.00222358662 -0.08171567476724004 -0.017683719942470817 -0.0002371730745243397 -0.3187578265709111 1.2955810001904178 -0.7399250766027111 -0.8881280046340075 0.8359165011610352 0.7665867524752886 0.19296735614076452 -0.010381893190042783 0.13807531939598697 -0.15139959129917233 0.20762035437924647 0.1533447288633921 0.022631325371264638 -0.031989713279970834 0.03695840960297571 0.01193227288525558 0.07592363768720352 -0.022256464572268115 -0.06956572793607034 0.0758169893919476 -0.06390341975250183
0.19570638204000002 -0.0929988594 0.0316782171 -0.81445355874 -0.3672749367 0.34217439155999996 0.02258474346 -0.04247452475999999 1.46841143598 0.00186283728 -0.02036169648 -0.022551555600000002 2.2798173778199997 -0.58830311628 -8.33715549846 -0.03607331508 0.02469959262 0.06536983104 -0.0770902722 -0.04696837686 0.11244154895999998 -0.04586454324 0.04784825988 0.11244154895999998 -0.05421844026 0.1479436551 0.059909753520000004 -0.04504294134 -0.07724595834 0.059909753520000004 0.0313072146 -0.00263020536 0.059337465299999996 -0.38897574984 0.62778560706 -0.0114862374 -0.056614441859999996 0.0811159866 0.01542237156 0.0016682970599999998 -0.04169285622 0.01542237156 0.041628908879999996 -0.02350186164 -0.0285887781 0.030922181459999996 0.031946688 0.26205134256 -0.6160314384 -0.31394690244 0.11946415409999998 0.62040495078 -0.11263312116 0.11946415409999998 0.33919692786 0.7249591215 0.31936084074 -0.11747612034 -0.01758039192 -0.00169339032 -0.15493658004 0.0167625675 0.03914494596 0.5943562581599999 0.21469523436000001 0.69576567678 -0.05521083822 -0.30999916602 0.23626626408 -0.00034698852 -0.0071928615599999995 -0.004573988639999999 -0.01885366765908417 -0.027500138402817145 0.013939887249308086 0.32999171229880053 -0.8955177764358817 0.8687371160846418 -1.0615357450717178 0.8748399453982412 1.036239804084656 -0.053258089355520934 -0.002501857583111617 0.06333237384320245 -0.9462875382158981 0.2836685477247153 2.1744711931599823 0.12115206546931484 0.018651115486377982 0.1176704761588896 -0.006597072532658563 -0.006417600961164473 0.07790976321564475 0.04959543670800077 -0.10363189944232977 0.06806031561908112
1.00683009216 0.55097244 -0.8568177271199999 0.2042240598 -0.2080609002 0.1428197733 0.0770727339 -0.04136232672 -0.00186283728 -0.07333060032 -0.01171990152 -0.02258474346 0.01629766764 -0.0183545055 -0.03607331508 -7.207536799979999 1.48749418566 2.2798173778199997 0.01797109128 0.03688601292 -0.0770902722 0.01797109128 0.05549441904 -0.04586454324 -0.020272655879999997 -0.00258973236 -0.05421844026 -0.020272655879999997 -0.014923204559999998 -0.04504294134 0.33307687062 -1.05163235406 -0.38897574984 0.0803186685 0.0040958676 0.0313072146 -0.02623837608 0.02492543196 0.056614441859999996 -0.02623837608 -0.04099267332 -0.0016682970599999998 0.09591237576 -0.09016736832 -0.030922181459999996 -0.0544213449 -0.03538176642 -0.041628908879999996 1.57630759722 -0.57602981394 0.6160314384 1.57630759722 0.87416607384 -0.62040495078 0.15515243604 -0.043430766839999996 -0.02610022824 0.09446128379999999 0.36209655126 0.18783681192 0.26975983014 0.06040541286 0.35453970252 0.13238556408 -0.09111200813999999 -0.08193435065999999 0.046196421839999995 -0.01192820256 -0.0066834414 -0.05958192222 0.08639717345999999 -0.09092556252 0.2892771338192556 -0.16641710386024539 0.12184090203307597 -0.029003958954205534 -0.02828806237523022 -0.047339904851618285 0.16303420401707186 -0.08630035763904359 0.09141987375272752 0.9964102472791753 -0.7756108696078196 -0.7886239513360418 0.18604237989433403 -0.029761241438802547 0.04940840424990271 0.3423354565918718 -0.21576342925171552 -0.6881174836509506 0.001747758629716275 0.06045804310949557 0.015525285787739242 -0.010753968399237845 -0.05337588000998269 -0.011257364270501754
0.62863634952 0.05747678658 -0.35631970506 -0.17485307351999999 0.04878156726 -0.0482600052 -0.04136232672 0.015279366959999999 0.02036169648 -0.01171990152 -0.17052003414 0.04247452475999999 -0.0183545055 0.08936465382 0.02469959262 1.48749418566 -6.2892573146999995 -0.58830311628 -0.05549441904 -0.01205366886 0.04696837686 -0.03688601292 -0.01205366886 -0.04784825988 0.014923204559999998 0.07662672144 -0.1479436551 0.00258973236 0.07662672144 0.07724595834 -1.05163235406 1.55882002338 0.62778560706 0.0040958676 0.045300619439999995 -0.00263020536 0.04099267332 0.10960682004 0.0811159866 -0.02492543196 0.10960682004 -0.04169285622 -0.09016736832 0.09143498268 -0.031946688 -0.03538176642 0.038537311319999996 0.02350186164 -0.87416607384 0.24968765051999997 -0.31394690244 0.57602981394 0.24968765051999997 -0.11263312116 -0.1397708073 0.14333027274000001 -0.05274387396 0.5135834826 0.83448688428 0.42455178666 0.33346703033999997 0.18378006821999998 0.44963830116 -0.0196226595 0.028456296479999997 -0.020969870760000002 0.038124486719999996 -0.03525630012 -0.00222358662 0.02605031154 0.243701424 -0.32469356322 -0.3187578265709111 1.2955810001904178 -0.7399250766027111 -0.08171567476724004 -0.017683719942470817 -0.0002371730745243397 0.19296735614076452 -0.010381893190042783 0.13807531939598697 -0.8881280046340075 0.8359165011610352 0.7665867524752886 0.022631325371264638 -0.031989713279970834 0.03695840960297571 -0.15139959129917233 0.20762035437924647 0.1533447288633921 -0.06956572793607034 0.0758169893919476 -0.06390341975250183 0.01193227288525558 0.07592363768720352 -0.022256464572268115
-0.81445355874 -0.3672749367 0.34217439155999996 0.19570638204000002 -0.0929988594 0.0316782171 0.00186283728 -0.02036169648 -0.022551555600000002 0.02258474346 -0.04247452475999999 1.46841143598 -0.03607331508 0.02469959262 0.06536983104 2.2798173778199997 -0.58830311628 -8.33715549846 -0.04586454324 0.04784825988 0.11244154895999998 -0.0770902722 -0.04696837686 0.11244154895999998 -0.04504294134 -0.07724595834 0.059909753520000004 -0.05421844026 0.1479436551 0.059909753520000004 -0.38897574984 0.62778560706 -0.0114862374 0.0313072146 -0.00263020536 0.059337465299999996 0.0016682970599999998 -0.04169285622 0.01542237156 -0.056614441859999996 0.0811159866 0.01542237156 0.030922181459999996 0.031946688 0.26205134256 0.041628908879999996 -0.02350186164 -0.0285887781 0.62040495078 -0.11263312116 0.11946415409999998 -0.6160314384 -0.31394690244 0.11946415409999998 -0.11747612034 -0.01758039192 -0.00169339032 0.33919692786 0.7249591215 0.31936084074 0.5943562581599999 0.21469523436000001 0.69576567678 -0.15493658004 0.0167625675 0.03914494596 -0.00034698852 -0.0071928615599999995 -0.004573988639999999 -0.05521083822 -0.30999916602 0.23626626408 0.32999171229880053 -0.8955177764358817 0.8687371160846418 -0.01885366765908417 -0.027500138402817145 0.013939887249308086 -0.053258089355520934 -0.002501857583111617 0.06333237384320245 -1.0615357450717178 0.8748399453982412 1.036239804084656 0.12115206546931484 0.018651115486377982 0.1176704761588896 -0.9462875382158981 0.2836685477247153 2.1744711931599823 0.04959543670800077 -0.10363189944232977 0.06806031561908112 -0.006597072532658563 -0.006417600961164473 0.07790976321564475
-0.05958192222 -0.08639717345999999 -0.09092556252 0.046196421839999995 0.01192820256 -0.0066834414 1.57630759722 0.57602981394 0.6160314384 1.57630759722 -0.87416607384 -0.62040495078 0.01797109128 -0.03688601292 -0.0770902722 0.01797109128 -0.05549441904 -0.04586454324 -7.207536799979999 -1.48749418566 2.2798173778199997 0.01629766764 0.0183545055 -0.03607331508 0.0803186685 -0.0040958676 0.0313072146 0.33307687062 1.05163235406 -0.38897574984 -0.020272655879999997 0.00258973236 -0.05421844026 -0.020272655879999997 0.014923204559999998 -0.04504294134 -0.0544213449 0.03538176642 -0.041628908879999996 0.09591237576 0.09016736832 -0.030922181459999996 -0.02623837608 -0.02492543196 0.056614441859999996 -0.02623837608 0.04099267332 -0.0016682970599999998 -0.07333060032 0.01171990152 -0.02258474346 0.0770727339 0.04136232672 -0.00186283728 0.26975983014 -0.06040541286 0.35453970252 0.13238556408 0.09111200813999999 -0.08193435065999999 0.09446128379999999 -0.36209655126 0.18783681192 0.15515243604 0.043430766839999996 -0.02610022824 1.00683009216 -0.55097244 -0.8568177271199999 0.2042240598 0.2080609002 0.1428197733 -0.010753968399237845 0.05337588000998269 -0.011257364270501754 0.001747758629716275 -0.06045804310949557 0.015525285787739242 0.18604237989433403 0.029761241438802547 0.04940840424990271 0.3423354565918718 0.21576342925171552 -0.6881174836509506 0.9964102472791753 0.7756108696078196 -0.7886239513360418 0.16303420401707186 0.08630035763904359 0.09141987375272752 0.2892771338192556 0.16641710386024539 0.12184090203307597 -0.029003958954205534 0.02828806237523022 -0.047339904851618285
-0.02605031154 0.243701424 0.32469356322 -0.038124486719999996 -0.03525630012 0.00222358662 0.87416607384 0.24968765051999997 0.31394690244 -0.57602981394 0.24968765051999997 0.11263312116 0.05549441904 -0.01205366886 -0.04696837686 0.03688601292 -0.01205366886 0.04784825988 -1.48749418566 -6.2892573146999995 0.58830311628 0.0183545055 0.08936465382 -0.02469959262 -0.0040958676 0.045300619439999995 0.00263020536 1.05163235406 1.55882002338 -0.62778560706 -0.014923204559999998 0.07662672144 0.1479436551 -0.00258973236 0.07662672144 -0.07724595834 0.03538176642 0.038537311319999996 -0.02350186164 0.09016736832 0.09143498268 0.031946688 -0.04099267332 0.10960682004 -0.0811159866 0.02492543196 0.10960682004 0.04169285622 0.01171990152 -0.17052003414 -0.04247452475999999 0.04136232672 0.015279366959999999 -0.02036169648 -0.33346703033999997 0.18378006821999998 -0.44963830116 0.0196226595 0.028456296479999997 0.020969870760000002 -0.5135834826 0.83448688428 -0.42455178666 0.1397708073 0.14333027274000001 0.05274387396 -0.62863634952 0.05747678658 0.35631970506 0.17485307351999999 0.04878156726 0.0482600052 -0.01193227288525558 0.07592363768720352 0.022256464572268115 0.06956572793607034 0.0758169893919476 0.06390341975250183 -0.022631325371264638 -0.031989713279970834 -0.03695840960297571 0.15139959129917233 0.20762035437924647 -0.1533447288633921 0.8881280046340075 0.8359165011610352 -0.7665867524752886 -0.19296735614076452 -0.010381893190042783 -0.13807531939598697 0.3187578265709111 1.2955810001904178 0.7399250766027111 0.08171567476724004 -0.017683719942470817 0.0002371730745243397
-0.05521083822 0.30999916602 0.23626626408 -0.00034698852 0.0071928615599999995 -0.004573988639999999 0.62040495078 0.11263312116 0.11946415409999998 -0.6160314384 0.31394690244 0.11946415409999998 -0.04586454324 -0.04784825988 0.11244154895999998 -0.0770902722 0.04696837686 0.11244154895999998 2.2798173778199997 0.58830311628 -8.33715549846 -0.03607331508 -0.02469959262 0.06536983104 0.0313072146 0.00263020536 0.059337465299999996 -0.38897574984 -0.62778560706 -0.0114862374 -0.04504294134 0.07724595834 0.059909753520000004 -0.05421844026 -0.1479436551 0.059909753520000004 0.041628908879999996 0.02350186164 -0.0285887781 0.030922181459999996 -0.031946688 0.26205134256 0.0016682970599999998 0.04169285622 0.01542237156 -0.056614441859999996 -0.0811159866 0.01542237156 0.02258474346 0.04247452475999999 1.46841143598 0.00186283728 0.02036169648 -0.022551555600000002 0.5943562581599999 -0.21469523436000001 0.69576567678 -0.15493658004 -0.0167625675 0.03914494596 0.33919692786 -0.7249591215 0.31936084074 -0.11747612034 0.01758039192 -0.00169339032 -0.81445355874 0.3672749367 0.34217439155999996 0.19570638204000002 0.0929988594 0.0316782171 -0.006597072532658563 0.006417600961164473 0.07790976321564475 0.04959543670800077 0.10363189944232977 0.06806031561908112 0.12115206546931484 -0.018651115486377982 0.1176704761588896 -0.9462875382158981 -0.2836685477247153 2.1744711931599823 -1.0615357450717178 -0.8748399453982412 1.036239804084656 -0.053258089355520934 0.002501857583111617 0.06333237384320245 0.32999171229880053 0.8955177764358817 0.8687371160846418 -0.01885366765908417 0.027500138402817145 0.013939887249308086
0.046196421839999995 0.01192820256 -0.0066834414 -0.05958192222 -0.08639717345999999 -0.09092556252 1.57630759722 -0.87416607384 -0.62040495078 1.57630759722 0.57602981394 0.6160314384 0.01797109128 -0.05549441904 -0.04586454324 0.01797109128 -0.03688601292 -0.0770902722 0.01629766764 0.0183545055 -0.03607331508 -7.207536799979999 -1.48749418566 2.2798173778199997 0.33307687062 1.05163235406 -0.38897574984 0.0803186685 -0.0040958676 0.0313072146 -0.020272655879999997 0.014923204559999998 -0.04504294134 -0.020272655879999997 0.00258973236 -0.05421844026 0.09591237576 0.09016736832 -0.030922181459999996 -0.0544213449 0.03538176642 -0.041628908879999996 -0.02623837608 0.04099267332 -0.0016682970599999998 -0.02623837608 -0.02492543196 0.056614441859999996 0.0770727339 0.04136232672 -0.00186283728 -0.07333060032 0.01171990152 -0.02258474346 0.13238556408 0.09111200813999999 -0.08193435065999999 0.26975983014 -0.06040541286 0.35453970252 0.15515243604 0.043430766839999996 -0.02610022824 0.09446128379999999 -0.36209655126 0.18783681192 0.2042240598 0.2080609002 0.1428197733 1.00683009216 -0.55097244 -0.8568177271199999 0.001747758629716275 -0.06045804310949557 0.015525285787739242 -0.010753968399237845 0.05337588000998269 -0.011257364270501754 0.3423354565918718 0.21576342925171552 -0.6881174836509506 0.18604237989433403 0.029761241438802547 0.04940840424990271 0.16303420401707186 0.08630035763904359 0.09141987375272752 0.9964102472791753 0.7756108696078196 -0.7886239513360418 -0.029003958954205534 0.02828806237523022 -0.047339904851618285 0.2892771338192556 0.16641710386024539 0.12184090203307597
-0.038124486719999996 -0.03525630012 0.00222358662 -0.02605031154 0.243701424 0.32469356322 -0.57602981394 0.24968765051999997 0.11263312116 0.87416607384 0.24968765051999997 0.31394690244 0.03688601292 -0.01205366886 0.04784825988 0.05549441904 -0.01205366886 -0.04696837686 0.0183545055 0.08936465382 -0.02469959262 -1.48749418566 -6.2892573146999995 0.58830311628 1.05163235406 1.55882002338 -0.62778560706 -0.0040958676 0.045300619439999995 0.00263020536 -0.00258973236 0.07662672144 -0.07724595834 -0.014923204559999998 0.07662672144 0.1479436551 0.09016736832 0.09143498268 0.031946688 0.03538176642 0.038537311319999996 -0.02350186164 0.02492543196 0.10960682004 0.04169285622 -0.04099267332 0.10960682004 -0.0811159866 0.04136232672 0.015279366959999999 -0.02036169648 0.01171990152 -0.17052003414 -0.04247452475999999 0.0196226595 0.028456296479999997 0.020969870760000002 -0.33346703033999997 0.18378006821999998 -0.44963830116 0.1397708073 0.14333027274000001 0.05274387396 -0.5135834826 0.83448688428 -0.42455178666 0.17485307351999999 0.04878156726 0.0482600052 -0.62863634952 0.05747678658 0.35631970506 0.06956572793607034 0.0758169893919476 0.06390341975250183 -0.01193227288525558 0.07592363768720352 0.022256464572268115 0.15139959129917233 0.20762035437924647 -0.1533447288633921 -0.022631325371264638 -0.031989713279970834 -0.03695840960297571 -0.19296735614076452 -0.010381893190042783 -0.13807531939598697 0.8881280046340075 0.8359165011610352 -0.7665867524752886 0.08171567476724004 -0.017683719942470817 0.0002371730745243397 0.3187578265709111 1.2955810001904178 0.7399250766027111
-0.00034698852 0.0071928615599999995 -0.004573988639999999 -0.05521083822 0.30999916602 0.23626626408 -0.6160314384 0.31394690244 0.11946415409999998 0.62040495078 0.11263312116 0.11946415409999998 -0.0770902722 0.04696837686 0.11244154895999998 -0.04586454324 -0.04784825988 0.11244154895999998 -0.03607331508 -0.02469959262 0.06536983104 2.2798173778199997 0.58830311628 -8.33715549846 -0.38897574984 -0.62778560706 -0.0114862374 0.0313072146 0.00263020536 0.059337465299999996 -0.05421844026 -0.1479436551 0.059909753520000004 -0.04504294134 0.07724595834 0.059909753520000004 0.030922181459999996 -0.031946688 0.26205134256 0.041628908879999996 0.02350186164 -0.0285887781 -0.056614441859999996 -0.0811159866 0.01542237156 0.0016682970599999998 0.04169285622 0.01542237156 0.00186283728 0.02036169648 -0.022551555600000002 0.02258474346 0.04247452475999999 1.46841143598 -0.15493658004 -0.0167625675 0.03914494596 0.5943562581599999 -0.21469523436000001 0.69576567678 -0.11747612034 0.01758039192 -0.00169339032 0.33919692786 -0.7249591215 0.31936084074 0.19570638204000002 0.0929988594 0.0316782171 -0.81445355874 0.3672749367 0.34217439155999996 0.04959543670800077 0.10363189944232977 0.06806031561908112 -0.006597072532658563 0.006417600961164473 0.07790976321564475 -0.9462875382158981 -0.2836685477247153 2.1744711931599823 0.12115206546931484 -0.018651115486377982 0.1176704761588896 -0.053258089355520934 0.002501857583111617 0.06333237384320245 -1.0615357450717178 -0.8748399453982412 1.036239804084656 -0.01885366765908417 0.027500138402817145 0.013939887249308086 0.32999171229880053 0.8955177764358817 0.8687371160846418
0.09446128379999999 -0.36209655126 0.18783681192 0.15515243604 0.043430766839999996 -0.02610022824 -0.02623837608 -0.02492543196 0.056614441859999996 -0.02623837608 0.04099267332 -0.0016682970599999998 -0.020272655879999997 0.00258973236 -0.05421844026 -0.020272655879999997 0.014923204559999998 -0.04504294134 0.0803186685 -0.0040958676 0.0313072146 0.33307687062 1.05163235406 -0.38897574984 -7.207536799979999 -1.48749418566 2.2798173778199997 0.01629766764 0.0183545055 -0.03607331508 0.01797109128 -0.03688601292 -0.0770902722 0.01797109128 -0.05549441904 -0.04586454324 -0.07333060032 0.01171990152 -0.02258474346 0.0770727339 0.04136232672 -0.00186283728 1.57630759722 0.57602981394 0.6160314384 1.57630759722 -0.87416607384 -0.62040495078 -0.0544213449 0.03538176642 -0.041628908879999996 0.09591237576 0.09016736832 -0.030922181459999996 1.00683009216 -0.55097244 -0.8568177271199999 0.2042240598 0.2080609002 0.1428197733 -0.05958192222 -0.08639717345999999 -0.09092556252 0.046196421839999995 0.01192820256 -0.0066834414 0.26975983014 -0.06040541286 0.35453970252 0.13238556408 0.09111200813999999 -0.08193435065999999 0.9964102472791753 0.7756108696078196 -0.7886239513360418 0.16303420401707186 0.08630035763904359 0.09141987375272752 0.2892771338192556 0.16641710386024539 0.12184090203307597 -0.029003958954205534 0.02828806237523022 -0.047339904851618285 -0.010753968399237845 0.05337588000998269 -0.011257364270501754 0.001747758629716275 -0.06045804310949557 0.015525285787739242 0.18604237989433403 0.029761241438802547 0.04940840424990271 0.3423354565918718 0.21576342925171552 -0.6881174836509506
