1.936789 1.872773 -3.817686
-0.028666 -5.874428 -2.051207
-7.939780 1.899587 -1.990277
-7.968446 -3.974841 -4.041484
-6.002991 3.772360 -5.807963
1.908123 -4.001655 -5.868893
32 2
direct
0.125000 0.187500 0.062500 Al
0.625000 0.687500 0.562500 Al
0.125000 0.937500 0.312500 Al
0.625000 0.437500 0.812500 Al
0.250000 0.625000 0.875000 Al
0.750000 0.125000 0.375000 Al
0.250000 0.375000 0.125000 Al
0.750000 0.875000 0.625000 Al
0.250000 0.125000 0.375000 Al
0.750000 0.625000 0.875000 Al
0.250000 0.875000 0.625000 Al
0.750000 0.375000 0.125000 Al
0.875000 0.562500 0.187500 Al
0.375000 0.062500 0.687500 Al
0.875000 0.312500 0.437500 Al
0.375000 0.812500 0.937500 Al
0.375000 0.562500 0.187500 Al
0.875000 0.062500 0.687500 Al
0.375000 0.312500 0.437500 Al
0.875000 0.812500 0.937500 Al
0.500000 0.750000 0.250000 Al
1.000000 0.250000 0.750000 Al
0.000000 0.000000 0.000000 Al
0.500000 0.500000 0.500000 Al
0.625000 0.187500 0.062500 Ni
0.125000 0.687500 0.562500 Ni
0.625000 0.937500 0.312500 Ni
0.125000 0.437500 0.812500 Ni
0.500000 0.250000 0.750000 Ni
1.000000 0.750000 0.250000 Ni
0.500000 0.000000 1.000000 Ni
1.000000 0.500000 0.500000 Ni
-5.09188060836 -0.047563869599999996 0.51346422216 0.01305416142 0.030920022899999997 -0.0258905781 0.8334065249999999 -0.9316126405799999 -0.015536505419999999 -0.09151134174 0.00986974578 -0.03347090118 0.040535328419999996 0.02069816202 -0.010694045880000001 0.17437549212 0.0208368495 -0.045983533859999995 0.79358055336 0.00874702476 0.9865593250200001 0.0654772194 0.0388257489 -0.00733802472 -0.045401532120000004 -0.01110201372 -0.00869980626 0.0192597516 0.007162102079999999 -0.0028765510199999997 -0.0873204975 -0.0028970573399999997 0.04210379208 0.78176945268 0.86220657216 0.04788117792 -0.07041951233999999 0.05630495832 0.01139557788 1.03504409028 -0.02558352294 -1.2146500431 0.91274655636 -0.01550466666 -1.0552063897800001 -0.11683772622000001 -0.0398847924 0.00247370976 0.00715049982 0.0024324272999999997 -0.052316209259999996 -0.00886682484 -0.035556339959999995 -0.0264045852 0.07012567836 -0.04903088093999999 -0.048386550779999996 0.07155923202 0.00140063562 0.02741047416 -0.00336114774 0.018834785099999998 -0.04529549286 -0.08582488524 0.07751469906 0.02275553952 0.68331564234 0.02320910694 0.81845525916 0.014822831520000001 -0.0062908532999999996 -0.01152023472 0.015048551990289313 0.045166746865078995 -0.01266090358903757 0.08710778074006689 -0.0021922591737493077 0.03761222732351848 -0.07004644114752236 0.03682151776130395 -0.0015412270430079993 0.04973949149487629 0.06853147823692812 -0.024305464841942317 0.11146696767103736 0.026063569948064014 -0.05949741256939194 0.030693220198091144 1.193824200625871e-05 -0.00033029136217315765 0.003203826213079629 -0.19138394730933442 0.09997601179861315 -0.03559824589706263 -0.0032953527351276125 0.06193957894247227
-0.047563869599999996 -5.73252313842 0.9862509207599999 0.030920022899999997 -0.052183188 -0.019779694740000003 -0.9892397169 0.8956612841399999 -0.0288693909 0.00072932346 0.007504233839999999 0.019672036559999998 0.02732413176 -0.0604073016 0.007772974560000001 0.06962974920000001 0.00962340012 0.01918231326 0.030428680679999997 -0.08406538901999999 0.01823011848 0.0195740919 0.022096369260000002 -0.030521228939999995 0.012833178839999999 0.7855841678400001 0.9490743117 0.0180212778 0.28251988776 0.010586117879999999 -0.01620026262 0.0497332224 0.00054989316 0.98054314848 0.8487557753399999 -0.0100224639 -0.0153648999 1.10612601072 -1.47847275396 -0.044391595859999994 -0.12925187459999998 -0.00279506538 0.00495632358 -0.09811302767999999 -0.00714699216 -0.039715615259999996 1.19556405558 -1.48814148384 0.03983406624 0.06481696986 0.014315839739999999 -0.006961895640000001 0.03135821058 -0.03858722802 -0.04221225972 0.0058329687600000004 0.011452779719999999 -0.0011221813799999999 0.09055887714000001 -0.01367123976 -0.05349505284 0.26301756798 0.026834678279999996 0.02024837208 0.77373286398 0.93902540544 0.02320910694 -0.18906314382 -0.016597977299999997 -0.0062908532999999996 -0.055646327700000005 0.02975628924 -0.08169339004882835 -0.08009446150279009 -0.01387820633227575 0.012616334152214203 -0.022001384134734382 -0.011558207969059472 0.03252892387725352 0.05543323704906127 0.051383785360538316 0.028120926987142598 0.13986804540392683 0.03809214465217008 0.01972078197013876 -0.04080093176339018 -0.0471142720777 0.10597139693415628 -0.05917746768362421 0.030039004536148165 -0.12016238520699599 0.006637264614079634 0.042477458882469114 -0.008719294019971154 0.01896946860654488 -0.005370219195815376
0.51346422216 0.9862509207599999 -7.646107624380001 -0.0258905781 -0.019779694740000003 0.15926476266 0.024368253660000002 -0.0609698763 -0.08206008678 -0.05426700786 -0.06035927364 0.09014848092 -1.8617579999999998e-05 0.01471220532 0.07296094691999999 0.00538102026 -0.0121405509 0.014539520519999998 0.8723550419999999 -0.01928916198 0.80275848066 -0.03281038182 -0.02537765028 -0.00081917352 0.06045505974 0.8566534067399999 0.80752862844 -0.02528510202 -0.02064149982 -0.05412832038 0.05220990018 0.0038543787 0.22029480882 0.00763374744 -0.04402706904 -0.1839160575 0.0730470195 -1.33480439676 1.2019706616599999 -1.08154675782 0.00273921264 0.9602974745999999 -1.04057890794 0.06024918708 0.9309210919199999 -0.00326779002 -1.29971241702 1.13377986252 -0.0181413477 0.014485286699999999 -0.07671819042 -0.060417284939999996 -0.0163214118 -0.00087070914 -0.004908835259999999 0.06709937724 0.01113843942 0.00582757236 -0.003224349 0.048038752799999994 0.033650331480000004 0.01060149762 -0.04105095444 0.03118390686 0.87675688548 0.79825599432 0.81845525916 -0.016597977299999997 0.7114667724 -0.01152023472 0.02975628924 -0.00492745284 -0.025046829670530978 -0.010965275282748625 -0.021017672993418664 0.026128832337698228 0.04907373553232725 0.018057784858666923 -0.025079858806748297 0.06571962430305399 -0.013377198109413093 -0.061757321781176724 -0.003845705691616139 -0.016305250932148147 0.06863414711818194 -0.03891866894040339 -0.06703561651354391 -0.014868284535994807 0.023582007376363037 -0.003945986924468712 -0.12586806900318726 -0.11782129594956867 -0.026089038197677366 -0.017228474980632152 0.000481111152852226 0.28438643401069164
0.01305416142 0.030920022899999997 -0.0258905781 -5.09188060836 -0.047563869599999996 0.51346422216 -0.09151134174 0.00986974578 -0.03347090118 0.8334065249999999 -0.9316126405799999 -0.015536505419999999 0.17437549212 0.0208368495 -0.045983533859999995 0.040535328419999996 0.02069816202 -0.010694045880000001 0.0654772194 0.0388257489 -0.00733802472 0.79358055336 0.00874702476 0.9865593250200001 0.0192597516 0.007162102079999999 -0.0028765510199999997 -0.045401532120000004 -0.01110201372 -0.00869980626 0.78176945268 0.86220657216 0.04788117792 -0.0873204975 -0.0028970573399999997 0.04210379208 1.03504409028 -0.02558352294 -1.2146500431 -0.07041951233999999 0.05630495832 0.01139557788 -0.11683772622000001 -0.0398847924 0.00247370976 0.91274655636 -0.01550466666 -1.0552063897800001 -0.00886682484 -0.035556339959999995 -0.0264045852 0.00715049982 0.0024324272999999997 -0.052316209259999996 0.07155923202 0.00140063562 0.02741047416 0.07012567836 -0.04903088093999999 -0.048386550779999996 -0.08582488524 0.07751469906 0.02275553952 -0.00336114774 0.018834785099999998 -0.04529549286 0.014822831520000001 -0.0062908532999999996 -0.01152023472 0.68331564234 0.02320910694 0.81845525916 0.08710778074006689 -0.0021922591737493077 0.03761222732351848 0.015048551990289313 0.045166746865078995 -0.01266090358903757 0.04973949149487629 0.06853147823692812 -0.024305464841942317 -0.07004644114752236 0.03682151776130395 -0.0015412270430079993 0.030693220198091144 1.193824200625871e-05 -0.00033029136217315765 0.11146696767103736 0.026063569948064014 -0.05949741256939194 -0.03559824589706263 -0.0032953527351276125 0.06193957894247227 0.003203826213079629 -0.19138394730933442 0.09997601179861315
0.030920022899999997 -0.052183188 -0.019779694740000003 -0.047563869599999996 -5.73252313842 0.9862509207599999 0.00072932346 0.007504233839999999 0.019672036559999998 -0.9892397169 0.8956612841399999 -0.0288693909 0.06962974920000001 0.00962340012 0.01918231326 0.02732413176 -0.0604073016 0.007772974560000001 0.0195740919 0.022096369260000002 -0.030521228939999995 0.030428680679999997 -0.08406538901999999 0.01823011848 0.0180212778 0.28251988776 0.010586117879999999 0.012833178839999999 0.7855841678400001 0.9490743117 0.98054314848 0.8487557753399999 -0.0100224639 -0.01620026262 0.0497332224 0.00054989316 -0.044391595859999994 -0.12925187459999998 -0.00279506538 -0.0153648999 1.10612601072 -1.47847275396 -0.039715615259999996 1.19556405558 -1.48814148384 0.00495632358 -0.09811302767999999 -0.00714699216 -0.006961895640000001 0.03135821058 -0.03858722802 0.03983406624 0.06481696986 0.014315839739999999 -0.0011221813799999999 0.09055887714000001 -0.01367123976 -0.04221225972 0.0058329687600000004 0.011452779719999999 0.02024837208 0.77373286398 0.93902540544 -0.05349505284 0.26301756798 0.026834678279999996 -0.0062908532999999996 -0.055646327700000005 0.02975628924 0.02320910694 -0.18906314382 -0.016597977299999997 0.012616334152214203 -0.022001384134734382 -0.011558207969059472 -0.08169339004882835 -0.08009446150279009 -0.01387820633227575 0.028120926987142598 0.13986804540392683 0.03809214465217008 0.03252892387725352 0.05543323704906127 0.051383785360538316 0.10597139693415628 -0.05917746768362421 0.030039004536148165 0.01972078197013876 -0.04080093176339018 -0.0471142720777 -0.008719294019971154 0.01896946860654488 -0.005370219195815376 -0.12016238520699599 0.006637264614079634 0.042477458882469114
-0.0258905781 -0.019779694740000003 0.15926476266 0.51346422216 0.9862509207599999 -7.646107624380001 -0.05426700786 -0.06035927364 0.09014848092 0.024368253660000002 -0.0609698763 -0.08206008678 0.00538102026 -0.0121405509 0.014539520519999998 -1.8617579999999998e-05 0.01471220532 0.07296094691999999 -0.03281038182 -0.02537765028 -0.00081917352 0.8723550419999999 -0.01928916198 0.80275848066 -0.02528510202 -0.02064149982 -0.05412832038 0.06045505974 0.8566534067399999 0.80752862844 0.00763374744 -0.04402706904 -0.1839160575 0.05220990018 0.0038543787 0.22029480882 -1.08154675782 0.00273921264 0.9602974745999999 0.0730470195 -1.33480439676 1.2019706616599999 -0.00326779002 -1.29971241702 1.13377986252 -1.04057890794 0.06024918708 0.9309210919199999 -0.060417284939999996 -0.0163214118 -0.00087070914 -0.0181413477 0.014485286699999999 -0.07671819042 0.00582757236 -0.003224349 0.048038752799999994 -0.004908835259999999 0.06709937724 0.01113843942 0.03118390686 0.87675688548 0.79825599432 0.033650331480000004 0.01060149762 -0.04105095444 -0.01152023472 0.02975628924 -0.00492745284 0.81845525916 -0.016597977299999997 0.7114667724 0.026128832337698228 0.04907373553232725 0.018057784858666923 -0.025046829670530978 -0.010965275282748625 -0.021017672993418664 -0.061757321781176724 -0.003845705691616139 -0.016305250932148147 -0.025079858806748297 0.06571962430305399 -0.013377198109413093 -0.014868284535994807 0.023582007376363037 -0.003945986924468712 0.06863414711818194 -0.03891866894040339 -0.06703561651354391 -0.017228474980632152 0.000481111152852226 0.28438643401069164 -0.12586806900318726 -0.11782129594956867 -0.026089038197677366
0.8334065249999999 -0.9892397169 0.024368253660000002 -0.09151134174 0.00072932346 -0.05426700786 -5.21015080896 -0.71899987698 1.17687308454 -0.04038207066 -0.029676692339999998 0.02273962014 0.03512732616 -0.03788974332 0.0356337783 0.8892959605199999 0.9595163456999999 0.01684513242 0.03844071576 -0.01891141398 0.043017402600000004 0.1359420615 0.01838175732 0.00018131904 0.67882961502 -0.04624903674 0.84951963576 0.00343777662 -0.020479068179999997 -0.01805149764 -0.16387625628 0.07711482582 0.008197131600000001 -0.02200732866 0.027291483539999998 -0.08279696519999999 0.07070417244 0.05933449728 0.00579951108 0.009179546220000001 -0.00502728624 -0.0473358717 -0.05755179654 -0.07865037144 0.06178338359999999 0.88749140436 -0.04332742578 -1.1000623458599998 -0.15054795774 0.01574642538 -0.0030395223 1.0032973389 0.07526790792 -1.16825017698 0.04279102362 -0.05965288488 0.04204308258 0.07236518436 -0.006062855399999999 -0.01627662168 0.76068113094 0.9127684117799999 0.034719358320000004 -0.04045114458 0.0199680291 0.03065667858 -0.08582488524 0.02024837208 0.03118390686 -0.00336114774 -0.05349505284 0.033650331480000004 -0.010138353053115104 -0.0259429937038008 -0.020421954717306356 0.06093079749294341 -0.09331686040752203 0.031446523268686064 -0.03306057358793224 0.08193891989275708 -0.018890676209303573 0.05165239580567914 -0.016563116959483336 0.008174910184485755 -0.01801321542184356 -0.02060023246459982 0.024294322482736476 0.017973023340422487 -0.08222305005250603 0.016845257412231248 0.3038620840783019 0.01081604725767039 -0.017805887952334867 0.09048869087623936 0.04426978694900875 0.016756516479984725
-0.9316126405799999 0.8956612841399999 -0.0609698763 0.00986974578 0.007504233839999999 -0.06035927364 -0.71899987698 -6.59949581106 0.92793499398 -0.029676692339999998 -0.06355394244 -0.022552904699999998 -0.00471024774 0.10514048958 0.03093837066 0.8366416668 0.7858423855800001 0.0035200717199999998 0.00217016226 0.0052655372999999995 -0.06356662397999999 -0.01347858828 -0.10329303204 -0.008247048299999999 0.04831100118 -0.13688319366 -0.01173824928 -0.04017188088 -0.01122370254 0.01247458806 0.057973255380000005 0.7721277048 0.93833034912 -0.07604283095999999 0.26546429573999997 0.06370045469999999 0.02133628632 0.08023610358000001 0.01353444102 -0.030596238900000003 -0.0005542102799999999 0.0012681539999999999 -0.02411300394 1.1128860809999999 -1.34350636158 -0.0391009653 -0.11042059715999998 0.06213765725999999 0.07663130838 1.17568830492 -1.49162755824 -0.04851471528 -0.13797839304 0.09934475598 -0.042718711859999994 0.10175074092 -0.05325221484 -0.08317687175999999 0.029151082980000003 0.028816776 0.9127684117799999 0.8334456489 -0.0192894318 0.0199680291 0.03644566668 -0.021167918640000002 0.07751469906 0.77373286398 0.87675688548 0.018834785099999998 0.26301756798 0.01060149762 0.00925770873445342 0.023484113791911714 0.010785007828454119 0.1546849954992947 0.01738526389231435 0.024955701089883205 -0.09397704519046814 -0.047267479516780314 -0.005354301539807031 -0.068710551867022 -0.01884252529987833 -0.019153317533441263 -0.029311965597967008 0.056380735522958005 -0.024947742261879034 -0.022263229576071658 -0.04715088268651919 0.010619862147367539 0.06732889932549765 0.011161460393051477 0.02520879182041589 -0.0075103480461373535 -0.010331752573616496 0.040011813966776485
-0.015536505419999999 -0.0288693909 -0.08206008678 -0.03347090118 0.019672036559999998 0.09014848092 1.17687308454 0.92793499398 -6.875969302439999 0.02273962014 -0.022552904699999998 0.15012622907999998 -0.01958434506 0.0175963113 0.22394871126000002 0.03210156467999999 0.05928862787999999 -0.06475922838 0.02241367758 -0.06107483628 0.08613976518 -0.01464906744 -0.031356052020000004 -0.07355940768 0.86815583334 -0.0804778623 0.7387976496599999 0.0092480805 -0.0038678696999999997 -0.0415752147 0.03193508574 0.86502430242 0.80220481002 0.05341275774 0.00501784254 -0.02182789836 0.04780778688 0.04136988168 0.00745188876 -0.05845002732 -0.0096082902 -0.029989413720000004 0.017564472539999997 -1.29144729078 1.14002619552 -1.09218710952 0.07523741826000001 0.96266028834 0.00131699142 -1.50237233028 1.22912831448 -1.03342840812 -0.030340719359999997 0.9600856659 0.0322407918 -0.03765041298 0.02480752062 -0.01876679046 0.09214083179999999 0.0639540855 0.034719358320000004 -0.0192894318 -0.20391349698 0.03065667858 -0.021167918640000002 0.19851197040000002 0.02275553952 0.93902540544 0.79825599432 -0.04529549286 0.026834678279999996 -0.04105095444 0.003032313469589712 0.03501128233175491 -0.017586224299419705 0.003921712499055986 0.023914686386937445 0.07585240617656618 -0.018396035048844257 0.011844725777209682 -0.024877704575442316 -0.018009236007841472 0.03083568321936583 -0.017946759208008718 0.016317189174154405 -0.043268566386083854 0.001972197579433939 -0.14460275218360905 -0.06746778087417048 -0.06940058225498376 0.010620260088767748 0.014142439422014277 -0.02315063889853689 0.051365480056128725 0.0011432856427993758 0.06396987596633667
-0.09151134174 0.00072932346 -0.05426700786 0.8334065249999999 -0.9892397169 0.024368253660000002 -0.04038207066 -0.029676692339999998 0.02273962014 -5.21015080896 -0.71899987698 1.17687308454 0.8892959605199999 0.9595163456999999 0.01684513242 0.03512732616 -0.03788974332 0.0356337783 0.1359420615 0.01838175732 0.00018131904 0.03844071576 -0.01891141398 0.043017402600000004 0.00343777662 -0.020479068179999997 -0.01805149764 0.67882961502 -0.04624903674 0.84951963576 -0.02200732866 0.027291483539999998 -0.08279696519999999 -0.16387625628 0.07711482582 0.008197131600000001 0.009179546220000001 -0.00502728624 -0.0473358717 0.07070417244 0.05933449728 0.00579951108 0.88749140436 -0.04332742578 -1.1000623458599998 -0.05755179654 -0.07865037144 0.06178338359999999 1.0032973389 0.07526790792 -1.16825017698 -0.15054795774 0.01574642538 -0.0030395223 0.07236518436 -0.006062855399999999 -0.01627662168 0.04279102362 -0.05965288488 0.04204308258 -0.04045114458 0.0199680291 0.03065667858 0.76068113094 0.9127684117799999 0.034719358320000004 -0.00336114774 -0.05349505284 0.033650331480000004 -0.08582488524 0.02024837208 0.03118390686 0.06093079749294341 -0.09331686040752203 0.031446523268686064 -0.010138353053115104 -0.0259429937038008 -0.020421954717306356 0.05165239580567914 -0.016563116959483336 0.008174910184485755 -0.03306057358793224 0.08193891989275708 -0.018890676209303573 0.017973023340422487 -0.08222305005250603 0.016845257412231248 -0.01801321542184356 -0.02060023246459982 0.024294322482736476 0.09048869087623936 0.04426978694900875 0.016756516479984725 0.3038620840783019 0.01081604725767039 -0.017805887952334867
0.00986974578 0.007504233839999999 -0.06035927364 -0.9316126405799999 0.8956612841399999 -0.0609698763 -0.029676692339999998 -0.06355394244 -0.022552904699999998 -0.71899987698 -6.59949581106 0.92793499398 0.8366416668 0.7858423855800001 0.0035200717199999998 -0.00471024774 0.10514048958 0.03093837066 -0.01347858828 -0.10329303204 -0.008247048299999999 0.00217016226 0.0052655372999999995 -0.06356662397999999 -0.04017188088 -0.01122370254 0.01247458806 0.04831100118 -0.13688319366 -0.01173824928 -0.07604283095999999 0.26546429573999997 0.06370045469999999 0.057973255380000005 0.7721277048 0.93833034912 -0.030596238900000003 -0.0005542102799999999 0.0012681539999999999 0.02133628632 0.08023610358000001 0.01353444102 -0.0391009653 -0.11042059715999998 0.06213765725999999 -0.02411300394 1.1128860809999999 -1.34350636158 -0.04851471528 -0.13797839304 0.09934475598 0.07663130838 1.17568830492 -1.49162755824 -0.08317687175999999 0.029151082980000003 0.028816776 -0.042718711859999994 0.10175074092 -0.05325221484 0.0199680291 0.03644566668 -0.021167918640000002 0.9127684117799999 0.8334456489 -0.0192894318 0.018834785099999998 0.26301756798 0.01060149762 0.07751469906 0.77373286398 0.87675688548 0.1546849954992947 0.01738526389231435 0.024955701089883205 0.00925770873445342 0.023484113791911714 0.010785007828454119 -0.068710551867022 -0.01884252529987833 -0.019153317533441263 -0.09397704519046814 -0.047267479516780314 -0.005354301539807031 -0.022263229576071658 -0.04715088268651919 0.010619862147367539 -0.029311965597967008 0.056380735522958005 -0.024947742261879034 -0.0075103480461373535 -0.010331752573616496 0.040011813966776485 0.06732889932549765 0.011161460393051477 0.02520879182041589
-0.03347090118 0.019672036559999998 0.09014848092 -0.015536505419999999 -0.0288693909 -0.08206008678 0.02273962014 -0.022552904699999998 0.15012622907999998 1.17687308454 0.92793499398 -6.875969302439999 0.03210156467999999 0.05928862787999999 -0.06475922838 -0.01958434506 0.0175963113 0.22394871126000002 -0.01464906744 -0.031356052020000004 -0.07355940768 0.02241367758 -0.06107483628 0.08613976518 0.0092480805 -0.0038678696999999997 -0.0415752147 0.86815583334 -0.0804778623 0.7387976496599999 0.05341275774 0.00501784254 -0.02182789836 0.03193508574 0.86502430242 0.80220481002 -0.05845002732 -0.0096082902 -0.029989413720000004 0.04780778688 0.04136988168 0.00745188876 -1.09218710952 0.07523741826000001 0.96266028834 0.017564472539999997 -1.29144729078 1.14002619552 -1.03342840812 -0.030340719359999997 0.9600856659 0.00131699142 -1.50237233028 1.22912831448 -0.01876679046 0.09214083179999999 0.0639540855 0.0322407918 -0.03765041298 0.02480752062 0.03065667858 -0.021167918640000002 0.19851197040000002 0.034719358320000004 -0.0192894318 -0.20391349698 -0.04529549286 0.026834678279999996 -0.04105095444 0.02275553952 0.93902540544 0.79825599432 0.003921712499055986 0.023914686386937445 0.07585240617656618 0.003032313469589712 0.03501128233175491 -0.017586224299419705 -0.018009236007841472 0.03083568321936583 -0.017946759208008718 -0.018396035048844257 0.011844725777209682 -0.024877704575442316 -0.14460275218360905 -0.06746778087417048 -0.06940058225498376 0.016317189174154405 -0.043268566386083854 0.001972197579433939 0.051365480056128725 0.0011432856427993758 0.06396987596633667 0.010620260088767748 0.014142439422014277 -0.02315063889853689
0.040535328419999996 0.02732413176 -1.8617579999999998e-05 0.17437549212 0.06962974920000001 0.00538102026 0.03512732616 -0.00471024774 -0.01958434506 0.8892959605199999 0.8366416668 0.03210156467999999 -6.1857961848 0.02152650942 0.6006875844599999 0.0436150539 0.015627974399999998 -0.00603263556 0.9540765046799999 -1.10427963246 -0.06478701984 0.07010274366000001 0.08111247894 -0.02523842316 -0.02078207604 -0.008072204940000001 -0.029377731780000003 -0.008554643099999999 -0.00864854046 -0.028768748040000004 0.9078835904999999 -0.9242665212600001 -0.046477304459999993 0.02019764592 -0.03193400646 -0.01405195578 0.11569962546 -0.004694868 -0.028910673360000003 -0.02678799942 -0.040124122740000004 -0.00273219732 0.02518203078 -0.01480556304 0.02306367396 0.7133433705 0.033341927220000005 0.8679159633599999 -0.04072339296 0.0114525099 -0.008418384 0.00840273444 0.05213650914 -0.02013450804 -0.00767449026 0.00657524358 0.00981551196 0.91766807316 1.09431275148 -0.05047981434 0.009179546220000001 -0.030596238900000003 -0.05845002732 0.07070417244 0.02133628632 0.04780778688 -0.07041951233999999 -0.0153648999 0.0730470195 1.03504409028 -0.044391595859999994 -1.08154675782 -0.033317245791066805 0.024351228102966308 -0.016391604215993415 0.016054547850016712 -0.027132440549024375 -0.056707445412529284 0.06706347241155851 0.035214630387261525 0.02730514711671492 0.006579961052449592 0.029125331081269162 -0.029241529970130083 0.02901350954781054 0.09849885332103872 -0.0807817063009504 0.12518918097443132 -0.13315119250980548 -0.10078741431363852 0.0333260005018714 -0.06040352513766698 0.029918030350484744 0.1207672561353131 -0.01694872217628549 0.029903704460077233
0.02069816202 -0.0604073016 0.01471220532 0.0208368495 0.00962340012 -0.0121405509 -0.03788974332 0.10514048958 0.0175963113 0.9595163456999999 0.7858423855800001 0.05928862787999999 0.02152650942 -6.1987934142 0.78201822672 0.015627974399999998 0.03239270046 -0.08777757257999999 -1.06744407588 0.9052005004199999 0.01851423894 0.0551404152 0.16873139735999998 0.00727380756 0.019614025259999997 0.07427011356 0.03361498506 0.01769830326 0.05346105552 0.0151166655 -0.9953775822600001 0.82046568798 -0.04636236114 0.02936612952 0.01096494516 -0.006427382220000001 -0.004694868 -0.01692014238 -0.011269571939999999 -0.040124122740000004 -0.024083863379999997 -0.03782579598 0.02378544246 -0.00466356888 0.00291783348 -0.09461670012 -0.08570724371999999 -0.049275068039999995 -0.0301200066 0.7483916394 0.89153007012 0.01195383546 0.26964704538 -0.02474465256 0.00046301111999999994 -0.02556220716 -0.01169966502 0.9944904141 0.86349766086 -0.08337276108 -0.00502728624 -0.0005542102799999999 -0.0096082902 0.05933449728 0.08023610358000001 0.04136988168 0.05630495832 1.10612601072 -1.33480439676 -0.02558352294 -0.12925187459999998 0.00273921264 0.031189453124151296 0.2903921656226402 -0.05472171782548826 0.07034768278748028 -0.03284210375921771 -0.10044120529545703 0.02367870713661373 0.04094538449166591 -0.01791452595459182 -0.015843638907906143 0.05651285206782727 -0.0364546157903116 -0.06142543865340273 0.14889017282945674 -0.021264396661548012 -0.027658917021500386 0.00326988448551426 0.0032539668295059154 -0.01985409233920865 0.037932172209286213 -0.0049746654440080045 0.0009709770165090417 0.03690986075215026 0.05750133850594549
-0.010694045880000001 0.007772974560000001 0.07296094691999999 -0.045983533859999995 0.01918231326 0.014539520519999998 0.0356337783 0.03093837066 0.22394871126000002 0.01684513242 0.0035200717199999998 -0.06475922838 0.6006875844599999 0.78201822672 -4.5287249859 -0.00603263556 -0.08777757257999999 0.1775294181 -0.02494593828 -0.00982711422 -0.10105811297999999 -0.02425438962 -0.01584544932 0.14626915218 -0.0495079227 -0.020138285519999997 -0.06534176975999999 -0.022134683699999998 0.00449088408 0.01302717942 0.00974481912 -0.06525974448 -0.13079470536 -0.009735645239999998 -0.00359858934 0.044269367399999995 -0.028910673360000003 -0.011269571939999999 -0.11887945416 -0.00273219732 -0.03782579598 0.048740014979999996 -0.0052938683999999995 0.016876971180000002 -0.029141099639999998 0.8010658998 0.05128576668 0.75374648712 0.03773378736 0.9570456039599999 0.8296266166199999 0.00043845749999999996 0.0099266778 -0.024452977140000002 0.01346239908 -0.013687698779999998 0.19345311522 0.02647500822 -0.00149777082 -0.11968108938 -0.0473358717 0.0012681539999999999 -0.029989413720000004 0.00579951108 0.01353444102 0.00745188876 0.01139557788 -1.47847275396 1.2019706616599999 -1.2146500431 -0.00279506538 0.9602974745999999 0.01924961935229175 -0.005364250074812247 0.043269362268884275 0.012019024110501061 -0.00741325034448645 0.07547197419796672 -0.06327626410577304 0.06580637552829947 0.019589859249470126 -0.025282808920854695 0.020002524481486466 0.043900099388214944 0.09801933393378734 -0.3061096571066802 0.2412026291428522 -0.042737712558205555 0.06052370344052999 0.0684423393632814 0.014793073611355376 -0.048471252252411404 -0.0014544758177625194 -0.005502733682084848 0.018043061026859205 0.09690947536860549
0.17437549212 0.06962974920000001 0.00538102026 0.040535328419999996 0.02732413176 -1.8617579999999998e-05 0.8892959605199999 0.8366416668 0.03210156467999999 0.03512732616 -0.00471024774 -0.01958434506 0.0436150539 0.015627974399999998 -0.00603263556 -6.1857961848 0.02152650942 0.6006875844599999 0.07010274366000001 0.08111247894 -0.02523842316 0.9540765046799999 -1.10427963246 -0.06478701984 -0.008554643099999999 -0.00864854046 -0.028768748040000004 -0.02078207604 -0.008072204940000001 -0.029377731780000003 0.02019764592 -0.03193400646 -0.01405195578 0.9078835904999999 -0.9242665212600001 -0.046477304459999993 -0.02678799942 -0.040124122740000004 -0.00273219732 0.11569962546 -0.004694868 -0.028910673360000003 0.7133433705 0.033341927220000005 0.8679159633599999 0.02518203078 -0.01480556304 0.02306367396 0.00840273444 0.05213650914 -0.02013450804 -0.04072339296 0.0114525099 -0.008418384 0.91766807316 1.09431275148 -0.05047981434 -0.00767449026 0.00657524358 0.00981551196 0.07070417244 0.02133628632 0.04780778688 0.009179546220000001 -0.030596238900000003 -0.05845002732 1.03504409028 -0.044391595859999994 -1.08154675782 -0.07041951233999999 -0.0153648999 0.0730470195 0.016054547850016712 -0.027132440549024375 -0.056707445412529284 -0.033317245791066805 0.024351228102966308 -0.016391604215993415 0.006579961052449592 0.029125331081269162 -0.029241529970130083 0.06706347241155851 0.035214630387261525 0.02730514711671492 0.12518918097443132 -0.13315119250980548 -0.10078741431363852 0.02901350954781054 0.09849885332103872 -0.0807817063009504 0.1207672561353131 -0.01694872217628549 0.029903704460077233 0.0333260005018714 -0.06040352513766698 0.029918030350484744
0.0208368495 0.00962340012 -0.0121405509 0.02069816202 -0.0604073016 0.01471220532 0.9595163456999999 0.7858423855800001 0.05928862787999999 -0.03788974332 0.10514048958 0.0175963113 0.015627974399999998 0.03239270046 -0.08777757257999999 0.02152650942 -6.1987934142 0.78201822672 0.0551404152 0.16873139735999998 0.00727380756 -1.06744407588 0.9052005004199999 0.01851423894 0.01769830326 0.05346105552 0.0151166655 0.019614025259999997 0.07427011356 0.03361498506 0.02936612952 0.01096494516 -0.006427382220000001 -0.9953775822600001 0.82046568798 -0.04636236114 -0.040124122740000004 -0.024083863379999997 -0.03782579598 -0.004694868 -0.01692014238 -0.011269571939999999 -0.09461670012 -0.08570724371999999 -0.049275068039999995 0.02378544246 -0.00466356888 0.00291783348 0.01195383546 0.26964704538 -0.02474465256 -0.0301200066 0.7483916394 0.89153007012 0.9944904141 0.86349766086 -0.08337276108 0.00046301111999999994 -0.02556220716 -0.01169966502 0.05933449728 0.08023610358000001 0.04136988168 -0.00502728624 -0.0005542102799999999 -0.0096082902 -0.02558352294 -0.12925187459999998 0.00273921264 0.05630495832 1.10612601072 -1.33480439676 0.07034768278748028 -0.03284210375921771 -0.10044120529545703 0.031189453124151296 0.2903921656226402 -0.05472171782548826 -0.015843638907906143 0.05651285206782727 -0.0364546157903116 0.02367870713661373 0.04094538449166591 -0.01791452595459182 -0.027658917021500386 0.00326988448551426 0.0032539668295059154 -0.06142543865340273 0.14889017282945674 -0.021264396661548012 0.0009709770165090417 0.03690986075215026 0.05750133850594549 -0.01985409233920865 0.037932172209286213 -0.0049746654440080045
-0.045983533859999995 0.01918231326 0.014539520519999998 -0.010694045880000001 0.007772974560000001 0.07296094691999999 0.01684513242 0.0035200717199999998 -0.06475922838 0.0356337783 0.03093837066 0.22394871126000002 -0.00603263556 -0.08777757257999999 0.1775294181 0.6006875844599999 0.78201822672 -4.5287249859 -0.02425438962 -0.01584544932 0.14626915218 -0.02494593828 -0.00982711422 -0.10105811297999999 -0.022134683699999998 0.00449088408 0.01302717942 -0.0495079227 -0.020138285519999997 -0.06534176975999999 -0.009735645239999998 -0.00359858934 0.044269367399999995 0.00974481912 -0.06525974448 -0.13079470536 -0.00273219732 -0.03782579598 0.048740014979999996 -0.028910673360000003 -0.011269571939999999 -0.11887945416 0.8010658998 0.05128576668 0.75374648712 -0.0052938683999999995 0.016876971180000002 -0.029141099639999998 0.00043845749999999996 0.0099266778 -0.024452977140000002 0.03773378736 0.9570456039599999 0.8296266166199999 0.02647500822 -0.00149777082 -0.11968108938 0.01346239908 -0.013687698779999998 0.19345311522 0.00579951108 0.01353444102 0.00745188876 -0.0473358717 0.0012681539999999999 -0.029989413720000004 -1.2146500431 -0.00279506538 0.9602974745999999 0.01139557788 -1.47847275396 1.2019706616599999 0.012019024110501061 -0.00741325034448645 0.07547197419796672 0.01924961935229175 -0.005364250074812247 0.043269362268884275 -0.025282808920854695 0.020002524481486466 0.043900099388214944 -0.06327626410577304 0.06580637552829947 0.019589859249470126 -0.042737712558205555 0.06052370344052999 0.0684423393632814 0.09801933393378734 -0.3061096571066802 0.2412026291428522 -0.005502733682084848 0.018043061026859205 0.09690947536860549 0.014793073611355376 -0.048471252252411404 -0.0014544758177625194
0.79358055336 0.030428680679999997 0.8723550419999999 0.0654772194 0.0195740919 -0.03281038182 0.03844071576 0.00217016226 0.02241367758 0.1359420615 -0.01347858828 -0.01464906744 0.9540765046799999 -1.06744407588 -0.02494593828 0.07010274366000001 0.0551404152 -0.02425438962 -5.6586286143 0.93467644668 -1.2627238725 0.06097716144 0.06334618104 -0.04437675576 0.8802958446000001 -1.01189056626 -0.04575526614 0.075320253 0.08400872681999999 -0.00426234654 0.0033954148799999998 -0.00840165516 -0.024471055079999998 0.08999090604 0.01583762454 0.0263236392 0.91766807316 0.9944904141 0.02647500822 -0.00767449026 0.00046301111999999994 0.01346239908 0.18399997152 0.05868369144 0.00548436132 -0.018428436179999997 0.0383184873 0.026154731879999997 0.78330122082 0.013376326499999999 0.9345234587399999 0.05717162016 0.0237684438 -0.0310603293 -0.08539371288 -0.08553024179999999 -0.07546919364 -0.01180948176 0.03219843006 -0.04760892954 0.04279102362 -0.042718711859999994 0.0322407918 0.07236518436 -0.08317687175999999 -0.01876679046 0.07155923202 -0.0011221813799999999 0.00582757236 0.07012567836 -0.04221225972 -0.004908835259999999 -0.00902093360132929 -0.06334431208520871 -0.017804296186734028 -0.01989229471362868 -0.07634465968862424 -0.03869781146328761 -0.0084307865048199 0.0339444014377956 0.009059135975749318 0.0328878670202417 0.026623075556757338 -0.08957859889396223 0.1263320686758305 0.0028464748356922852 -0.08826857580447543 0.13965793234461668 0.1103204984970363 -0.08174870390345734 0.10279224308788958 0.00498143044781155 -0.04327334168288636 0.04207354836125737 -0.046666588002465294 -0.0029777954977611306
0.00874702476 -0.08406538901999999 -0.01928916198 0.0388257489 0.022096369260000002 -0.02537765028 -0.01891141398 0.0052655372999999995 -0.06107483628 0.01838175732 -0.10329303204 -0.031356052020000004 -1.10427963246 0.9052005004199999 -0.00982711422 0.08111247894 0.16873139735999998 -0.01584544932 0.93467644668 -4.910103414 -0.32051567034 0.06334618104 0.06011535636 -0.07596512279999999 -1.07676230958 0.8748711135 0.027231583499999996 0.06104515608 0.15829772778 -0.01673234766 -0.04062032172 0.04311426798 0.01859113764 0.06084171179999999 0.04294158318 0.01157581764 1.09431275148 0.86349766086 -0.00149777082 0.00657524358 -0.02556220716 -0.013687698779999998 0.03045836088 -0.044124474059999995 -0.054006631560000004 -0.061634173140000005 -0.00659790846 -0.06786404711999999 -0.00925185798 -0.09723827124000001 0.012029654879999999 0.04990132026 0.04214750292 -0.04599270774 -0.08553024179999999 0.79734346308 1.05945038856 0.03219843006 0.2791989432 -0.02100090006 -0.05965288488 0.10175074092 -0.03765041298 -0.006062855399999999 0.029151082980000003 0.09214083179999999 0.00140063562 0.09055887714000001 -0.003224349 -0.04903088093999999 0.0058329687600000004 0.06709937724 -0.11158595214969974 0.011031333555183256 -0.012549877938379363 -0.03997520335795729 -0.020012075075091475 -0.012773123063896403 0.01970088490012833 0.17100218467344913 0.0094690156179642 -0.020314908480650238 0.010788987242456204 -0.03263716393811027 0.06677098548240516 0.12397744941079607 -0.10816087051810411 0.04265812427816383 0.18297265993312473 -0.1334894426999828 0.0012642598284627975 0.1939172422630625 -0.17941784940506111 0.05252110188233457 0.15824338749996023 -0.027104186709609564
0.9865593250200001 0.01823011848 0.80275848066 -0.00733802472 -0.030521228939999995 -0.00081917352 0.043017402600000004 -0.06356662397999999 0.08613976518 0.00018131904 -0.008247048299999999 -0.07355940768 -0.06478701984 0.01851423894 -0.10105811297999999 -0.02523842316 0.00727380756 0.14626915218 -1.2627238725 -0.32051567034 -3.8451184776 -0.04437675576 -0.07596512279999999 0.16103343275999998 -0.00029923038 0.03441527118 -0.08134344486 0.009170642159999999 -0.00796562604 0.14106891132 0.04547924028 -0.00848233134 -0.039183800039999994 0.014020386840000001 0.02129041692 0.032661710999999996 -0.05047981434 -0.08337276108 -0.11968108938 0.00981551196 -0.01169966502 0.19345311522 -0.04120637076 -0.015302031839999999 -0.02257017318 0.02028344868 -0.01503383076 0.06428191679999999 0.98165291814 0.02979838116 0.80201215854 -0.0908780742 -0.05096872818 -0.010480888079999999 -0.07546919364 1.05945038856 0.8967254542199999 -0.04760892954 -0.02100090006 -0.06984938268 0.04204308258 -0.05325221484 0.02480752062 -0.01627662168 0.028816776 0.0639540855 0.02741047416 -0.01367123976 0.048038752799999994 -0.048386550779999996 0.011452779719999999 0.01113843942 -0.1730945605557461 -0.15624054843271024 0.12618244270935206 -0.08116890328335338 0.04644214905274763 0.12685018837890213 -0.02725898591429072 0.006605031360662736 -0.015365313344855375 -0.05780297808730363 -0.03519393743445068 -0.0289239727327636 -0.10570955149281899 0.02117804337770274 0.15504712217348457 -0.012194516267993062 -0.167425487368374 0.2016703345633271 0.026087844373476738 -0.22926995831619643 0.25615607313849165 0.030838070867767083 0.013057651165045567 0.12548445349338613
0.0654772194 0.0195740919 -0.03281038182 0.79358055336 0.030428680679999997 0.8723550419999999 0.1359420615 -0.01347858828 -0.01464906744 0.03844071576 0.00217016226 0.02241367758 0.07010274366000001 0.0551404152 -0.02425438962 0.9540765046799999 -1.06744407588 -0.02494593828 0.06097716144 0.06334618104 -0.04437675576 -5.6586286143 0.93467644668 -1.2627238725 0.075320253 0.08400872681999999 -0.00426234654 0.8802958446000001 -1.01189056626 -0.04575526614 0.08999090604 0.01583762454 0.0263236392 0.0033954148799999998 -0.00840165516 -0.024471055079999998 -0.00767449026 0.00046301111999999994 0.01346239908 0.91766807316 0.9944904141 0.02647500822 -0.018428436179999997 0.0383184873 0.026154731879999997 0.18399997152 0.05868369144 0.00548436132 0.05717162016 0.0237684438 -0.0310603293 0.78330122082 0.013376326499999999 0.9345234587399999 -0.01180948176 0.03219843006 -0.04760892954 -0.08539371288 -0.08553024179999999 -0.07546919364 0.07236518436 -0.08317687175999999 -0.01876679046 0.04279102362 -0.042718711859999994 0.0322407918 0.07012567836 -0.04221225972 -0.004908835259999999 0.07155923202 -0.0011221813799999999 0.00582757236 -0.01989229471362868 -0.07634465968862424 -0.03869781146328761 -0.00902093360132929 -0.06334431208520871 -0.017804296186734028 0.0328878670202417 0.026623075556757338 -0.08957859889396223 -0.0084307865048199 0.0339444014377956 0.009059135975749318 0.13965793234461668 0.1103204984970363 -0.08174870390345734 0.1263320686758305 0.0028464748356922852 -0.08826857580447543 0.04207354836125737 -0.046666588002465294 -0.0029777954977611306 0.10279224308788958 0.00498143044781155 -0.04327334168288636
0.0388257489 0.022096369260000002 -0.02537765028 0.00874702476 -0.08406538901999999 -0.01928916198 0.01838175732 -0.10329303204 -0.031356052020000004 -0.01891141398 0.0052655372999999995 -0.06107483628 0.08111247894 0.16873139735999998 -0.01584544932 -1.10427963246 0.9052005004199999 -0.00982711422 0.06334618104 0.06011535636 -0.07596512279999999 0.93467644668 -4.910103414 -0.32051567034 0.06104515608 0.15829772778 -0.01673234766 -1.07676230958 0.8748711135 0.027231583499999996 0.06084171179999999 0.04294158318 0.01157581764 -0.04062032172 0.04311426798 0.01859113764 0.00657524358 -0.02556220716 -0.013687698779999998 1.09431275148 0.86349766086 -0.00149777082 -0.061634173140000005 -0.00659790846 -0.06786404711999999 0.03045836088 -0.044124474059999995 -0.054006631560000004 0.04990132026 0.04214750292 -0.04599270774 -0.00925185798 -0.09723827124000001 0.012029654879999999 0.03219843006 0.2791989432 -0.02100090006 -0.08553024179999999 0.79734346308 1.05945038856 -0.006062855399999999 0.029151082980000003 0.09214083179999999 -0.05965288488 0.10175074092 -0.03765041298 -0.04903088093999999 0.0058329687600000004 0.06709937724 0.00140063562 0.09055887714000001 -0.003224349 -0.03997520335795729 -0.020012075075091475 -0.012773123063896403 -0.11158595214969974 0.011031333555183256 -0.012549877938379363 -0.020314908480650238 0.010788987242456204 -0.03263716393811027 0.01970088490012833 0.17100218467344913 0.0094690156179642 0.04265812427816383 0.18297265993312473 -0.1334894426999828 0.06677098548240516 0.12397744941079607 -0.10816087051810411 0.05252110188233457 0.15824338749996023 -0.027104186709609564 0.0012642598284627975 0.1939172422630625 -0.17941784940506111
