-3.814786 3.814786 7.710450
-3.814786 7.710450 3.814786
-7.710450 3.814786 3.814786
-11.525236 11.525236 7.629572
-11.525236 7.629572 11.525236
-7.629572 11.525236 11.525236
32 2
direct
0.125000 0.125000 0.125000 Al
0.625000 0.625000 0.625000 Al
0.375000 0.375000 0.875000 Al
0.875000 0.875000 0.375000 Al
0.375000 0.875000 0.375000 Al
0.875000 0.375000 0.875000 Al
0.750000 0.250000 0.250000 Al
0.250000 0.750000 0.750000 Al
0.875000 0.375000 0.375000 Al
0.375000 0.875000 0.875000 Al
0.250000 0.750000 0.250000 Al
0.750000 0.250000 0.750000 Al
0.250000 0.250000 0.750000 Al
0.750000 0.750000 0.250000 Al
0.000000 0.000000 0.000000 Al
0.500000 0.500000 0.500000 Al
0.625000 0.125000 0.125000 Ni
0.125000 0.625000 0.625000 Ni
0.250000 0.250000 0.250000 Ni
0.750000 0.750000 0.750000 Ni
0.000000 0.000000 0.500000 Ni
0.500000 0.500000 0.000000 Ni
1.000000 0.500000 1.000000 Ni
0.500000 0.000000 0.500000 Ni
0.125000 0.625000 0.125000 Ni
0.625000 0.125000 0.625000 Ni
0.125000 0.125000 0.625000 Ni
0.625000 0.625000 0.125000 Ni
0.375000 0.375000 0.375000 Ni
0.875000 0.875000 0.875000 Ni
0.500000 0.000000 0.000000 Ni
1.000000 0.500000 0.500000 Ni
-3.5804941315199996 1.17023982966 1.17023982966 -0.01948559094 0.026591300639999996 0.026591300639999996 0.029355876359999998 -0.009023050619999999 -0.009023050619999999 0.030925958939999998 -0.01770639786 -0.01770639786 0.01978131366 -0.017343220139999997 -0.01359272214 -0.00797479992 0.026351160840000002 -0.00458370216 1.00681660116 -1.18233073368 -0.09462452489999999 0.02021437476 7.258158e-05 -0.01031683752 0.01978131366 -0.01359272214 -0.017343220139999997 -0.00797479992 -0.00458370216 0.026351160840000002 1.00681660116 -0.09462452489999999 -1.18233073368 0.02021437476 -0.01031683752 7.258158e-05 0.10042619453999999 0.11167903764 0.11167903764 0.0360493011 -0.00082861722 -0.00082861722 -0.00137500272 0.025574349059999998 0.025574349059999998 -0.02037033072 0.038760452460000004 0.038760452460000004 -0.003442591053204803 0.0010378311717440904 0.010716959849018442 0.22909685380710568 0.1840733658461018 0.0074546362501081475 0.0404969045336308 -0.04269990812518574 -0.04269990812518574 0.09400092167448067 0.025745216827897117 0.025745216827897117 0.05180520530335925 0.03345493351553899 0.03345493351553899 -0.018504275109701002 -0.008429592680619276 -0.008429592680619276 0.22796073110951007 0.07553047158379739 -0.23168108526006048 0.007076591919909954 0.014605245270456906 -0.0018504275109701 -0.003442591053204803 0.010716959849018442 0.0010378311717440904 0.22909685380710568 0.0074546362501081475 0.1840733658461018 0.016312811818752108 0.0006880406809607102 0.0006880406809607102 0.17338386395369773 -0.0093213793584868 -0.0093213793584868 -0.06162600111910787 0.005885553309085544 0.005885553309085544 0.08872421870771431 -0.08178611039507695 -0.08178611039507695 0.22796073110951007 -0.23168108526006048 0.07553047158379739 0.007076591919909954 -0.0018504275109701 0.014605245270456906
1.17023982966 -3.5804941315199996 -1.17023982966 0.026591300639999996 -0.01948559094 -0.026591300639999996 -0.017343220139999997 0.01978131366 0.01359272214 0.026351160840000002 -0.00797479992 0.00458370216 -0.009023050619999999 0.029355876359999998 0.009023050619999999 -0.01770639786 0.030925958939999998 0.01770639786 -1.18233073368 1.00681660116 0.09462452489999999 7.258158e-05 0.02021437476 0.01031683752 -0.01359272214 0.01978131366 0.017343220139999997 -0.00458370216 -0.00797479992 -0.026351160840000002 0.11167903764 0.10042619453999999 -0.11167903764 -0.00082861722 0.0360493011 0.00082861722 -0.09462452489999999 1.00681660116 1.18233073368 -0.01031683752 0.02021437476 -7.258158e-05 0.025574349059999998 -0.00137500272 -0.025574349059999998 0.038760452460000004 -0.02037033072 -0.038760452460000004 0.0010378311717440904 -0.003442591053204803 -0.010716959849018442 0.1840733658461018 0.22909685380710568 -0.0074546362501081475 -0.04269990812518574 0.0404969045336308 0.04269990812518574 0.025745216827897117 0.09400092167448067 -0.025745216827897117 0.07553047158379739 0.22796073110951007 0.23168108526006048 0.014605245270456906 0.007076591919909954 0.0018504275109701 0.03345493351553899 0.05180520530335925 -0.03345493351553899 -0.008429592680619276 -0.018504275109701002 0.008429592680619276 0.0006880406809607102 0.016312811818752108 -0.0006880406809607102 -0.0093213793584868 0.17338386395369773 0.0093213793584868 0.010716959849018442 -0.003442591053204803 -0.0010378311717440904 0.0074546362501081475 0.22909685380710568 -0.1840733658461018 0.005885553309085544 -0.06162600111910787 -0.005885553309085544 -0.08178611039507695 0.08872421870771431 0.08178611039507695 -0.23168108526006048 0.22796073110951007 -0.07553047158379739 -0.0018504275109701 0.007076591919909954 -0.014605245270456906
1.17023982966 -1.17023982966 -3.5804941315199996 0.026591300639999996 -0.026591300639999996 -0.01948559094 -0.017343220139999997 0.01359272214 0.01978131366 0.026351160840000002 0.00458370216 -0.00797479992 -0.01359272214 0.017343220139999997 0.01978131366 -0.00458370216 -0.026351160840000002 -0.00797479992 0.11167903764 -0.11167903764 0.10042619453999999 -0.00082861722 0.00082861722 0.0360493011 -0.009023050619999999 0.009023050619999999 0.029355876359999998 -0.01770639786 0.01770639786 0.030925958939999998 -1.18233073368 0.09462452489999999 1.00681660116 7.258158e-05 0.01031683752 0.02021437476 -0.09462452489999999 1.18233073368 1.00681660116 -0.01031683752 -7.258158e-05 0.02021437476 0.025574349059999998 -0.025574349059999998 -0.00137500272 0.038760452460000004 -0.038760452460000004 -0.02037033072 0.0006880406809607102 -0.0006880406809607102 0.016312811818752108 -0.0093213793584868 0.0093213793584868 0.17338386395369773 -0.04269990812518574 0.04269990812518574 0.0404969045336308 0.025745216827897117 -0.025745216827897117 0.09400092167448067 0.07553047158379739 0.23168108526006048 0.22796073110951007 0.014605245270456906 0.0018504275109701 0.007076591919909954 -0.23168108526006048 -0.07553047158379739 0.22796073110951007 -0.0018504275109701 -0.014605245270456906 0.007076591919909954 0.0010378311717440904 -0.010716959849018442 -0.003442591053204803 0.1840733658461018 -0.0074546362501081475 0.22909685380710568 0.010716959849018442 -0.0010378311717440904 -0.003442591053204803 0.0074546362501081475 -0.1840733658461018 0.22909685380710568 0.005885553309085544 -0.005885553309085544 -0.06162600111910787 -0.08178611039507695 0.08178611039507695 0.08872421870771431 0.03345493351553899 -0.03345493351553899 0.05180520530335925 -0.008429592680619276 0.008429592680619276 -0.018504275109701002
-0.01948559094 0.026591300639999996 0.026591300639999996 -3.5804941315199996 1.17023982966 1.17023982966 0.030925958939999998 -0.01770639786 -0.01770639786 0.029355876359999998 -0.009023050619999999 -0.009023050619999999 -0.00797479992 0.026351160840000002 -0.00458370216 0.01978131366 -0.017343220139999997 -0.01359272214 0.02021437476 7.258158e-05 -0.01031683752 1.00681660116 -1.18233073368 -0.09462452489999999 -0.00797479992 -0.00458370216 0.026351160840000002 0.01978131366 -0.01359272214 -0.017343220139999997 0.02021437476 -0.01031683752 7.258158e-05 1.00681660116 -0.09462452489999999 -1.18233073368 0.0360493011 -0.00082861722 -0.00082861722 0.10042619453999999 0.11167903764 0.11167903764 -0.02037033072 0.038760452460000004 0.038760452460000004 -0.00137500272 0.025574349059999998 0.025574349059999998 0.22909685380710568 0.1840733658461018 0.0074546362501081475 -0.003442591053204803 0.0010378311717440904 0.010716959849018442 0.09400092167448067 0.025745216827897117 0.025745216827897117 0.0404969045336308 -0.04269990812518574 -0.04269990812518574 -0.018504275109701002 -0.008429592680619276 -0.008429592680619276 0.05180520530335925 0.03345493351553899 0.03345493351553899 0.007076591919909954 0.014605245270456906 -0.0018504275109701 0.22796073110951007 0.07553047158379739 -0.23168108526006048 0.22909685380710568 0.0074546362501081475 0.1840733658461018 -0.003442591053204803 0.010716959849018442 0.0010378311717440904 0.17338386395369773 -0.0093213793584868 -0.0093213793584868 0.016312811818752108 0.0006880406809607102 0.0006880406809607102 0.08872421870771431 -0.08178611039507695 -0.08178611039507695 -0.06162600111910787 0.005885553309085544 0.005885553309085544 0.007076591919909954 -0.0018504275109701 0.014605245270456906 0.22796073110951007 -0.23168108526006048 0.07553047158379739
0.026591300639999996 -0.01948559094 -0.026591300639999996 1.17023982966 -3.5804941315199996 -1.17023982966 0.026351160840000002 -0.00797479992 0.00458370216 -0.017343220139999997 0.01978131366 0.01359272214 -0.01770639786 0.030925958939999998 0.01770639786 -0.009023050619999999 0.029355876359999998 0.009023050619999999 7.258158e-05 0.02021437476 0.01031683752 -1.18233073368 1.00681660116 0.09462452489999999 -0.00458370216 -0.00797479992 -0.026351160840000002 -0.01359272214 0.01978131366 0.017343220139999997 -0.00082861722 0.0360493011 0.00082861722 0.11167903764 0.10042619453999999 -0.11167903764 -0.01031683752 0.02021437476 -7.258158e-05 -0.09462452489999999 1.00681660116 1.18233073368 0.038760452460000004 -0.02037033072 -0.038760452460000004 0.025574349059999998 -0.00137500272 -0.025574349059999998 0.1840733658461018 0.22909685380710568 -0.0074546362501081475 0.0010378311717440904 -0.003442591053204803 -0.010716959849018442 0.025745216827897117 0.09400092167448067 -0.025745216827897117 -0.04269990812518574 0.0404969045336308 0.04269990812518574 0.014605245270456906 0.007076591919909954 0.0018504275109701 0.07553047158379739 0.22796073110951007 0.23168108526006048 -0.008429592680619276 -0.018504275109701002 0.008429592680619276 0.03345493351553899 0.05180520530335925 -0.03345493351553899 -0.0093213793584868 0.17338386395369773 0.0093213793584868 0.0006880406809607102 0.016312811818752108 -0.0006880406809607102 0.0074546362501081475 0.22909685380710568 -0.1840733658461018 0.010716959849018442 -0.003442591053204803 -0.0010378311717440904 -0.08178611039507695 0.08872421870771431 0.08178611039507695 0.005885553309085544 -0.06162600111910787 -0.005885553309085544 -0.0018504275109701 0.007076591919909954 -0.014605245270456906 -0.23168108526006048 0.22796073110951007 -0.07553047158379739
0.026591300639999996 -0.026591300639999996 -0.01948559094 1.17023982966 -1.17023982966 -3.5804941315199996 0.026351160840000002 0.00458370216 -0.00797479992 -0.017343220139999997 0.01359272214 0.01978131366 -0.00458370216 -0.026351160840000002 -0.00797479992 -0.01359272214 0.017343220139999997 0.01978131366 -0.00082861722 0.00082861722 0.0360493011 0.11167903764 -0.11167903764 0.10042619453999999 -0.01770639786 0.01770639786 0.030925958939999998 -0.009023050619999999 0.009023050619999999 0.029355876359999998 7.258158e-05 0.01031683752 0.02021437476 -1.18233073368 0.09462452489999999 1.00681660116 -0.01031683752 -7.258158e-05 0.02021437476 -0.09462452489999999 1.18233073368 1.00681660116 0.038760452460000004 -0.038760452460000004 -0.02037033072 0.025574349059999998 -0.025574349059999998 -0.00137500272 -0.0093213793584868 0.0093213793584868 0.17338386395369773 0.0006880406809607102 -0.0006880406809607102 0.016312811818752108 0.025745216827897117 -0.025745216827897117 0.09400092167448067 -0.04269990812518574 0.04269990812518574 0.0404969045336308 0.014605245270456906 0.0018504275109701 0.007076591919909954 0.07553047158379739 0.23168108526006048 0.22796073110951007 -0.0018504275109701 -0.014605245270456906 0.007076591919909954 -0.23168108526006048 -0.07553047158379739 0.22796073110951007 0.1840733658461018 -0.0074546362501081475 0.22909685380710568 0.0010378311717440904 -0.010716959849018442 -0.003442591053204803 0.0074546362501081475 -0.1840733658461018 0.22909685380710568 0.010716959849018442 -0.0010378311717440904 -0.003442591053204803 -0.08178611039507695 0.08178611039507695 0.08872421870771431 0.005885553309085544 -0.005885553309085544 -0.06162600111910787 -0.008429592680619276 0.008429592680619276 -0.018504275109701002 0.03345493351553899 -0.03345493351553899 0.05180520530335925
0.029355876359999998 -0.017343220139999997 -0.017343220139999997 0.030925958939999998 0.026351160840000002 0.026351160840000002 -6.62477362794 -0.76033603116 -0.76033603116 0.0027381333599999997 -0.00186418638 -0.00186418638 1.8798656202 2.0598066894600002 0.06974604162 0.01027042848 0.01645146504 0.0023118177600000003 0.01538756478 0.00375643404 0.00268713738 1.05906319686 0.01500415056 -0.9737156231999999 1.8798656202 0.06974604162 2.0598066894600002 0.01027042848 0.0023118177600000003 0.01645146504 0.01538756478 0.00268713738 0.00375643404 1.05906319686 -0.9737156231999999 0.01500415056 0.01231080732 -0.0005450364 -0.0005450364 0.10239992784 -0.01834074468 -0.01834074468 0.0360493011 -0.01031683752 -0.01031683752 0.10042619453999999 -0.09462452489999999 -0.09462452489999999 0.04715884151452337 -0.0026459123699871384 0.016169552914677005 -0.05588569642109848 -0.08496606012414408 -0.006104023137800078 0.09044810085341808 -0.10952063628261698 -0.10952063628261698 0.04542063347841209 -0.02848504336833349 -0.02848504336833349 0.13482931139448523 -0.00680042058816517 -0.00680042058816517 0.01854406924972186 0.012463922595934302 0.012463922595934302 0.09339326515636208 -0.1424785409892954 0.04567531597454562 -0.02700271165255637 0.005958774526723931 0.017167589946400233 0.04715884151452337 0.016169552914677005 -0.0026459123699871384 -0.05588569642109848 -0.006104023137800078 -0.08496606012414408 -0.0981514504786566 0.0035786870120761527 0.0035786870120761527 0.08775841492940797 -0.001683292122882478 -0.001683292122882478 0.018112700771895716 -0.013799811876434651 -0.013799811876434651 -0.016560331369681873 -0.011438427607596679 -0.011438427607596679 0.09339326515636208 0.04567531597454562 -0.1424785409892954 -0.02700271165255637 0.017167589946400233 0.005958774526723931
-0.009023050619999999 0.01978131366 0.01359272214 -0.01770639786 -0.00797479992 0.00458370216 -0.76033603116 -4.8540145815 -1.08929490894 -0.00186418638 0.04089877596 0.0233070516 2.19076004898 1.8798656202 0.12096570239999999 -0.03243991896 0.01027042848 0.02661963174 0.03731286816 -0.01097250012 -0.00375643404 0.02329463988 -0.00403812612 -0.01500415056 -0.12096570239999999 0.09284479218 -0.06974604162 -0.02661963174 0.046546108559999994 -0.0023118177600000003 0.03080427012 0.01538756478 -0.03731286816 -1.23901964586 1.05906319686 -0.02329463988 -0.0005450364 -0.0134141013 -0.03998840328 -0.01834074468 0.089877042 -0.03627541026 -0.00082861722 0.02021437476 -7.258158e-05 0.11167903764 1.00681660116 1.18233073368 0.02589364897017493 -0.011712609232340418 -0.014718658569516364 -0.04224824463594895 0.06307450781586726 0.04323712901546738 0.03545618081718816 0.09738103592785272 0.08412560788690344 -0.005035550478239923 -0.022802838114754555 -0.011299546058923868 0.02064042454602089 0.057294408977837004 -0.015141670277938129 0.010442778224274703 -0.000286517808150209 -0.015157189992546265 -0.0822262335837077 0.17550131014420783 -0.039001440751646785 0.014315543931105026 -0.018103548119690914 -0.003864806878826153 -0.03001711775913669 0.029964191552908942 -0.0008615431314516703 -0.02414827798885991 0.028698339958845312 0.058235540389330404 0.04060196106328587 -0.05274076553524972 -0.01204807383271629 -0.0378438292184399 0.018150505204915533 -0.0017561153991206562 -0.007171699914559816 -0.0064172030197642655 0.006535789557026436 -0.034369402853218406 0.09710765018590939 -0.22167604257601528 -0.048888294839830045 0.16792132235303397 0.07996791613752377 0.009924658521203073 -0.011382715811567471 -0.014693190319903012
-0.009023050619999999 0.01359272214 0.01978131366 -0.01770639786 0.00458370216 -0.00797479992 -0.76033603116 -1.08929490894 -4.8540145815 -0.00186418638 0.0233070516 0.04089877596 -0.12096570239999999 -0.06974604162 0.09284479218 -0.02661963174 -0.0023118177600000003 0.046546108559999994 0.03080427012 -0.03731286816 0.01538756478 -1.23901964586 -0.02329463988 1.05906319686 2.19076004898 0.12096570239999999 1.8798656202 -0.03243991896 0.02661963174 0.01027042848 0.03731286816 -0.00375643404 -0.01097250012 0.02329463988 -0.01500415056 -0.00403812612 -0.0005450364 -0.03998840328 -0.0134141013 -0.01834074468 -0.03627541026 0.089877042 -0.00082861722 -7.258158e-05 0.02021437476 0.11167903764 1.18233073368 1.00681660116 -0.03001711775913669 -0.0008615431314516703 0.029964191552908942 -0.02414827798885991 0.058235540389330404 0.028698339958845312 0.03545618081718816 0.08412560788690344 0.09738103592785272 -0.005035550478239923 -0.011299546058923868 -0.022802838114754555 0.02064042454602089 -0.015141670277938129 0.057294408977837004 0.010442778224274703 -0.015157189992546265 -0.000286517808150209 -0.048888294839830045 0.07996791613752377 0.16792132235303397 0.009924658521203073 -0.014693190319903012 -0.011382715811567471 0.02589364897017493 -0.014718658569516364 -0.011712609232340418 -0.04224824463594895 0.04323712901546738 0.06307450781586726 0.04060196106328587 -0.01204807383271629 -0.05274076553524972 -0.0378438292184399 -0.0017561153991206562 0.018150505204915533 -0.007171699914559816 0.006535789557026436 -0.0064172030197642655 -0.034369402853218406 -0.22167604257601528 0.09710765018590939 -0.0822262335837077 -0.039001440751646785 0.17550131014420783 0.014315543931105026 -0.003864806878826153 -0.018103548119690914
0.030925958939999998 0.026351160840000002 0.026351160840000002 0.029355876359999998 -0.017343220139999997 -0.017343220139999997 0.0027381333599999997 -0.00186418638 -0.00186418638 -6.62477362794 -0.76033603116 -0.76033603116 0.01027042848 0.01645146504 0.0023118177600000003 1.8798656202 2.0598066894600002 0.06974604162 1.05906319686 0.01500415056 -0.9737156231999999 0.01538756478 0.00375643404 0.00268713738 0.01027042848 0.0023118177600000003 0.01645146504 1.8798656202 0.06974604162 2.0598066894600002 1.05906319686 -0.9737156231999999 0.01500415056 0.01538756478 0.00268713738 0.00375643404 0.10239992784 -0.01834074468 -0.01834074468 0.01231080732 -0.0005450364 -0.0005450364 0.10042619453999999 -0.09462452489999999 -0.09462452489999999 0.0360493011 -0.01031683752 -0.01031683752 -0.05588569642109848 -0.08496606012414408 -0.006104023137800078 0.04715884151452337 -0.0026459123699871384 0.016169552914677005 0.04542063347841209 -0.02848504336833349 -0.02848504336833349 0.09044810085341808 -0.10952063628261698 -0.10952063628261698 0.01854406924972186 0.012463922595934302 0.012463922595934302 0.13482931139448523 -0.00680042058816517 -0.00680042058816517 -0.02700271165255637 0.005958774526723931 0.017167589946400233 0.09339326515636208 -0.1424785409892954 0.04567531597454562 -0.05588569642109848 -0.006104023137800078 -0.08496606012414408 0.04715884151452337 0.016169552914677005 -0.0026459123699871384 0.08775841492940797 -0.001683292122882478 -0.001683292122882478 -0.0981514504786566 0.0035786870120761527 0.0035786870120761527 -0.016560331369681873 -0.011438427607596679 -0.011438427607596679 0.018112700771895716 -0.013799811876434651 -0.013799811876434651 -0.02700271165255637 0.017167589946400233 0.005958774526723931 0.09339326515636208 0.04567531597454562 -0.1424785409892954
-0.01770639786 -0.00797479992 0.00458370216 -0.009023050619999999 0.01978131366 0.01359272214 -0.00186418638 0.04089877596 0.0233070516 -0.76033603116 -4.8540145815 -1.08929490894 -0.03243991896 0.01027042848 0.02661963174 2.19076004898 1.8798656202 0.12096570239999999 0.02329463988 -0.00403812612 -0.01500415056 0.03731286816 -0.01097250012 -0.00375643404 -0.02661963174 0.046546108559999994 -0.0023118177600000003 -0.12096570239999999 0.09284479218 -0.06974604162 -1.23901964586 1.05906319686 -0.02329463988 0.03080427012 0.01538756478 -0.03731286816 -0.01834074468 0.089877042 -0.03627541026 -0.0005450364 -0.0134141013 -0.03998840328 0.11167903764 1.00681660116 1.18233073368 -0.00082861722 0.02021437476 -7.258158e-05 -0.04224824463594895 0.06307450781586726 0.04323712901546738 0.02589364897017493 -0.011712609232340418 -0.014718658569516364 -0.005035550478239923 -0.022802838114754555 -0.011299546058923868 0.03545618081718816 0.09738103592785272 0.08412560788690344 0.010442778224274703 -0.000286517808150209 -0.015157189992546265 0.02064042454602089 0.057294408977837004 -0.015141670277938129 0.014315543931105026 -0.018103548119690914 -0.003864806878826153 -0.0822262335837077 0.17550131014420783 -0.039001440751646785 -0.02414827798885991 0.028698339958845312 0.058235540389330404 -0.03001711775913669 0.029964191552908942 -0.0008615431314516703 -0.0378438292184399 0.018150505204915533 -0.0017561153991206562 0.04060196106328587 -0.05274076553524972 -0.01204807383271629 -0.034369402853218406 0.09710765018590939 -0.22167604257601528 -0.007171699914559816 -0.0064172030197642655 0.006535789557026436 0.009924658521203073 -0.011382715811567471 -0.014693190319903012 -0.048888294839830045 0.16792132235303397 0.07996791613752377
-0.01770639786 0.00458370216 -0.00797479992 -0.009023050619999999 0.01359272214 0.01978131366 -0.00186418638 0.0233070516 0.04089877596 -0.76033603116 -1.08929490894 -4.8540145815 -0.02661963174 -0.0023118177600000003 0.046546108559999994 -0.12096570239999999 -0.06974604162 0.09284479218 -1.23901964586 -0.02329463988 1.05906319686 0.03080427012 -0.03731286816 0.01538756478 -0.03243991896 0.02661963174 0.01027042848 2.19076004898 0.12096570239999999 1.8798656202 0.02329463988 -0.01500415056 -0.00403812612 0.03731286816 -0.00375643404 -0.01097250012 -0.01834074468 -0.03627541026 0.089877042 -0.0005450364 -0.03998840328 -0.0134141013 0.11167903764 1.18233073368 1.00681660116 -0.00082861722 -7.258158e-05 0.02021437476 -0.02414827798885991 0.058235540389330404 0.028698339958845312 -0.03001711775913669 -0.0008615431314516703 0.029964191552908942 -0.005035550478239923 -0.011299546058923868 -0.022802838114754555 0.03545618081718816 0.08412560788690344 0.09738103592785272 0.010442778224274703 -0.015157189992546265 -0.000286517808150209 0.02064042454602089 -0.015141670277938129 0.057294408977837004 0.009924658521203073 -0.014693190319903012 -0.011382715811567471 -0.048888294839830045 0.07996791613752377 0.16792132235303397 -0.04224824463594895 0.04323712901546738 0.06307450781586726 0.02589364897017493 -0.014718658569516364 -0.011712609232340418 -0.0378438292184399 -0.0017561153991206562 0.018150505204915533 0.04060196106328587 -0.01204807383271629 -0.05274076553524972 -0.034369402853218406 -0.22167604257601528 0.09710765018590939 -0.007171699914559816 0.006535789557026436 -0.0064172030197642655 0.014315543931105026 -0.003864806878826153 -0.018103548119690914 -0.0822262335837077 -0.039001440751646785 0.17550131014420783
0.01978131366 -0.009023050619999999 -0.01359272214 -0.00797479992 -0.01770639786 -0.00458370216 1.8798656202 2.19076004898 -0.12096570239999999 0.01027042848 -0.03243991896 -0.02661963174 -4.8540145815 -0.76033603116 1.08929490894 0.04089877596 -0.00186418638 -0.0233070516 -0.01097250012 0.03731286816 0.00375643404 -0.00403812612 0.02329463988 0.01500415056 0.09284479218 -0.12096570239999999 0.06974604162 0.046546108559999994 -0.02661963174 0.0023118177600000003 -0.0134141013 -0.0005450364 0.03998840328 0.089877042 -0.01834074468 0.03627541026 0.01538756478 0.03080427012 0.03731286816 1.05906319686 -1.23901964586 0.02329463988 0.02021437476 -0.00082861722 7.258158e-05 1.00681660116 0.11167903764 -1.18233073368 -0.011712609232340418 0.02589364897017493 0.014718658569516364 0.06307450781586726 -0.04224824463594895 -0.04323712901546738 0.09738103592785272 0.03545618081718816 -0.08412560788690344 -0.022802838114754555 -0.005035550478239923 0.011299546058923868 0.17550131014420783 -0.0822262335837077 0.039001440751646785 -0.018103548119690914 0.014315543931105026 0.003864806878826153 0.057294408977837004 0.02064042454602089 0.015141670277938129 -0.000286517808150209 0.010442778224274703 0.015157189992546265 -0.05274076553524972 0.04060196106328587 0.01204807383271629 0.018150505204915533 -0.0378438292184399 0.0017561153991206562 0.029964191552908942 -0.03001711775913669 0.0008615431314516703 0.028698339958845312 -0.02414827798885991 -0.058235540389330404 -0.0064172030197642655 -0.007171699914559816 -0.006535789557026436 0.09710765018590939 -0.034369402853218406 0.22167604257601528 0.16792132235303397 -0.048888294839830045 -0.07996791613752377 -0.011382715811567471 0.009924658521203073 0.014693190319903012
-0.017343220139999997 0.029355876359999998 0.017343220139999997 0.026351160840000002 0.030925958939999998 -0.026351160840000002 2.0598066894600002 1.8798656202 -0.06974604162 0.01645146504 0.01027042848 -0.0023118177600000003 -0.76033603116 -6.62477362794 0.76033603116 -0.00186418638 0.0027381333599999997 0.00186418638 0.00375643404 0.01538756478 -0.00268713738 0.01500415056 1.05906319686 0.9737156231999999 0.06974604162 1.8798656202 -2.0598066894600002 0.0023118177600000003 0.01027042848 -0.01645146504 -0.0005450364 0.01231080732 0.0005450364 -0.01834074468 0.10239992784 0.01834074468 0.00268713738 0.01538756478 -0.00375643404 -0.9737156231999999 1.05906319686 -0.01500415056 -0.01031683752 0.0360493011 0.01031683752 -0.09462452489999999 0.10042619453999999 0.09462452489999999 -0.0026459123699871384 0.04715884151452337 -0.016169552914677005 -0.08496606012414408 -0.05588569642109848 0.006104023137800078 -0.10952063628261698 0.09044810085341808 0.10952063628261698 -0.02848504336833349 0.04542063347841209 0.02848504336833349 -0.1424785409892954 0.09339326515636208 -0.04567531597454562 0.005958774526723931 -0.02700271165255637 -0.017167589946400233 -0.00680042058816517 0.13482931139448523 0.00680042058816517 0.012463922595934302 0.01854406924972186 -0.012463922595934302 0.0035786870120761527 -0.0981514504786566 -0.0035786870120761527 -0.001683292122882478 0.08775841492940797 0.001683292122882478 0.016169552914677005 0.04715884151452337 0.0026459123699871384 -0.006104023137800078 -0.05588569642109848 0.08496606012414408 -0.013799811876434651 0.018112700771895716 0.013799811876434651 -0.011438427607596679 -0.016560331369681873 0.011438427607596679 0.04567531597454562 0.09339326515636208 0.1424785409892954 0.017167589946400233 -0.02700271165255637 -0.005958774526723931
-0.01359272214 0.009023050619999999 0.01978131366 -0.00458370216 0.01770639786 -0.00797479992 0.06974604162 0.12096570239999999 0.09284479218 0.0023118177600000003 0.02661963174 0.046546108559999994 1.08929490894 0.76033603116 -4.8540145815 -0.0233070516 0.00186418638 0.04089877596 0.03731286816 -0.03080427012 0.01538756478 0.02329463988 1.23901964586 1.05906319686 -0.12096570239999999 -2.19076004898 1.8798656202 -0.02661963174 0.03243991896 0.01027042848 0.03998840328 0.0005450364 -0.0134141013 0.03627541026 0.01834074468 0.089877042 0.00375643404 -0.03731286816 -0.01097250012 0.01500415056 -0.02329463988 -0.00403812612 7.258158e-05 0.00082861722 0.02021437476 -1.18233073368 -0.11167903764 1.00681660116 0.0008615431314516703 0.03001711775913669 0.029964191552908942 -0.058235540389330404 0.02414827798885991 0.028698339958845312 -0.08412560788690344 -0.03545618081718816 0.09738103592785272 0.011299546058923868 0.005035550478239923 -0.022802838114754555 -0.07996791613752377 0.048888294839830045 0.16792132235303397 0.014693190319903012 -0.009924658521203073 -0.011382715811567471 0.015141670277938129 -0.02064042454602089 0.057294408977837004 0.015157189992546265 -0.010442778224274703 -0.000286517808150209 0.01204807383271629 -0.04060196106328587 -0.05274076553524972 0.0017561153991206562 0.0378438292184399 0.018150505204915533 0.014718658569516364 -0.02589364897017493 -0.011712609232340418 -0.04323712901546738 0.04224824463594895 0.06307450781586726 -0.006535789557026436 0.007171699914559816 -0.0064172030197642655 0.22167604257601528 0.034369402853218406 0.09710765018590939 0.039001440751646785 0.0822262335837077 0.17550131014420783 0.003864806878826153 -0.014315543931105026 -0.018103548119690914
-0.00797479992 -0.01770639786 -0.00458370216 0.01978131366 -0.009023050619999999 -0.01359272214 0.01027042848 -0.03243991896 -0.02661963174 1.8798656202 2.19076004898 -0.12096570239999999 0.04089877596 -0.00186418638 -0.0233070516 -4.8540145815 -0.76033603116 1.08929490894 -0.00403812612 0.02329463988 0.01500415056 -0.01097250012 0.03731286816 0.00375643404 0.046546108559999994 -0.02661963174 0.0023118177600000003 0.09284479218 -0.12096570239999999 0.06974604162 0.089877042 -0.01834074468 0.03627541026 -0.0134141013 -0.0005450364 0.03998840328 1.05906319686 -1.23901964586 0.02329463988 0.01538756478 0.03080427012 0.03731286816 1.00681660116 0.11167903764 -1.18233073368 0.02021437476 -0.00082861722 7.258158e-05 0.06307450781586726 -0.04224824463594895 -0.04323712901546738 -0.011712609232340418 0.02589364897017493 0.014718658569516364 -0.022802838114754555 -0.005035550478239923 0.011299546058923868 0.09738103592785272 0.03545618081718816 -0.08412560788690344 -0.018103548119690914 0.014315543931105026 0.003864806878826153 0.17550131014420783 -0.0822262335837077 0.039001440751646785 -0.000286517808150209 0.010442778224274703 0.015157189992546265 0.057294408977837004 0.02064042454602089 0.015141670277938129 0.018150505204915533 -0.0378438292184399 0.0017561153991206562 -0.05274076553524972 0.04060196106328587 0.01204807383271629 0.028698339958845312 -0.02414827798885991 -0.058235540389330404 0.029964191552908942 -0.03001711775913669 0.0008615431314516703 0.09710765018590939 -0.034369402853218406 0.22167604257601528 -0.0064172030197642655 -0.007171699914559816 -0.006535789557026436 -0.011382715811567471 0.009924658521203073 0.014693190319903012 0.16792132235303397 -0.048888294839830045 -0.07996791613752377
0.026351160840000002 0.030925958939999998 -0.026351160840000002 -0.017343220139999997 0.029355876359999998 0.017343220139999997 0.01645146504 0.01027042848 -0.0023118177600000003 2.0598066894600002 1.8798656202 -0.06974604162 -0.00186418638 0.0027381333599999997 0.00186418638 -0.76033603116 -6.62477362794 0.76033603116 0.01500415056 1.05906319686 0.9737156231999999 0.00375643404 0.01538756478 -0.00268713738 0.0023118177600000003 0.01027042848 -0.01645146504 0.06974604162 1.8798656202 -2.0598066894600002 -0.01834074468 0.10239992784 0.01834074468 -0.0005450364 0.01231080732 0.0005450364 -0.9737156231999999 1.05906319686 -0.01500415056 0.00268713738 0.01538756478 -0.00375643404 -0.09462452489999999 0.10042619453999999 0.09462452489999999 -0.01031683752 0.0360493011 0.01031683752 -0.08496606012414408 -0.05588569642109848 0.006104023137800078 -0.0026459123699871384 0.04715884151452337 -0.016169552914677005 -0.02848504336833349 0.04542063347841209 0.02848504336833349 -0.10952063628261698 0.09044810085341808 0.10952063628261698 0.005958774526723931 -0.02700271165255637 -0.017167589946400233 -0.1424785409892954 0.09339326515636208 -0.04567531597454562 0.012463922595934302 0.01854406924972186 -0.012463922595934302 -0.00680042058816517 0.13482931139448523 0.00680042058816517 -0.001683292122882478 0.08775841492940797 0.001683292122882478 0.0035786870120761527 -0.0981514504786566 -0.0035786870120761527 -0.006104023137800078 -0.05588569642109848 0.08496606012414408 0.016169552914677005 0.04715884151452337 0.0026459123699871384 -0.011438427607596679 -0.016560331369681873 0.011438427607596679 -0.013799811876434651 0.018112700771895716 0.013799811876434651 0.017167589946400233 -0.02700271165255637 -0.005958774526723931 0.04567531597454562 0.09339326515636208 0.1424785409892954
-0.00458370216 0.01770639786 -0.00797479992 -0.01359272214 0.009023050619999999 0.01978131366 0.0023118177600000003 0.02661963174 0.046546108559999994 0.06974604162 0.12096570239999999 0.09284479218 -0.0233070516 0.00186418638 0.04089877596 1.08929490894 0.76033603116 -4.8540145815 0.02329463988 1.23901964586 1.05906319686 0.03731286816 -0.03080427012 0.01538756478 -0.02661963174 0.03243991896 0.01027042848 -0.12096570239999999 -2.19076004898 1.8798656202 0.03627541026 0.01834074468 0.089877042 0.03998840328 0.0005450364 -0.0134141013 0.01500415056 -0.02329463988 -0.00403812612 0.00375643404 -0.03731286816 -0.01097250012 -1.18233073368 -0.11167903764 1.00681660116 7.258158e-05 0.00082861722 0.02021437476 -0.058235540389330404 0.02414827798885991 0.028698339958845312 0.0008615431314516703 0.03001711775913669 0.029964191552908942 0.011299546058923868 0.005035550478239923 -0.022802838114754555 -0.08412560788690344 -0.03545618081718816 0.09738103592785272 0.014693190319903012 -0.009924658521203073 -0.011382715811567471 -0.07996791613752377 0.048888294839830045 0.16792132235303397 0.015157189992546265 -0.010442778224274703 -0.000286517808150209 0.015141670277938129 -0.02064042454602089 0.057294408977837004 0.0017561153991206562 0.0378438292184399 0.018150505204915533 0.01204807383271629 -0.04060196106328587 -0.05274076553524972 -0.04323712901546738 0.04224824463594895 0.06307450781586726 0.014718658569516364 -0.02589364897017493 -0.011712609232340418 0.22167604257601528 0.034369402853218406 0.09710765018590939 -0.006535789557026436 0.007171699914559816 -0.0064172030197642655 0.003864806878826153 -0.014315543931105026 -0.018103548119690914 0.039001440751646785 0.0822262335837077 0.17550131014420783
1.00681660116 -1.18233073368 0.11167903764 0.02021437476 7.258158e-05 -0.00082861722 0.01538756478 0.03731286816 0.03080427012 1.05906319686 0.02329463988 -1.23901964586 -0.01097250012 0.00375643404 0.03731286816 -0.00403812612 0.01500415056 0.02329463988 -4.8540145815 1.08929490894 -0.76033603116 0.04089877596 -0.0233070516 -0.00186418638 -0.0134141013 0.03998840328 -0.0005450364 0.089877042 0.03627541026 -0.01834074468 0.09284479218 0.06974604162 -0.12096570239999999 0.046546108559999994 0.0023118177600000003 -0.02661963174 1.8798656202 -0.12096570239999999 2.19076004898 0.01027042848 -0.02661963174 -0.03243991896 -0.00797479992 -0.00458370216 -0.01770639786 0.01978131366 -0.01359272214 -0.009023050619999999 -0.000286517808150209 0.015157189992546265 0.010442778224274703 0.057294408977837004 0.015141670277938129 0.02064042454602089 -0.0064172030197642655 -0.006535789557026436 -0.007171699914559816 0.09710765018590939 0.22167604257601528 -0.034369402853218406 0.028698339958845312 -0.058235540389330404 -0.02414827798885991 0.029964191552908942 0.0008615431314516703 -0.03001711775913669 0.06307450781586726 -0.04323712901546738 -0.04224824463594895 -0.011712609232340418 0.014718658569516364 0.02589364897017493 -0.011382715811567471 0.014693190319903012 0.009924658521203073 0.16792132235303397 -0.07996791613752377 -0.048888294839830045 -0.018103548119690914 0.003864806878826153 0.014315543931105026 0.17550131014420783 0.039001440751646785 -0.0822262335837077 0.09738103592785272 -0.08412560788690344 0.03545618081718816 -0.022802838114754555 0.011299546058923868 -0.005035550478239923 0.018150505204915533 0.0017561153991206562 -0.0378438292184399 -0.05274076553524972 0.01204807383271629 0.04060196106328587
-1.18233073368 1.00681660116 -0.11167903764 7.258158e-05 0.02021437476 0.00082861722 0.00375643404 -0.01097250012 -0.03731286816 0.01500415056 -0.00403812612 -0.02329463988 0.03731286816 0.01538756478 -0.03080427012 0.02329463988 1.05906319686 1.23901964586 1.08929490894 -4.8540145815 0.76033603116 -0.0233070516 0.04089877596 0.00186418638 0.03998840328 -0.0134141013 0.0005450364 0.03627541026 0.089877042 0.01834074468 -0.12096570239999999 1.8798656202 -2.19076004898 -0.02661963174 0.01027042848 0.03243991896 0.06974604162 0.09284479218 0.12096570239999999 0.0023118177600000003 0.046546108559999994 0.02661963174 -0.00458370216 -0.00797479992 0.01770639786 -0.01359272214 0.01978131366 0.009023050619999999 0.015157189992546265 -0.000286517808150209 -0.010442778224274703 0.015141670277938129 0.057294408977837004 -0.02064042454602089 -0.006535789557026436 -0.0064172030197642655 0.007171699914559816 0.22167604257601528 0.09710765018590939 0.034369402853218406 -0.04323712901546738 0.06307450781586726 0.04224824463594895 0.014718658569516364 -0.011712609232340418 -0.02589364897017493 -0.058235540389330404 0.028698339958845312 0.02414827798885991 0.0008615431314516703 0.029964191552908942 0.03001711775913669 0.003864806878826153 -0.018103548119690914 -0.014315543931105026 0.039001440751646785 0.17550131014420783 0.0822262335837077 0.014693190319903012 -0.011382715811567471 -0.009924658521203073 -0.07996791613752377 0.16792132235303397 0.048888294839830045 -0.08412560788690344 0.09738103592785272 -0.03545618081718816 0.011299546058923868 -0.022802838114754555 0.005035550478239923 0.0017561153991206562 0.018150505204915533 0.0378438292184399 0.01204807383271629 -0.05274076553524972 -0.04060196106328587
-0.09462452489999999 0.09462452489999999 0.10042619453999999 -0.01031683752 0.01031683752 0.0360493011 0.00268713738 -0.00375643404 0.01538756478 -0.9737156231999999 -0.01500415056 1.05906319686 0.00375643404 -0.00268713738 0.01538756478 0.01500415056 0.9737156231999999 1.05906319686 -0.76033603116 0.76033603116 -6.62477362794 -0.00186418638 0.00186418638 0.0027381333599999997 -0.0005450364 0.0005450364 0.01231080732 -0.01834074468 0.01834074468 0.10239992784 0.06974604162 -2.0598066894600002 1.8798656202 0.0023118177600000003 -0.01645146504 0.01027042848 2.0598066894600002 -0.06974604162 1.8798656202 0.01645146504 -0.0023118177600000003 0.01027042848 0.026351160840000002 -0.026351160840000002 0.030925958939999998 -0.017343220139999997 0.017343220139999997 0.029355876359999998 0.012463922595934302 -0.012463922595934302 0.01854406924972186 -0.00680042058816517 0.00680042058816517 0.13482931139448523 -0.013799811876434651 0.013799811876434651 0.018112700771895716 -0.011438427607596679 0.011438427607596679 -0.016560331369681873 -0.006104023137800078 0.08496606012414408 -0.05588569642109848 0.016169552914677005 0.0026459123699871384 0.04715884151452337 -0.08496606012414408 0.006104023137800078 -0.05588569642109848 -0.0026459123699871384 -0.016169552914677005 0.04715884151452337 0.017167589946400233 -0.005958774526723931 -0.02700271165255637 0.04567531597454562 0.1424785409892954 0.09339326515636208 0.005958774526723931 -0.017167589946400233 -0.02700271165255637 -0.1424785409892954 -0.04567531597454562 0.09339326515636208 -0.10952063628261698 0.10952063628261698 0.09044810085341808 -0.02848504336833349 0.02848504336833349 0.04542063347841209 -0.001683292122882478 0.001683292122882478 0.08775841492940797 0.0035786870120761527 -0.0035786870120761527 -0.0981514504786566
