-3.535906 3.535906 7.119037
-3.535906 7.119037 3.535906
-7.119037 3.535906 3.535906
-10.654943 10.654943 7.071812
-10.654943 7.071812 10.654943
-7.071812 10.654943 10.654943
32 2
direct
0.125000 0.125000 0.125000 Al
0.625000 0.625000 0.625000 Al
0.375000 0.375000 0.875000 Al
0.875000 0.875000 0.375000 Al
0.375000 0.875000 0.375000 Al
0.875000 0.375000 0.875000 Al
0.750000 0.250000 0.250000 Al
0.250000 0.750000 0.750000 Al
0.875000 0.375000 0.375000 Al
0.375000 0.875000 0.875000 Al
0.250000 0.750000 0.250000 Al
0.750000 0.250000 0.750000 Al
0.250000 0.250000 0.750000 Al
0.750000 0.750000 0.250000 Al
0.000000 0.000000 0.000000 Al
0.500000 0.500000 0.500000 Al
0.625000 0.125000 0.125000 Ni
0.125000 0.625000 0.625000 Ni
0.250000 0.250000 0.250000 Ni
0.750000 0.750000 0.750000 Ni
0.000000 0.000000 0.500000 Ni
0.500000 0.500000 0.000000 Ni
0.000000 0.500000 0.000000 Ni
0.500000 0.000000 0.500000 Ni
0.125000 0.625000 0.125000 Ni
0.625000 0.125000 0.625000 Ni
0.125000 0.125000 0.625000 Ni
0.625000 0.625000 0.125000 Ni
0.375000 0.375000 0.375000 Ni
0.875000 0.875000 0.875000 Ni
0.500000 0.000000 0.000000 Ni
0.000000 0.500000 0.500000 Ni
-9.72387650106 1.79217385038 1.79217385038 0.03346010838 -0.01049168088 -0.01049168088 0.0401734998 -0.0292943574 -0.0292943574 0.07221543426 -0.043589420999999996 -0.043589420999999996 0.02492678106 -0.01286852526 -0.0233353827 0.00338705046 0.018424928519999998 -0.00997686432 2.0817376590600003 -2.49859687752 -0.13002733728 0.02521117134 0.010263952799999998 0.020273735159999997 0.02492678106 -0.0233353827 -0.01286852526 0.00338705046 -0.00997686432 0.018424928519999998 2.0817376590600003 -0.13002733728 -2.49859687752 0.02521117134 0.020273735159999997 0.010263952799999998 0.01608100218 0.19977499782 0.19977499782 0.0185136993 0.0103624371 0.0103624371 0.08210649582 -0.052282211940000003 -0.052282211940000003 0.04196321585999999 0.017466797699999998 0.017466797699999998 0.02033719319906192 -0.0069014977038181595 0.010507244731108499 1.5746939147655448 1.7994098316977536 -0.0062031105464520255 0.06573235842786067 -0.05015136084409221 -0.05015136084409221 0.1238262316787168 0.01444447694477262 0.01444447694477262 -0.06118030675087422 0.047676165334794574 0.047676165334794574 -0.022531044138412063 -0.014182233562035138 -0.014182233562035138 0.9663258774234033 0.09409364202072926 -1.15817183469838 0.022282330763281673 0.015536030205544876 -0.006952832144445073 0.02033719319906192 0.010507244731108499 -0.0069014977038181595 1.5746939147655448 -0.0062031105464520255 1.7994098316977536 0.05407068569474695 -0.0036940900181366533 -0.0036940900181366533 0.03329217548285366 -0.042128464274486147 -0.042128464274486147 -0.06159257404149035 0.011676396564921436 0.011676396564921436 0.1907325172371929 -0.12502284146914414 -0.12502284146914414 0.9663258774234033 -1.15817183469838 0.09409364202072926 0.022282330763281673 -0.006952832144445073 0.015536030205544876
1.79217385038 -9.72387650106 -1.79217385038 -0.01049168088 0.03346010838 0.01049168088 -0.01286852526 0.02492678106 0.0233353827 0.018424928519999998 0.00338705046 0.00997686432 -0.0292943574 0.0401734998 0.0292943574 -0.043589420999999996 0.07221543426 0.043589420999999996 -2.49859687752 2.0817376590600003 0.13002733728 0.010263952799999998 0.02521117134 -0.020273735159999997 -0.0233353827 0.02492678106 0.01286852526 -0.00997686432 0.00338705046 -0.018424928519999998 0.19977499782 0.01608100218 -0.19977499782 0.0103624371 0.0185136993 -0.0103624371 -0.13002733728 2.0817376590600003 2.49859687752 0.020273735159999997 0.02521117134 -0.010263952799999998 -0.052282211940000003 0.08210649582 0.052282211940000003 0.017466797699999998 0.04196321585999999 -0.017466797699999998 -0.0069014977038181595 0.02033719319906192 -0.010507244731108499 1.7994098316977536 1.5746939147655448 0.0062031105464520255 -0.05015136084409221 0.06573235842786067 0.05015136084409221 0.01444447694477262 0.1238262316787168 -0.01444447694477262 0.09409364202072926 0.9663258774234033 1.15817183469838 0.015536030205544876 0.022282330763281673 0.006952832144445073 0.047676165334794574 -0.06118030675087422 -0.047676165334794574 -0.014182233562035138 -0.022531044138412063 0.014182233562035138 -0.0036940900181366533 0.05407068569474695 0.0036940900181366533 -0.042128464274486147 0.03329217548285366 0.042128464274486147 0.010507244731108499 0.02033719319906192 0.0069014977038181595 -0.0062031105464520255 1.5746939147655448 -1.7994098316977536 0.011676396564921436 -0.06159257404149035 -0.011676396564921436 -0.12502284146914414 0.1907325172371929 0.12502284146914414 -1.15817183469838 0.9663258774234033 -0.09409364202072926 -0.006952832144445073 0.022282330763281673 -0.015536030205544876
1.79217385038 -1.79217385038 -9.72387650106 -0.01049168088 0.01049168088 0.03346010838 -0.01286852526 0.0233353827 0.02492678106 0.018424928519999998 0.00997686432 0.00338705046 -0.0233353827 0.01286852526 0.02492678106 -0.00997686432 -0.018424928519999998 0.00338705046 0.19977499782 -0.19977499782 0.01608100218 0.0103624371 -0.0103624371 0.0185136993 -0.0292943574 0.0292943574 0.0401734998 -0.043589420999999996 0.043589420999999996 0.07221543426 -2.49859687752 0.13002733728 2.0817376590600003 0.010263952799999998 -0.020273735159999997 0.02521117134 -0.13002733728 2.49859687752 2.0817376590600003 0.020273735159999997 -0.010263952799999998 0.02521117134 -0.052282211940000003 0.052282211940000003 0.08210649582 0.017466797699999998 -0.017466797699999998 0.04196321585999999 -0.0036940900181366533 0.0036940900181366533 0.05407068569474695 -0.042128464274486147 0.042128464274486147 0.03329217548285366 -0.05015136084409221 0.05015136084409221 0.06573235842786067 0.01444447694477262 -0.01444447694477262 0.1238262316787168 0.09409364202072926 1.15817183469838 0.9663258774234033 0.015536030205544876 0.006952832144445073 0.022282330763281673 -1.15817183469838 -0.09409364202072926 0.9663258774234033 -0.006952832144445073 -0.015536030205544876 0.022282330763281673 -0.0069014977038181595 -0.010507244731108499 0.02033719319906192 1.7994098316977536 0.0062031105464520255 1.5746939147655448 0.010507244731108499 0.0069014977038181595 0.02033719319906192 -0.0062031105464520255 -1.7994098316977536 1.5746939147655448 0.011676396564921436 -0.011676396564921436 -0.06159257404149035 -0.12502284146914414 0.12502284146914414 0.1907325172371929 0.047676165334794574 -0.047676165334794574 -0.06118030675087422 -0.014182233562035138 0.014182233562035138 -0.022531044138412063
0.03346010838 -0.01049168088 -0.01049168088 -9.72387650106 1.79217385038 1.79217385038 0.07221543426 -0.043589420999999996 -0.043589420999999996 0.0401734998 -0.0292943574 -0.0292943574 0.00338705046 0.018424928519999998 -0.00997686432 0.02492678106 -0.01286852526 -0.0233353827 0.02521117134 0.010263952799999998 0.020273735159999997 2.0817376590600003 -2.49859687752 -0.13002733728 0.00338705046 -0.00997686432 0.018424928519999998 0.02492678106 -0.0233353827 -0.01286852526 0.02521117134 0.020273735159999997 0.010263952799999998 2.0817376590600003 -0.13002733728 -2.49859687752 0.0185136993 0.0103624371 0.0103624371 0.01608100218 0.19977499782 0.19977499782 0.04196321585999999 0.017466797699999998 0.017466797699999998 0.08210649582 -0.052282211940000003 -0.052282211940000003 1.5746939147655448 1.7994098316977536 -0.0062031105464520255 0.02033719319906192 -0.0069014977038181595 0.010507244731108499 0.1238262316787168 0.01444447694477262 0.01444447694477262 0.06573235842786067 -0.05015136084409221 -0.05015136084409221 -0.022531044138412063 -0.014182233562035138 -0.014182233562035138 -0.06118030675087422 0.047676165334794574 0.047676165334794574 0.022282330763281673 0.015536030205544876 -0.006952832144445073 0.9663258774234033 0.09409364202072926 -1.15817183469838 1.5746939147655448 -0.0062031105464520255 1.7994098316977536 0.02033719319906192 0.010507244731108499 -0.0069014977038181595 0.03329217548285366 -0.042128464274486147 -0.042128464274486147 0.05407068569474695 -0.0036940900181366533 -0.0036940900181366533 0.1907325172371929 -0.12502284146914414 -0.12502284146914414 -0.06159257404149035 0.011676396564921436 0.011676396564921436 0.022282330763281673 -0.006952832144445073 0.015536030205544876 0.9663258774234033 -1.15817183469838 0.09409364202072926
-0.01049168088 0.03346010838 0.01049168088 1.79217385038 -9.72387650106 -1.79217385038 0.018424928519999998 0.00338705046 0.00997686432 -0.01286852526 0.02492678106 0.0233353827 -0.043589420999999996 0.07221543426 0.043589420999999996 -0.0292943574 0.0401734998 0.0292943574 0.010263952799999998 0.02521117134 -0.020273735159999997 -2.49859687752 2.0817376590600003 0.13002733728 -0.00997686432 0.00338705046 -0.018424928519999998 -0.0233353827 0.02492678106 0.01286852526 0.0103624371 0.0185136993 -0.0103624371 0.19977499782 0.01608100218 -0.19977499782 0.020273735159999997 0.02521117134 -0.010263952799999998 -0.13002733728 2.0817376590600003 2.49859687752 0.017466797699999998 0.04196321585999999 -0.017466797699999998 -0.052282211940000003 0.08210649582 0.052282211940000003 1.7994098316977536 1.5746939147655448 0.0062031105464520255 -0.0069014977038181595 0.02033719319906192 -0.010507244731108499 0.01444447694477262 0.1238262316787168 -0.01444447694477262 -0.05015136084409221 0.06573235842786067 0.05015136084409221 0.015536030205544876 0.022282330763281673 0.006952832144445073 0.09409364202072926 0.9663258774234033 1.15817183469838 -0.014182233562035138 -0.022531044138412063 0.014182233562035138 0.047676165334794574 -0.06118030675087422 -0.047676165334794574 -0.042128464274486147 0.03329217548285366 0.042128464274486147 -0.0036940900181366533 0.05407068569474695 0.0036940900181366533 -0.0062031105464520255 1.5746939147655448 -1.7994098316977536 0.010507244731108499 0.02033719319906192 0.0069014977038181595 -0.12502284146914414 0.1907325172371929 0.12502284146914414 0.011676396564921436 -0.06159257404149035 -0.011676396564921436 -0.006952832144445073 0.022282330763281673 -0.015536030205544876 -1.15817183469838 0.9663258774234033 -0.09409364202072926
-0.01049168088 0.01049168088 0.03346010838 1.79217385038 -1.79217385038 -9.72387650106 0.018424928519999998 0.00997686432 0.00338705046 -0.01286852526 0.0233353827 0.02492678106 -0.00997686432 -0.018424928519999998 0.00338705046 -0.0233353827 0.01286852526 0.02492678106 0.0103624371 -0.0103624371 0.0185136993 0.19977499782 -0.19977499782 0.01608100218 -0.043589420999999996 0.043589420999999996 0.07221543426 -0.0292943574 0.0292943574 0.0401734998 0.010263952799999998 -0.020273735159999997 0.02521117134 -2.49859687752 0.13002733728 2.0817376590600003 0.020273735159999997 -0.010263952799999998 0.02521117134 -0.13002733728 2.49859687752 2.0817376590600003 0.017466797699999998 -0.017466797699999998 0.04196321585999999 -0.052282211940000003 0.052282211940000003 0.08210649582 -0.042128464274486147 0.042128464274486147 0.03329217548285366 -0.0036940900181366533 0.0036940900181366533 0.05407068569474695 0.01444447694477262 -0.01444447694477262 0.1238262316787168 -0.05015136084409221 0.05015136084409221 0.06573235842786067 0.015536030205544876 0.006952832144445073 0.022282330763281673 0.09409364202072926 1.15817183469838 0.9663258774234033 -0.006952832144445073 -0.015536030205544876 0.022282330763281673 -1.15817183469838 -0.09409364202072926 0.9663258774234033 1.7994098316977536 0.0062031105464520255 1.5746939147655448 -0.0069014977038181595 -0.010507244731108499 0.02033719319906192 -0.0062031105464520255 -1.7994098316977536 1.5746939147655448 0.010507244731108499 0.0069014977038181595 0.02033719319906192 -0.12502284146914414 0.12502284146914414 0.1907325172371929 0.011676396564921436 -0.011676396564921436 -0.06159257404149035 -0.014182233562035138 0.014182233562035138 -0.022531044138412063 0.047676165334794574 -0.047676165334794574 -0.06118030675087422
0.0401734998 -0.01286852526 -0.01286852526 0.07221543426 0.018424928519999998 0.018424928519999998 -14.621051489760001 -1.3378007478599998 -1.3378007478599998 0.01357140636 0.024950795039999998 0.024950795039999998 4.0130377167599995 4.6737392052599995 0.22206051089999998 -0.011305458 0.010671381 0.02601523494 0.029369637179999998 -0.00113756112 -0.00420217668 2.11615346988 0.03937429296 -2.24369981226 4.0130377167599995 0.22206051089999998 4.6737392052599995 -0.011305458 0.02601523494 0.010671381 0.029369637179999998 -0.00420217668 -0.00113756112 2.11615346988 -2.24369981226 0.03937429296 0.03524307894 -0.00351008838 -0.00351008838 0.06256828998 -0.025433503019999998 -0.025433503019999998 0.0185136993 0.020273735159999997 0.020273735159999997 0.01608100218 -0.13002733728 -0.13002733728 0.09545619337504359 -0.03348438117915443 -0.007296255572825115 -0.10122992515067052 -0.11519408682539134 -0.013274927169559476 0.2744323278258731 -0.15411514341419597 -0.15411514341419597 0.0737170526230467 -0.041969287714402705 -0.041969287714402705 0.06468457872111136 0.008816789663022266 0.008816789663022266 0.017539267214195086 -0.004548868145784777 -0.004548868145784777 0.7968661136171629 -0.9658328280285449 0.15870579540700266 -0.004092429359745486 0.006279515295292081 -0.001225659512642561 0.09545619337504359 -0.007296255572825115 -0.03348438117915443 -0.10122992515067052 -0.013274927169559476 -0.11519408682539134 -0.12990359274270288 -0.027922752169838704 -0.027922752169838704 0.17113430121831838 -0.019446998286795227 -0.019446998286795227 0.04097483215528135 -0.01892131769711964 -0.01892131769711964 0.032204203694683284 0.03749682431745798 0.03749682431745798 0.7968661136171629 0.15870579540700266 -0.9658328280285449 -0.004092429359745486 -0.001225659512642561 0.006279515295292081
-0.0292943574 0.02492678106 0.0233353827 -0.043589420999999996 0.00338705046 0.00997686432 -1.3378007478599998 -11.703806217359999 -1.65799910988 0.024950795039999998 0.03232362654 0.007035016859999999 4.88340526464 4.0130377167599995 0.18871534584 -0.02813602014 -0.011305458 0.014853591 0.042211180439999996 -0.00814235814 0.00113756112 0.07489231848 -0.14534501868 -0.03937429296 -0.18871534584 -0.0436042611 -0.22206051089999998 -0.014853591 0.04360722912 -0.02601523494 0.03132421326 0.029369637179999998 -0.042211180439999996 -2.58931332954 2.11615346988 -0.07489231848 -0.00351008838 -0.015528140999999999 -0.05693930514 -0.025433503019999998 0.04518189864 -0.08772091037999999 0.0103624371 0.02521117134 -0.010263952799999998 0.19977499782 2.0817376590600003 2.49859687752 0.017956707743013934 0.004800765052116835 0.01990542677983556 -0.04693877992020799 0.09396311724146085 0.08504843399398726 0.07173848798120942 0.7965433831415936 0.7595575155820036 -0.04426421576940583 0.001403141377135607 0.015868709216119284 0.011795381043583813 0.04266886869596946 -0.039988335424164176 -0.015082377009307044 0.03518518272364609 -0.002801905398868919 -0.8948492348835312 0.9011514328386352 -0.013755242439611286 0.003702844728941243 -0.004056614633726709 0.017837325322951344 -0.0493662224614806 0.07111292410008146 0.01931965703872847 -0.021743120165998987 0.04616000859999972 0.07218060087684121 0.03024275053305498 -0.039926654507131835 0.01456067583363354 -0.08625976761622231 0.06494642416244864 -0.007341222951048689 -0.013038947919235763 -0.00628588235769542 0.004930096007184638 0.08595812803486418 1.4107126102159762 -1.7215199655521194 0.01408632968458486 0.21641525726525723 0.15568064488261668 -0.00767628961002435 0.025447158719140855 0.015649443504604333
-0.0292943574 0.0233353827 0.02492678106 -0.043589420999999996 0.00997686432 0.00338705046 -1.3378007478599998 -1.65799910988 -11.703806217359999 0.024950795039999998 0.007035016859999999 0.03232362654 -0.18871534584 -0.22206051089999998 -0.0436042611 -0.014853591 -0.02601523494 0.04360722912 0.03132421326 -0.042211180439999996 0.029369637179999998 -2.58931332954 -0.07489231848 2.11615346988 4.88340526464 0.18871534584 4.0130377167599995 -0.02813602014 0.014853591 -0.011305458 0.042211180439999996 0.00113756112 -0.00814235814 0.07489231848 -0.03937429296 -0.14534501868 -0.00351008838 -0.05693930514 -0.015528140999999999 -0.025433503019999998 -0.08772091037999999 0.04518189864 0.0103624371 -0.010263952799999998 0.02521117134 0.19977499782 2.49859687752 2.0817376590600003 -0.0493662224614806 0.01931965703872847 0.07111292410008146 -0.021743120165998987 0.07218060087684121 0.04616000859999972 0.07173848798120942 0.7595575155820036 0.7965433831415936 -0.04426421576940583 0.015868709216119284 0.001403141377135607 0.011795381043583813 -0.039988335424164176 0.04266886869596946 -0.015082377009307044 -0.002801905398868919 0.03518518272364609 0.01408632968458486 0.15568064488261668 0.21641525726525723 -0.00767628961002435 0.015649443504604333 0.025447158719140855 0.017956707743013934 0.01990542677983556 0.004800765052116835 -0.04693877992020799 0.08504843399398726 0.09396311724146085 0.03024275053305498 0.01456067583363354 -0.039926654507131835 -0.08625976761622231 -0.007341222951048689 0.06494642416244864 -0.013038947919235763 0.004930096007184638 -0.00628588235769542 0.08595812803486418 -1.7215199655521194 1.4107126102159762 -0.8948492348835312 -0.013755242439611286 0.9011514328386352 0.003702844728941243 0.017837325322951344 -0.004056614633726709
0.07221543426 0.018424928519999998 0.018424928519999998 0.0401734998 -0.01286852526 -0.01286852526 0.01357140636 0.024950795039999998 0.024950795039999998 -14.621051489760001 -1.3378007478599998 -1.3378007478599998 -0.011305458 0.010671381 0.02601523494 4.0130377167599995 4.6737392052599995 0.22206051089999998 2.11615346988 0.03937429296 -2.24369981226 0.029369637179999998 -0.00113756112 -0.00420217668 -0.011305458 0.02601523494 0.010671381 4.0130377167599995 0.22206051089999998 4.6737392052599995 2.11615346988 -2.24369981226 0.03937429296 0.029369637179999998 -0.00420217668 -0.00113756112 0.06256828998 -0.025433503019999998 -0.025433503019999998 0.03524307894 -0.00351008838 -0.00351008838 0.01608100218 -0.13002733728 -0.13002733728 0.0185136993 0.020273735159999997 0.020273735159999997 -0.10122992515067052 -0.11519408682539134 -0.013274927169559476 0.09545619337504359 -0.03348438117915443 -0.007296255572825115 0.0737170526230467 -0.041969287714402705 -0.041969287714402705 0.2744323278258731 -0.15411514341419597 -0.15411514341419597 0.017539267214195086 -0.004548868145784777 -0.004548868145784777 0.06468457872111136 0.008816789663022266 0.008816789663022266 -0.004092429359745486 0.006279515295292081 -0.001225659512642561 0.7968661136171629 -0.9658328280285449 0.15870579540700266 -0.10122992515067052 -0.013274927169559476 -0.11519408682539134 0.09545619337504359 -0.007296255572825115 -0.03348438117915443 0.17113430121831838 -0.019446998286795227 -0.019446998286795227 -0.12990359274270288 -0.027922752169838704 -0.027922752169838704 0.032204203694683284 0.03749682431745798 0.03749682431745798 0.04097483215528135 -0.01892131769711964 -0.01892131769711964 -0.004092429359745486 -0.001225659512642561 0.006279515295292081 0.7968661136171629 0.15870579540700266 -0.9658328280285449
-0.043589420999999996 0.00338705046 0.00997686432 -0.0292943574 0.02492678106 0.0233353827 0.024950795039999998 0.03232362654 0.007035016859999999 -1.3378007478599998 -11.703806217359999 -1.65799910988 -0.02813602014 -0.011305458 0.014853591 4.88340526464 4.0130377167599995 0.18871534584 0.07489231848 -0.14534501868 -0.03937429296 0.042211180439999996 -0.00814235814 0.00113756112 -0.014853591 0.04360722912 -0.02601523494 -0.18871534584 -0.0436042611 -0.22206051089999998 -2.58931332954 2.11615346988 -0.07489231848 0.03132421326 0.029369637179999998 -0.042211180439999996 -0.025433503019999998 0.04518189864 -0.08772091037999999 -0.00351008838 -0.015528140999999999 -0.05693930514 0.19977499782 2.0817376590600003 2.49859687752 0.0103624371 0.02521117134 -0.010263952799999998 -0.04693877992020799 0.09396311724146085 0.08504843399398726 0.017956707743013934 0.004800765052116835 0.01990542677983556 -0.04426421576940583 0.001403141377135607 0.015868709216119284 0.07173848798120942 0.7965433831415936 0.7595575155820036 -0.015082377009307044 0.03518518272364609 -0.002801905398868919 0.011795381043583813 0.04266886869596946 -0.039988335424164176 0.003702844728941243 -0.004056614633726709 0.017837325322951344 -0.8948492348835312 0.9011514328386352 -0.013755242439611286 -0.021743120165998987 0.04616000859999972 0.07218060087684121 -0.0493662224614806 0.07111292410008146 0.01931965703872847 -0.08625976761622231 0.06494642416244864 -0.007341222951048689 0.03024275053305498 -0.039926654507131835 0.01456067583363354 0.08595812803486418 1.4107126102159762 -1.7215199655521194 -0.013038947919235763 -0.00628588235769542 0.004930096007184638 -0.00767628961002435 0.025447158719140855 0.015649443504604333 0.01408632968458486 0.21641525726525723 0.15568064488261668
-0.043589420999999996 0.00997686432 0.00338705046 -0.0292943574 0.0233353827 0.02492678106 0.024950795039999998 0.007035016859999999 0.03232362654 -1.3378007478599998 -1.65799910988 -11.703806217359999 -0.014853591 -0.02601523494 0.04360722912 -0.18871534584 -0.22206051089999998 -0.0436042611 -2.58931332954 -0.07489231848 2.11615346988 0.03132421326 -0.042211180439999996 0.029369637179999998 -0.02813602014 0.014853591 -0.011305458 4.88340526464 0.18871534584 4.0130377167599995 0.07489231848 -0.03937429296 -0.14534501868 0.042211180439999996 0.00113756112 -0.00814235814 -0.025433503019999998 -0.08772091037999999 0.04518189864 -0.00351008838 -0.05693930514 -0.015528140999999999 0.19977499782 2.49859687752 2.0817376590600003 0.0103624371 -0.010263952799999998 0.02521117134 -0.021743120165998987 0.07218060087684121 0.04616000859999972 -0.0493662224614806 0.01931965703872847 0.07111292410008146 -0.04426421576940583 0.015868709216119284 0.001403141377135607 0.07173848798120942 0.7595575155820036 0.7965433831415936 -0.015082377009307044 -0.002801905398868919 0.03518518272364609 0.011795381043583813 -0.039988335424164176 0.04266886869596946 -0.00767628961002435 0.015649443504604333 0.025447158719140855 0.01408632968458486 0.15568064488261668 0.21641525726525723 -0.04693877992020799 0.08504843399398726 0.09396311724146085 0.017956707743013934 0.01990542677983556 0.004800765052116835 -0.08625976761622231 -0.007341222951048689 0.06494642416244864 0.03024275053305498 0.01456067583363354 -0.039926654507131835 0.08595812803486418 -1.7215199655521194 1.4107126102159762 -0.013038947919235763 0.004930096007184638 -0.00628588235769542 0.003702844728941243 0.017837325322951344 -0.004056614633726709 -0.8948492348835312 -0.013755242439611286 0.9011514328386352
0.02492678106 -0.0292943574 -0.0233353827 0.00338705046 -0.043589420999999996 -0.00997686432 4.0130377167599995 4.88340526464 -0.18871534584 -0.011305458 -0.02813602014 -0.014853591 -11.703806217359999 -1.3378007478599998 1.65799910988 0.03232362654 0.024950795039999998 -0.007035016859999999 -0.00814235814 0.042211180439999996 -0.00113756112 -0.14534501868 0.07489231848 0.03937429296 -0.0436042611 -0.18871534584 0.22206051089999998 0.04360722912 -0.014853591 0.02601523494 -0.015528140999999999 -0.00351008838 0.05693930514 0.04518189864 -0.025433503019999998 0.08772091037999999 0.029369637179999998 0.03132421326 0.042211180439999996 2.11615346988 -2.58931332954 0.07489231848 0.02521117134 0.0103624371 0.010263952799999998 2.0817376590600003 0.19977499782 -2.49859687752 0.004800765052116835 0.017956707743013934 -0.01990542677983556 0.09396311724146085 -0.04693877992020799 -0.08504843399398726 0.7965433831415936 0.07173848798120942 -0.7595575155820036 0.001403141377135607 -0.04426421576940583 -0.015868709216119284 0.9011514328386352 -0.8948492348835312 0.013755242439611286 -0.004056614633726709 0.003702844728941243 -0.017837325322951344 0.04266886869596946 0.011795381043583813 0.039988335424164176 0.03518518272364609 -0.015082377009307044 0.002801905398868919 -0.039926654507131835 0.03024275053305498 -0.01456067583363354 0.06494642416244864 -0.08625976761622231 0.007341222951048689 0.07111292410008146 -0.0493662224614806 -0.01931965703872847 0.04616000859999972 -0.021743120165998987 -0.07218060087684121 -0.00628588235769542 -0.013038947919235763 -0.004930096007184638 1.4107126102159762 0.08595812803486418 1.7215199655521194 0.21641525726525723 0.01408632968458486 -0.15568064488261668 0.025447158719140855 -0.00767628961002435 -0.015649443504604333
-0.01286852526 0.0401734998 0.01286852526 0.018424928519999998 0.07221543426 -0.018424928519999998 4.6737392052599995 4.0130377167599995 -0.22206051089999998 0.010671381 -0.011305458 -0.02601523494 -1.3378007478599998 -14.621051489760001 1.3378007478599998 0.024950795039999998 0.01357140636 -0.024950795039999998 -0.00113756112 0.029369637179999998 0.00420217668 0.03937429296 2.11615346988 2.24369981226 0.22206051089999998 4.0130377167599995 -4.6737392052599995 0.02601523494 -0.011305458 -0.010671381 -0.00351008838 0.03524307894 0.00351008838 -0.025433503019999998 0.06256828998 0.025433503019999998 -0.00420217668 0.029369637179999998 0.00113756112 -2.24369981226 2.11615346988 -0.03937429296 0.020273735159999997 0.0185136993 -0.020273735159999997 -0.13002733728 0.01608100218 0.13002733728 -0.03348438117915443 0.09545619337504359 0.007296255572825115 -0.11519408682539134 -0.10122992515067052 0.013274927169559476 -0.15411514341419597 0.2744323278258731 0.15411514341419597 -0.041969287714402705 0.0737170526230467 0.041969287714402705 -0.9658328280285449 0.7968661136171629 -0.15870579540700266 0.006279515295292081 -0.004092429359745486 0.001225659512642561 0.008816789663022266 0.06468457872111136 -0.008816789663022266 -0.004548868145784777 0.017539267214195086 0.004548868145784777 -0.027922752169838704 -0.12990359274270288 0.027922752169838704 -0.019446998286795227 0.17113430121831838 0.019446998286795227 -0.007296255572825115 0.09545619337504359 0.03348438117915443 -0.013274927169559476 -0.10122992515067052 0.11519408682539134 -0.01892131769711964 0.04097483215528135 0.01892131769711964 0.03749682431745798 0.032204203694683284 -0.03749682431745798 0.15870579540700266 0.7968661136171629 0.9658328280285449 -0.001225659512642561 -0.004092429359745486 -0.006279515295292081
-0.0233353827 0.0292943574 0.02492678106 -0.00997686432 0.043589420999999996 0.00338705046 0.22206051089999998 0.18871534584 -0.0436042611 0.02601523494 0.014853591 0.04360722912 1.65799910988 1.3378007478599998 -11.703806217359999 -0.007035016859999999 -0.024950795039999998 0.03232362654 0.042211180439999996 -0.03132421326 0.029369637179999998 0.07489231848 2.58931332954 2.11615346988 -0.18871534584 -4.88340526464 4.0130377167599995 -0.014853591 0.02813602014 -0.011305458 0.05693930514 0.00351008838 -0.015528140999999999 0.08772091037999999 0.025433503019999998 0.04518189864 -0.00113756112 -0.042211180439999996 -0.00814235814 0.03937429296 -0.07489231848 -0.14534501868 0.010263952799999998 -0.0103624371 0.02521117134 -2.49859687752 -0.19977499782 2.0817376590600003 -0.01931965703872847 0.0493662224614806 0.07111292410008146 -0.07218060087684121 0.021743120165998987 0.04616000859999972 -0.7595575155820036 -0.07173848798120942 0.7965433831415936 -0.015868709216119284 0.04426421576940583 0.001403141377135607 -0.15568064488261668 -0.01408632968458486 0.21641525726525723 -0.015649443504604333 0.00767628961002435 0.025447158719140855 0.039988335424164176 -0.011795381043583813 0.04266886869596946 0.002801905398868919 0.015082377009307044 0.03518518272364609 -0.01456067583363354 -0.03024275053305498 -0.039926654507131835 0.007341222951048689 0.08625976761622231 0.06494642416244864 -0.01990542677983556 -0.017956707743013934 0.004800765052116835 -0.08504843399398726 0.04693877992020799 0.09396311724146085 -0.004930096007184638 0.013038947919235763 -0.00628588235769542 1.7215199655521194 -0.08595812803486418 1.4107126102159762 0.013755242439611286 0.8948492348835312 0.9011514328386352 -0.017837325322951344 -0.003702844728941243 -0.004056614633726709
0.00338705046 -0.043589420999999996 -0.00997686432 0.02492678106 -0.0292943574 -0.0233353827 -0.011305458 -0.02813602014 -0.014853591 4.0130377167599995 4.88340526464 -0.18871534584 0.03232362654 0.024950795039999998 -0.007035016859999999 -11.703806217359999 -1.3378007478599998 1.65799910988 -0.14534501868 0.07489231848 0.03937429296 -0.00814235814 0.042211180439999996 -0.00113756112 0.04360722912 -0.014853591 0.02601523494 -0.0436042611 -0.18871534584 0.22206051089999998 0.04518189864 -0.025433503019999998 0.08772091037999999 -0.015528140999999999 -0.00351008838 0.05693930514 2.11615346988 -2.58931332954 0.07489231848 0.029369637179999998 0.03132421326 0.042211180439999996 2.0817376590600003 0.19977499782 -2.49859687752 0.02521117134 0.0103624371 0.010263952799999998 0.09396311724146085 -0.04693877992020799 -0.08504843399398726 0.004800765052116835 0.017956707743013934 -0.01990542677983556 0.001403141377135607 -0.04426421576940583 -0.015868709216119284 0.7965433831415936 0.07173848798120942 -0.7595575155820036 -0.004056614633726709 0.003702844728941243 -0.017837325322951344 0.9011514328386352 -0.8948492348835312 0.013755242439611286 0.03518518272364609 -0.015082377009307044 0.002801905398868919 0.04266886869596946 0.011795381043583813 0.039988335424164176 0.06494642416244864 -0.08625976761622231 0.007341222951048689 -0.039926654507131835 0.03024275053305498 -0.01456067583363354 0.04616000859999972 -0.021743120165998987 -0.07218060087684121 0.07111292410008146 -0.0493662224614806 -0.01931965703872847 1.4107126102159762 0.08595812803486418 1.7215199655521194 -0.00628588235769542 -0.013038947919235763 -0.004930096007184638 0.025447158719140855 -0.00767628961002435 -0.015649443504604333 0.21641525726525723 0.01408632968458486 -0.15568064488261668
0.018424928519999998 0.07221543426 -0.018424928519999998 -0.01286852526 0.0401734998 0.01286852526 0.010671381 -0.011305458 -0.02601523494 4.6737392052599995 4.0130377167599995 -0.22206051089999998 0.024950795039999998 0.01357140636 -0.024950795039999998 -1.3378007478599998 -14.621051489760001 1.3378007478599998 0.03937429296 2.11615346988 2.24369981226 -0.00113756112 0.029369637179999998 0.00420217668 0.02601523494 -0.011305458 -0.010671381 0.22206051089999998 4.0130377167599995 -4.6737392052599995 -0.025433503019999998 0.06256828998 0.025433503019999998 -0.00351008838 0.03524307894 0.00351008838 -2.24369981226 2.11615346988 -0.03937429296 -0.00420217668 0.029369637179999998 0.00113756112 -0.13002733728 0.01608100218 0.13002733728 0.020273735159999997 0.0185136993 -0.020273735159999997 -0.11519408682539134 -0.10122992515067052 0.013274927169559476 -0.03348438117915443 0.09545619337504359 0.007296255572825115 -0.041969287714402705 0.0737170526230467 0.041969287714402705 -0.15411514341419597 0.2744323278258731 0.15411514341419597 0.006279515295292081 -0.004092429359745486 0.001225659512642561 -0.9658328280285449 0.7968661136171629 -0.15870579540700266 -0.004548868145784777 0.017539267214195086 0.004548868145784777 0.008816789663022266 0.06468457872111136 -0.008816789663022266 -0.019446998286795227 0.17113430121831838 0.019446998286795227 -0.027922752169838704 -0.12990359274270288 0.027922752169838704 -0.013274927169559476 -0.10122992515067052 0.11519408682539134 -0.007296255572825115 0.09545619337504359 0.03348438117915443 0.03749682431745798 0.032204203694683284 -0.03749682431745798 -0.01892131769711964 0.04097483215528135 0.01892131769711964 -0.001225659512642561 -0.004092429359745486 -0.006279515295292081 0.15870579540700266 0.7968661136171629 0.9658328280285449
-0.00997686432 0.043589420999999996 0.00338705046 -0.0233353827 0.0292943574 0.02492678106 0.02601523494 0.014853591 0.04360722912 0.22206051089999998 0.18871534584 -0.0436042611 -0.007035016859999999 -0.024950795039999998 0.03232362654 1.65799910988 1.3378007478599998 -11.703806217359999 0.07489231848 2.58931332954 2.11615346988 0.042211180439999996 -0.03132421326 0.029369637179999998 -0.014853591 0.02813602014 -0.011305458 -0.18871534584 -4.88340526464 4.0130377167599995 0.08772091037999999 0.025433503019999998 0.04518189864 0.05693930514 0.00351008838 -0.015528140999999999 0.03937429296 -0.07489231848 -0.14534501868 -0.00113756112 -0.042211180439999996 -0.00814235814 -2.49859687752 -0.19977499782 2.0817376590600003 0.010263952799999998 -0.0103624371 0.02521117134 -0.07218060087684121 0.021743120165998987 0.04616000859999972 -0.01931965703872847 0.0493662224614806 0.07111292410008146 -0.015868709216119284 0.04426421576940583 0.001403141377135607 -0.7595575155820036 -0.07173848798120942 0.7965433831415936 -0.015649443504604333 0.00767628961002435 0.025447158719140855 -0.15568064488261668 -0.01408632968458486 0.21641525726525723 0.002801905398868919 0.015082377009307044 0.03518518272364609 0.039988335424164176 -0.011795381043583813 0.04266886869596946 0.007341222951048689 0.08625976761622231 0.06494642416244864 -0.01456067583363354 -0.03024275053305498 -0.039926654507131835 -0.08504843399398726 0.04693877992020799 0.09396311724146085 -0.01990542677983556 -0.017956707743013934 0.004800765052116835 1.7215199655521194 -0.08595812803486418 1.4107126102159762 -0.004930096007184638 0.013038947919235763 -0.00628588235769542 -0.017837325322951344 -0.003702844728941243 -0.004056614633726709 0.013755242439611286 0.8948492348835312 0.9011514328386352
2.0817376590600003 -2.49859687752 0.19977499782 0.02521117134 0.010263952799999998 0.0103624371 0.029369637179999998 0.042211180439999996 0.03132421326 2.11615346988 0.07489231848 -2.58931332954 -0.00814235814 -0.00113756112 0.042211180439999996 -0.14534501868 0.03937429296 0.07489231848 -11.703806217359999 1.65799910988 -1.3378007478599998 0.03232362654 -0.007035016859999999 0.024950795039999998 -0.015528140999999999 0.05693930514 -0.00351008838 0.04518189864 0.08772091037999999 -0.025433503019999998 -0.0436042611 0.22206051089999998 -0.18871534584 0.04360722912 0.02601523494 -0.014853591 4.0130377167599995 -0.18871534584 4.88340526464 -0.011305458 -0.014853591 -0.02813602014 0.00338705046 -0.00997686432 -0.043589420999999996 0.02492678106 -0.0233353827 -0.0292943574 0.03518518272364609 0.002801905398868919 -0.015082377009307044 0.04266886869596946 0.039988335424164176 0.011795381043583813 -0.00628588235769542 -0.004930096007184638 -0.013038947919235763 1.4107126102159762 1.7215199655521194 0.08595812803486418 0.04616000859999972 -0.07218060087684121 -0.021743120165998987 0.07111292410008146 -0.01931965703872847 -0.0493662224614806 0.09396311724146085 -0.08504843399398726 -0.04693877992020799 0.004800765052116835 -0.01990542677983556 0.017956707743013934 0.025447158719140855 -0.015649443504604333 -0.00767628961002435 0.21641525726525723 -0.15568064488261668 0.01408632968458486 -0.004056614633726709 -0.017837325322951344 0.003702844728941243 0.9011514328386352 0.013755242439611286 -0.8948492348835312 0.7965433831415936 -0.7595575155820036 0.07173848798120942 0.001403141377135607 -0.015868709216119284 -0.04426421576940583 0.06494642416244864 0.007341222951048689 -0.08625976761622231 -0.039926654507131835 -0.01456067583363354 0.03024275053305498
-2.49859687752 2.0817376590600003 -0.19977499782 0.010263952799999998 0.02521117134 -0.0103624371 -0.00113756112 -0.00814235814 -0.042211180439999996 0.03937429296 -0.14534501868 -0.07489231848 0.042211180439999996 0.029369637179999998 -0.03132421326 0.07489231848 2.11615346988 2.58931332954 1.65799910988 -11.703806217359999 1.3378007478599998 -0.007035016859999999 0.03232362654 -0.024950795039999998 0.05693930514 -0.015528140999999999 0.00351008838 0.08772091037999999 0.04518189864 0.025433503019999998 -0.18871534584 4.0130377167599995 -4.88340526464 -0.014853591 -0.011305458 0.02813602014 0.22206051089999998 -0.0436042611 0.18871534584 0.02601523494 0.04360722912 0.014853591 -0.00997686432 0.00338705046 0.043589420999999996 -0.0233353827 0.02492678106 0.0292943574 0.002801905398868919 0.03518518272364609 0.015082377009307044 0.039988335424164176 0.04266886869596946 -0.011795381043583813 -0.004930096007184638 -0.00628588235769542 0.013038947919235763 1.7215199655521194 1.4107126102159762 -0.08595812803486418 -0.08504843399398726 0.09396311724146085 0.04693877992020799 -0.01990542677983556 0.004800765052116835 -0.017956707743013934 -0.07218060087684121 0.04616000859999972 0.021743120165998987 -0.01931965703872847 0.07111292410008146 0.0493662224614806 -0.017837325322951344 -0.004056614633726709 -0.003702844728941243 0.013755242439611286 0.9011514328386352 0.8948492348835312 -0.015649443504604333 0.025447158719140855 0.00767628961002435 -0.15568064488261668 0.21641525726525723 -0.01408632968458486 -0.7595575155820036 0.7965433831415936 -0.07173848798120942 -0.015868709216119284 0.001403141377135607 0.04426421576940583 0.007341222951048689 0.06494642416244864 0.08625976761622231 -0.01456067583363354 -0.039926654507131835 -0.03024275053305498
-0.13002733728 0.13002733728 0.01608100218 0.020273735159999997 -0.020273735159999997 0.0185136993 -0.00420217668 0.00113756112 0.029369637179999998 -2.24369981226 -0.03937429296 2.11615346988 -0.00113756112 0.00420217668 0.029369637179999998 0.03937429296 2.24369981226 2.11615346988 -1.3378007478599998 1.3378007478599998 -14.621051489760001 0.024950795039999998 -0.024950795039999998 0.01357140636 -0.00351008838 0.00351008838 0.03524307894 -0.025433503019999998 0.025433503019999998 0.06256828998 0.22206051089999998 -4.6737392052599995 4.0130377167599995 0.02601523494 -0.010671381 -0.011305458 4.6737392052599995 -0.22206051089999998 4.0130377167599995 0.010671381 -0.02601523494 -0.011305458 0.018424928519999998 -0.018424928519999998 0.07221543426 -0.01286852526 0.01286852526 0.0401734998 -0.004548868145784777 0.004548868145784777 0.017539267214195086 0.008816789663022266 -0.008816789663022266 0.06468457872111136 -0.01892131769711964 0.01892131769711964 0.04097483215528135 0.03749682431745798 -0.03749682431745798 0.032204203694683284 -0.013274927169559476 0.11519408682539134 -0.10122992515067052 -0.007296255572825115 0.03348438117915443 0.09545619337504359 -0.11519408682539134 0.013274927169559476 -0.10122992515067052 -0.03348438117915443 0.007296255572825115 0.09545619337504359 -0.001225659512642561 -0.006279515295292081 -0.004092429359745486 0.15870579540700266 0.9658328280285449 0.7968661136171629 0.006279515295292081 0.001225659512642561 -0.004092429359745486 -0.9658328280285449 -0.15870579540700266 0.7968661136171629 -0.15411514341419597 0.15411514341419597 0.2744323278258731 -0.041969287714402705 0.041969287714402705 0.0737170526230467 -0.019446998286795227 0.019446998286795227 0.17113430121831838 -0.027922752169838704 0.027922752169838704 -0.12990359274270288
