4.733080 0.000000 0.000000
0.000000 6.483851 0.000000
0.000000 0.000000 7.254536
0.000000 0.000000 7.254536
-4.733080 6.483851 0.000000
-4.733080 -6.483851 0.000000
32 2
direct
0.250000 0.046091 0.038149 Al
0.250000 0.546091 0.538149 Al
0.445239 0.404064 0.231957 Al
0.445239 0.904065 0.731958 Al
0.054761 0.404064 0.231957 Al
0.054761 0.904065 0.731958 Al
0.554761 0.231957 0.904065 Al
0.554761 0.731958 0.404065 Al
0.445239 0.768042 0.095936 Al
0.445239 0.268043 0.595935 Al
0.945239 0.595936 0.768042 Al
0.945239 0.095936 0.268042 Al
0.054761 0.768042 0.095936 Al
0.054761 0.268043 0.595935 Al
0.554761 0.595936 0.768042 Al
0.554761 0.095936 0.268042 Al
0.945239 0.231957 0.904065 Al
0.945239 0.731958 0.404065 Al
0.250000 0.461851 0.953909 Al
0.250000 0.961851 0.453909 Al
0.750000 0.953909 0.961851 Al
0.750000 0.453909 0.461851 Al
0.750000 0.538149 0.046091 Al
0.750000 0.038149 0.546091 Al
0.250000 0.713707 0.842871 Ni
0.250000 0.213707 0.342871 Ni
0.250000 0.657129 0.286293 Ni
0.250000 0.157129 0.786293 Ni
0.750000 0.286293 0.157129 Ni
0.750000 0.786293 0.657129 Ni
0.750000 0.342871 0.713707 Ni
0.750000 0.842871 0.213707 Ni
-8.30483726832 -2.30595268266 -0.0 0.380608092 0.039427177679999995 0.0 0.27648266526 -0.1936821924 -0.22742102483999999 1.18458238158 0.72811439658 0.9227253094200001 0.27648266526 -0.1936821924 0.22742102483999999 1.18458238158 0.72811439658 -0.9227253094200001 -0.06553846853999999 -0.054220329 -0.06848733132 0.05218237854 -0.04437621612 0.00313018182 0.08478364986 -0.60528261906 0.39303087461999997 0.20096760222 0.15768442691999998 -0.12744758826 0.15018262146 -0.02245415058 -0.17042694624000002 0.28841815296 0.38434374990000003 0.68109124626 0.08478364986 -0.60528261906 -0.39303087461999997 0.20096760222 0.15768442691999998 0.12744758826 0.15018262146 -0.02245415058 0.17042694624000002 0.28841815296 0.38434374990000003 -0.68109124626 -0.06553846853999999 -0.054220329 0.06848733132 0.05218237854 -0.04437621612 -0.00313018182 0.09541158983999999 -0.18598908456 -0.0 0.09541158983999999 0.13786344971999998 -0.0 0.11211938388 0.00312478542 0.0 -0.04369222242 0.05622401232 -0.0 0.03838891032 0.01851208038 -0.0 0.03838891032 -0.04377775536 0.0 0.24073425211480667 -0.049321653024657235 0.0 2.496755576419542 0.8336888252026674 -0.0 0.01138311375296768 0.04538601257659394 0.0 0.3598054820024306 0.7147823430547298 0.0 0.09679168471414373 0.05749298173654111 0.0 -0.010695868954807385 -0.0693611860563631 0.0 0.10852060954389271 0.013126097085881453 0.0 -0.005376188316818506 0.0417201763978721 0.0
-2.30595268266 -7.4857495510800005 -0.0 0.039427177679999995 0.0091010286 0.0 -0.25789881276 0.05095847502 0.1226304918 0.67637344356 0.07463302146 0.4278157992 -0.25789881276 0.05095847502 -0.1226304918 0.67637344356 0.07463302146 -0.4278157992 -0.10574974313999999 0.28666783062 0.37615417326 0.01892328606 -0.03932059878 0.00290434248 -0.46422207215999994 0.9987228106199999 -0.8664597448199999 0.08589935556 0.1592706987 0.02076615666 -0.09200214431999999 0.038716741619999995 0.02615581116 0.09658989377999999 0.21911731434 0.28985440482 -0.46422207215999994 0.9987228106199999 0.8664597448199999 0.08589935556 0.1592706987 -0.02076615666 -0.09200214431999999 0.038716741619999995 -0.02615581116 0.09658989377999999 0.21911731434 -0.28985440482 -0.10574974313999999 0.28666783062 -0.37615417326 0.01892328606 -0.03932059878 -0.00290434248 -0.13786344971999998 0.20651375232 0.0 0.18598908456 0.20651375232 0.0 0.00312478542 -0.051224787359999996 0.0 0.05622401232 0.0647756874 0.0 0.04377775536 -0.03988668114 0.0 -0.01851208038 -0.03988668114 0.0 -0.0985987366124911 0.2285063087691961 0.0 1.490774042582549 0.671618833198301 0.0 0.0041640588117830375 0.2067357306465827 0.0 0.6493571953878302 2.552146631680181 0.0 -0.021632492456740992 0.01696503777369404 0.0 -0.01896708095814363 -0.02653592639011165 0.0 0.06061841349377964 -0.09897837270829012 0.0 0.023053939138286194 0.14516583926490423 0.0
-0.0 -0.0 -4.3644852820799995 0.0 0.0 0.0768906054 -0.19828370268 0.05640614081999999 0.04187498472 0.98375076864 0.42082692156 0.40116540798 0.19828370268 -0.05640614081999999 0.04187498472 -0.98375076864 -0.42082692156 0.40116540798 -0.0841271778 0.39151475604 0.30044780783999997 -0.00391859586 0.0017740664999999999 -0.00676060992 0.24022371402 -0.54266980878 0.38459360321999997 -0.03380277978 0.0604747566 6.20586e-05 -0.09332480196 -0.02146445082 0.04245185988 0.44886553667999995 0.54154465938 0.8199195722999999 -0.24022371402 0.54266980878 0.38459360321999997 0.03380277978 -0.0604747566 6.20586e-05 0.09332480196 0.02146445082 0.04245185988 -0.44886553667999995 -0.54154465938 0.8199195722999999 0.0841271778 -0.39151475604 0.30044780783999997 0.00391859586 -0.0017740664999999999 -0.00676060992 -0.0 0.0 -0.08395098533999999 -0.0 0.0 -0.08395098533999999 0.0 0.0 -0.09863324064000001 -0.0 0.0 -0.09529934472 0.0 0.0 0.04386706578 -0.0 0.0 0.04386706578 0.0 0.0 0.10861293194874111 0.0 0.0 -0.0538283393820199 0.0 0.0 0.04790697134691557 -0.0 -0.0 0.04392158822382621 0.0 0.0 0.28594238488550733 -0.0 0.0 -0.04665942505726154 -0.0 0.0 -0.017064125182345992 0.0 0.0 0.3442268720670634
0.380608092 0.039427177679999995 0.0 -8.30483726832 -2.30595268266 -0.0 1.18458238158 0.72811439658 0.9227253094200001 0.27648266526 -0.1936821924 -0.22742102483999999 1.18458238158 0.72811439658 -0.9227253094200001 0.27648266526 -0.1936821924 0.22742102483999999 0.05218237854 -0.04437621612 0.00313018182 -0.06553846853999999 -0.054220329 -0.06848733132 0.20096760222 0.15768442691999998 -0.12744758826 0.08478364986 -0.60528261906 0.39303087461999997 0.28841815296 0.38434374990000003 0.68109124626 0.15018262146 -0.02245415058 -0.17042694624000002 0.20096760222 0.15768442691999998 0.12744758826 0.08478364986 -0.60528261906 -0.39303087461999997 0.28841815296 0.38434374990000003 -0.68109124626 0.15018262146 -0.02245415058 0.17042694624000002 0.05218237854 -0.04437621612 -0.00313018182 -0.06553846853999999 -0.054220329 0.06848733132 0.09541158983999999 0.13786344971999998 -0.0 0.09541158983999999 -0.18598908456 -0.0 -0.04369222242 0.05622401232 -0.0 0.11211938388 0.00312478542 0.0 0.03838891032 -0.04377775536 0.0 0.03838891032 0.01851208038 -0.0 2.496755576419542 0.8336888252026674 -0.0 0.24073425211480667 -0.049321653024657235 0.0 0.3598054820024306 0.7147823430547298 0.0 0.01138311375296768 0.04538601257659394 0.0 -0.010695868954807385 -0.0693611860563631 0.0 0.09679168471414373 0.05749298173654111 0.0 -0.005376188316818506 0.0417201763978721 0.0 0.10852060954389271 0.013126097085881453 0.0
0.039427177679999995 0.0091010286 0.0 -2.30595268266 -7.4857495510800005 -0.0 0.67637344356 0.07463302146 0.4278157992 -0.25789881276 0.05095847502 0.1226304918 0.67637344356 0.07463302146 -0.4278157992 -0.25789881276 0.05095847502 -0.1226304918 0.01892328606 -0.03932059878 0.00290434248 -0.10574974313999999 0.28666783062 0.37615417326 0.08589935556 0.1592706987 0.02076615666 -0.46422207215999994 0.9987228106199999 -0.8664597448199999 0.09658989377999999 0.21911731434 0.28985440482 -0.09200214431999999 0.038716741619999995 0.02615581116 0.08589935556 0.1592706987 -0.02076615666 -0.46422207215999994 0.9987228106199999 0.8664597448199999 0.09658989377999999 0.21911731434 -0.28985440482 -0.09200214431999999 0.038716741619999995 -0.02615581116 0.01892328606 -0.03932059878 -0.00290434248 -0.10574974313999999 0.28666783062 -0.37615417326 0.18598908456 0.20651375232 0.0 -0.13786344971999998 0.20651375232 0.0 0.05622401232 0.0647756874 0.0 0.00312478542 -0.051224787359999996 0.0 -0.01851208038 -0.03988668114 0.0 0.04377775536 -0.03988668114 0.0 1.490774042582549 0.671618833198301 0.0 -0.0985987366124911 0.2285063087691961 0.0 0.6493571953878302 2.552146631680181 0.0 0.0041640588117830375 0.2067357306465827 0.0 -0.01896708095814363 -0.02653592639011165 0.0 -0.021632492456740992 0.01696503777369404 0.0 0.023053939138286194 0.14516583926490423 0.0 0.06061841349377964 -0.09897837270829012 0.0
0.0 0.0 0.0768906054 -0.0 -0.0 -4.3644852820799995 0.98375076864 0.42082692156 0.40116540798 -0.19828370268 0.05640614081999999 0.04187498472 -0.98375076864 -0.42082692156 0.40116540798 0.19828370268 -0.05640614081999999 0.04187498472 -0.00391859586 0.0017740664999999999 -0.00676060992 -0.0841271778 0.39151475604 0.30044780783999997 -0.03380277978 0.0604747566 6.20586e-05 0.24022371402 -0.54266980878 0.38459360321999997 0.44886553667999995 0.54154465938 0.8199195722999999 -0.09332480196 -0.02146445082 0.04245185988 0.03380277978 -0.0604747566 6.20586e-05 -0.24022371402 0.54266980878 0.38459360321999997 -0.44886553667999995 -0.54154465938 0.8199195722999999 0.09332480196 0.02146445082 0.04245185988 0.00391859586 -0.0017740664999999999 -0.00676060992 0.0841271778 -0.39151475604 0.30044780783999997 -0.0 0.0 -0.08395098533999999 -0.0 0.0 -0.08395098533999999 -0.0 0.0 -0.09529934472 0.0 0.0 -0.09863324064000001 -0.0 0.0 0.04386706578 0.0 0.0 0.04386706578 0.0 0.0 -0.0538283393820199 0.0 0.0 0.10861293194874111 -0.0 -0.0 0.04392158822382621 0.0 0.0 0.04790697134691557 -0.0 0.0 -0.04665942505726154 0.0 0.0 0.28594238488550733 0.0 0.0 0.3442268720670634 -0.0 0.0 -0.017064125182345992
0.27648266526 -0.25789881276 -0.19828370268 1.18458238158 0.67637344356 0.98375076864 -8.66835550116 1.81138692312 -2.7589521315599996 0.07454640924 -0.00817851402 0.06074430678 -0.16155526463999997 0.02394328716 0.05474566854 0.10709425619999999 -0.043639877339999994 -0.00814370724 1.9670498586 1.0844322129000001 0.78146725428 1.9670498586 -0.7213273443 -0.7827586127999999 -0.02464104168 -0.09511910495999999 -0.008523343979999999 -0.02464104168 0.028084754339999997 -0.03468023442 -0.05428454616 -0.03323130102 0.032080788539999995 0.12452058089999998 -0.11022335873999999 0.03207134484 -0.03826155528 -0.038090489400000004 0.06578157636 -0.03826155528 0.00427206006 0.04259027754 0.08777703294 0.00335871936 -0.01898237664 0.37578155183999995 -1.24710021522 0.4592161017 0.03023090262 0.07070579136 0.05057479098 0.03023090262 0.03338320968 0.11704494797999998 0.08478364986 0.46422207215999994 -0.24022371402 0.20096760222 -0.08589935556 0.03380277978 0.15018262146 -0.09200214431999999 0.09332480196 0.28841815296 0.09658989377999999 -0.44886553667999995 -0.06553846853999999 0.10574974313999999 0.0841271778 0.05218237854 -0.01892328606 0.00391859586 -0.05383231879602199 -0.028374415659075492 0.025222719769423193 0.252303602443072 -0.22897229814884038 -0.18217558330850686 1.1824136289162888 -0.9968623087098123 1.0338621042184097 0.17619054464936915 -0.09533322948237913 -0.10715606848257735 0.3881058805610673 -0.24808462771806014 0.911205422314906 0.2091500411216484 -0.03678490715248475 -0.06202274869511588 -0.007092907517318508 -0.053049966003211824 0.010295141964797302 5.650767882962456e-05 0.043192161637243806 -0.005480448963673165
-0.1936821924 0.05095847502 0.05640614081999999 0.72811439658 0.07463302146 0.42082692156 1.81138692312 -7.427459527019999 0.6656891112 -0.00817851402 0.1077431733 -0.02176853796 0.02394328716 -0.18442197 -0.05022213624 -0.043639877339999994 0.02628505494 -0.0237994731 0.7213273443 0.27974047194 0.16236634356 -1.0844322129000001 0.27974047194 0.36674554986 -0.028084754339999997 0.11637444527999999 0.03769871076 0.09511910495999999 0.11637444527999999 -0.08903088648 -0.03323130102 0.04522776804 -0.02795254254 -0.11022335873999999 0.10283703624 0.03993443928 -0.00427206006 0.08004048407999999 -0.07799524848 0.038090489400000004 0.08004048407999999 0.16715349 0.00335871936 0.0462862719 0.00862506612 -1.24710021522 1.82280030912 -0.73240696296 -0.03338320968 -0.018793502639999998 0.04817717046 -0.07070579136 -0.018793502639999998 -0.0507585384 0.60528261906 0.9987228106199999 -0.54266980878 -0.15768442691999998 0.1592706987 0.0604747566 -0.02245415058 0.038716741619999995 0.02146445082 0.38434374990000003 0.21911731434 -0.54154465938 0.054220329 0.28666783062 0.39151475604 0.04437621612 -0.03932059878 0.0017740664999999999 -0.08248807902504497 -0.007443891832302514 -0.002365363682840059 -0.38646835169920885 1.6305254911562146 0.9929875532959809 -1.1008209180417132 0.9865623914482123 -0.9781160852287845 0.2006627469379989 -0.017049003409138064 -0.14549533474427698 -0.16681743290885526 0.1872684373483768 -0.21412709421405768 0.030231608173849137 -0.0393341197622212 -0.043208477234652355 0.018835760296074783 0.09622819969144833 0.02969597904916833 -0.07903116208143265 0.08536877682115519 0.07542820064394377
-0.22742102483999999 0.1226304918 0.04187498472 0.9227253094200001 0.4278157992 0.40116540798 -2.7589521315599996 0.6656891112 -9.90999105192 0.06074430678 -0.02176853796 0.06205239414 -0.05474566854 0.05022213624 1.69389461358 0.00814370724 0.0237994731 -0.0218311362 0.7827586127999999 0.36674554986 0.12698241858 -0.78146725428 0.16236634356 0.12698241858 0.03468023442 -0.08903088648 0.016430419079999998 0.008523343979999999 0.03769871076 0.016430419079999998 -0.032080788539999995 0.02795254254 -0.039609575999999994 -0.03207134484 -0.03993443928 0.2725640694 0.04259027754 -0.16715349 0.06468340896 0.06578157636 0.07799524848 0.06468340896 -0.01898237664 0.00862506612 0.06688999692 0.4592161017 -0.73240696296 -0.00534567384 0.11704494797999998 0.0507585384 0.12690956718000002 0.05057479098 -0.04817717046 0.12690956718000002 -0.39303087461999997 -0.8664597448199999 0.38459360321999997 0.12744758826 0.02076615666 6.20586e-05 0.17042694624000002 -0.02615581116 0.04245185988 -0.68109124626 -0.28985440482 0.8199195722999999 0.06848733132 0.37615417326 0.30044780783999997 -0.00313018182 0.00290434248 -0.00676060992 0.015571446990163443 0.02626413241376916 0.012364039304481938 -0.38728970274923946 1.1815847169796543 1.0473137173696618 1.2875179115393907 -1.0700313960247716 1.2223864446258448 0.06280231589812457 0.005630472871551816 0.06233990799108215 1.21602535134351 -0.3823090681842283 2.7244142700062937 -0.13254433187448733 -0.019447794169595644 0.12441916436502765 0.012625088863018793 0.013159524163498977 0.08334405097689371 -0.05071206027698616 0.10869291817018303 0.07014751826317533
1.18458238158 0.67637344356 0.98375076864 0.27648266526 -0.25789881276 -0.19828370268 0.07454640924 -0.00817851402 0.06074430678 -8.66835550116 1.81138692312 -2.7589521315599996 0.10709425619999999 -0.043639877339999994 -0.00814370724 -0.16155526463999997 0.02394328716 0.05474566854 1.9670498586 -0.7213273443 -0.7827586127999999 1.9670498586 1.0844322129000001 0.78146725428 -0.02464104168 0.028084754339999997 -0.03468023442 -0.02464104168 -0.09511910495999999 -0.008523343979999999 0.12452058089999998 -0.11022335873999999 0.03207134484 -0.05428454616 -0.03323130102 0.032080788539999995 -0.03826155528 0.00427206006 0.04259027754 -0.03826155528 -0.038090489400000004 0.06578157636 0.37578155183999995 -1.24710021522 0.4592161017 0.08777703294 0.00335871936 -0.01898237664 0.03023090262 0.03338320968 0.11704494797999998 0.03023090262 0.07070579136 0.05057479098 0.20096760222 -0.08589935556 0.03380277978 0.08478364986 0.46422207215999994 -0.24022371402 0.28841815296 0.09658989377999999 -0.44886553667999995 0.15018262146 -0.09200214431999999 0.09332480196 0.05218237854 -0.01892328606 0.00391859586 -0.06553846853999999 0.10574974313999999 0.0841271778 0.252303602443072 -0.22897229814884038 -0.18217558330850686 -0.05383231879602199 -0.028374415659075492 0.025222719769423193 0.17619054464936915 -0.09533322948237913 -0.10715606848257735 1.1824136289162888 -0.9968623087098123 1.0338621042184097 0.2091500411216484 -0.03678490715248475 -0.06202274869511588 0.3881058805610673 -0.24808462771806014 0.911205422314906 5.650767882962456e-05 0.043192161637243806 -0.005480448963673165 -0.007092907517318508 -0.053049966003211824 0.010295141964797302
0.72811439658 0.07463302146 0.42082692156 -0.1936821924 0.05095847502 0.05640614081999999 -0.00817851402 0.1077431733 -0.02176853796 1.81138692312 -7.427459527019999 0.6656891112 -0.043639877339999994 0.02628505494 -0.0237994731 0.02394328716 -0.18442197 -0.05022213624 -1.0844322129000001 0.27974047194 0.36674554986 0.7213273443 0.27974047194 0.16236634356 0.09511910495999999 0.11637444527999999 -0.08903088648 -0.028084754339999997 0.11637444527999999 0.03769871076 -0.11022335873999999 0.10283703624 0.03993443928 -0.03323130102 0.04522776804 -0.02795254254 0.038090489400000004 0.08004048407999999 0.16715349 -0.00427206006 0.08004048407999999 -0.07799524848 -1.24710021522 1.82280030912 -0.73240696296 0.00335871936 0.0462862719 0.00862506612 -0.07070579136 -0.018793502639999998 -0.0507585384 -0.03338320968 -0.018793502639999998 0.04817717046 -0.15768442691999998 0.1592706987 0.0604747566 0.60528261906 0.9987228106199999 -0.54266980878 0.38434374990000003 0.21911731434 -0.54154465938 -0.02245415058 0.038716741619999995 0.02146445082 0.04437621612 -0.03932059878 0.0017740664999999999 0.054220329 0.28666783062 0.39151475604 -0.38646835169920885 1.6305254911562146 0.9929875532959809 -0.08248807902504497 -0.007443891832302514 -0.002365363682840059 0.2006627469379989 -0.017049003409138064 -0.14549533474427698 -1.1008209180417132 0.9865623914482123 -0.9781160852287845 0.030231608173849137 -0.0393341197622212 -0.043208477234652355 -0.16681743290885526 0.1872684373483768 -0.21412709421405768 -0.07903116208143265 0.08536877682115519 0.07542820064394377 0.018835760296074783 0.09622819969144833 0.02969597904916833
0.9227253094200001 0.4278157992 0.40116540798 -0.22742102483999999 0.1226304918 0.04187498472 0.06074430678 -0.02176853796 0.06205239414 -2.7589521315599996 0.6656891112 -9.90999105192 0.00814370724 0.0237994731 -0.0218311362 -0.05474566854 0.05022213624 1.69389461358 -0.78146725428 0.16236634356 0.12698241858 0.7827586127999999 0.36674554986 0.12698241858 0.008523343979999999 0.03769871076 0.016430419079999998 0.03468023442 -0.08903088648 0.016430419079999998 -0.03207134484 -0.03993443928 0.2725640694 -0.032080788539999995 0.02795254254 -0.039609575999999994 0.06578157636 0.07799524848 0.06468340896 0.04259027754 -0.16715349 0.06468340896 0.4592161017 -0.73240696296 -0.00534567384 -0.01898237664 0.00862506612 0.06688999692 0.05057479098 -0.04817717046 0.12690956718000002 0.11704494797999998 0.0507585384 0.12690956718000002 0.12744758826 0.02076615666 6.20586e-05 -0.39303087461999997 -0.8664597448199999 0.38459360321999997 -0.68109124626 -0.28985440482 0.8199195722999999 0.17042694624000002 -0.02615581116 0.04245185988 -0.00313018182 0.00290434248 -0.00676060992 0.06848733132 0.37615417326 0.30044780783999997 -0.38728970274923946 1.1815847169796543 1.0473137173696618 0.015571446990163443 0.02626413241376916 0.012364039304481938 0.06280231589812457 0.005630472871551816 0.06233990799108215 1.2875179115393907 -1.0700313960247716 1.2223864446258448 -0.13254433187448733 -0.019447794169595644 0.12441916436502765 1.21602535134351 -0.3823090681842283 2.7244142700062937 -0.05071206027698616 0.10869291817018303 0.07014751826317533 0.012625088863018793 0.013159524163498977 0.08334405097689371
0.27648266526 -0.25789881276 0.19828370268 1.18458238158 0.67637344356 -0.98375076864 -0.16155526463999997 0.02394328716 -0.05474566854 0.10709425619999999 -0.043639877339999994 0.00814370724 -8.66835550116 1.81138692312 2.7589521315599996 0.07454640924 -0.00817851402 -0.06074430678 0.03023090262 0.07070579136 -0.05057479098 0.03023090262 0.03338320968 -0.11704494797999998 -0.03826155528 -0.038090489400000004 -0.06578157636 -0.03826155528 0.00427206006 -0.04259027754 0.08777703294 0.00335871936 0.01898237664 0.37578155183999995 -1.24710021522 -0.4592161017 -0.02464104168 -0.09511910495999999 0.008523343979999999 -0.02464104168 0.028084754339999997 0.03468023442 -0.05428454616 -0.03323130102 -0.032080788539999995 0.12452058089999998 -0.11022335873999999 -0.03207134484 1.9670498586 1.0844322129000001 -0.78146725428 1.9670498586 -0.7213273443 0.7827586127999999 0.08478364986 0.46422207215999994 0.24022371402 0.20096760222 -0.08589935556 -0.03380277978 0.15018262146 -0.09200214431999999 -0.09332480196 0.28841815296 0.09658989377999999 0.44886553667999995 -0.06553846853999999 0.10574974313999999 -0.0841271778 0.05218237854 -0.01892328606 -0.00391859586 -0.05383231879602199 -0.028374415659075492 -0.025222719769423193 0.252303602443072 -0.22897229814884038 0.18217558330850686 1.1824136289162888 -0.9968623087098123 -1.0338621042184097 0.17619054464936915 -0.09533322948237913 0.10715606848257735 0.3881058805610673 -0.24808462771806014 -0.911205422314906 0.2091500411216484 -0.03678490715248475 0.06202274869511588 -0.007092907517318508 -0.053049966003211824 -0.010295141964797302 5.650767882962456e-05 0.043192161637243806 0.005480448963673165
-0.1936821924 0.05095847502 -0.05640614081999999 0.72811439658 0.07463302146 -0.42082692156 0.02394328716 -0.18442197 0.05022213624 -0.043639877339999994 0.02628505494 0.0237994731 1.81138692312 -7.427459527019999 -0.6656891112 -0.00817851402 0.1077431733 0.02176853796 -0.03338320968 -0.018793502639999998 -0.04817717046 -0.07070579136 -0.018793502639999998 0.0507585384 -0.00427206006 0.08004048407999999 0.07799524848 0.038090489400000004 0.08004048407999999 -0.16715349 0.00335871936 0.0462862719 -0.00862506612 -1.24710021522 1.82280030912 0.73240696296 -0.028084754339999997 0.11637444527999999 -0.03769871076 0.09511910495999999 0.11637444527999999 0.08903088648 -0.03323130102 0.04522776804 0.02795254254 -0.11022335873999999 0.10283703624 -0.03993443928 0.7213273443 0.27974047194 -0.16236634356 -1.0844322129000001 0.27974047194 -0.36674554986 0.60528261906 0.9987228106199999 0.54266980878 -0.15768442691999998 0.1592706987 -0.0604747566 -0.02245415058 0.038716741619999995 -0.02146445082 0.38434374990000003 0.21911731434 0.54154465938 0.054220329 0.28666783062 -0.39151475604 0.04437621612 -0.03932059878 -0.0017740664999999999 -0.08248807902504497 -0.007443891832302514 0.002365363682840059 -0.38646835169920885 1.6305254911562146 -0.9929875532959809 -1.1008209180417132 0.9865623914482123 0.9781160852287845 0.2006627469379989 -0.017049003409138064 0.14549533474427698 -0.16681743290885526 0.1872684373483768 0.21412709421405768 0.030231608173849137 -0.0393341197622212 0.043208477234652355 0.018835760296074783 0.09622819969144833 -0.02969597904916833 -0.07903116208143265 0.08536877682115519 -0.07542820064394377
0.22742102483999999 -0.1226304918 0.04187498472 -0.9227253094200001 -0.4278157992 0.40116540798 0.05474566854 -0.05022213624 1.69389461358 -0.00814370724 -0.0237994731 -0.0218311362 2.7589521315599996 -0.6656891112 -9.90999105192 -0.06074430678 0.02176853796 0.06205239414 -0.11704494797999998 -0.0507585384 0.12690956718000002 -0.05057479098 0.04817717046 0.12690956718000002 -0.04259027754 0.16715349 0.06468340896 -0.06578157636 -0.07799524848 0.06468340896 0.01898237664 -0.00862506612 0.06688999692 -0.4592161017 0.73240696296 -0.00534567384 -0.03468023442 0.08903088648 0.016430419079999998 -0.008523343979999999 -0.03769871076 0.016430419079999998 0.032080788539999995 -0.02795254254 -0.039609575999999994 0.03207134484 0.03993443928 0.2725640694 -0.7827586127999999 -0.36674554986 0.12698241858 0.78146725428 -0.16236634356 0.12698241858 0.39303087461999997 0.8664597448199999 0.38459360321999997 -0.12744758826 -0.02076615666 6.20586e-05 -0.17042694624000002 0.02615581116 0.04245185988 0.68109124626 0.28985440482 0.8199195722999999 -0.06848733132 -0.37615417326 0.30044780783999997 0.00313018182 -0.00290434248 -0.00676060992 -0.015571446990163443 -0.02626413241376916 0.012364039304481938 0.38728970274923946 -1.1815847169796543 1.0473137173696618 -1.2875179115393907 1.0700313960247716 1.2223864446258448 -0.06280231589812457 -0.005630472871551816 0.06233990799108215 -1.21602535134351 0.3823090681842283 2.7244142700062937 0.13254433187448733 0.019447794169595644 0.12441916436502765 -0.012625088863018793 -0.013159524163498977 0.08334405097689371 0.05071206027698616 -0.10869291817018303 0.07014751826317533
1.18458238158 0.67637344356 -0.98375076864 0.27648266526 -0.25789881276 0.19828370268 0.10709425619999999 -0.043639877339999994 0.00814370724 -0.16155526463999997 0.02394328716 -0.05474566854 0.07454640924 -0.00817851402 -0.06074430678 -8.66835550116 1.81138692312 2.7589521315599996 0.03023090262 0.03338320968 -0.11704494797999998 0.03023090262 0.07070579136 -0.05057479098 -0.03826155528 0.00427206006 -0.04259027754 -0.03826155528 -0.038090489400000004 -0.06578157636 0.37578155183999995 -1.24710021522 -0.4592161017 0.08777703294 0.00335871936 0.01898237664 -0.02464104168 0.028084754339999997 0.03468023442 -0.02464104168 -0.09511910495999999 0.008523343979999999 0.12452058089999998 -0.11022335873999999 -0.03207134484 -0.05428454616 -0.03323130102 -0.032080788539999995 1.9670498586 -0.7213273443 0.7827586127999999 1.9670498586 1.0844322129000001 -0.78146725428 0.20096760222 -0.08589935556 -0.03380277978 0.08478364986 0.46422207215999994 0.24022371402 0.28841815296 0.09658989377999999 0.44886553667999995 0.15018262146 -0.09200214431999999 -0.09332480196 0.05218237854 -0.01892328606 -0.00391859586 -0.06553846853999999 0.10574974313999999 -0.0841271778 0.252303602443072 -0.22897229814884038 0.18217558330850686 -0.05383231879602199 -0.028374415659075492 -0.025222719769423193 0.17619054464936915 -0.09533322948237913 0.10715606848257735 1.1824136289162888 -0.9968623087098123 -1.0338621042184097 0.2091500411216484 -0.03678490715248475 0.06202274869511588 0.3881058805610673 -0.24808462771806014 -0.911205422314906 5.650767882962456e-05 0.043192161637243806 0.005480448963673165 -0.007092907517318508 -0.053049966003211824 -0.010295141964797302
0.72811439658 0.07463302146 -0.42082692156 -0.1936821924 0.05095847502 -0.05640614081999999 -0.043639877339999994 0.02628505494 0.0237994731 0.02394328716 -0.18442197 0.05022213624 -0.00817851402 0.1077431733 0.02176853796 1.81138692312 -7.427459527019999 -0.6656891112 -0.07070579136 -0.018793502639999998 0.0507585384 -0.03338320968 -0.018793502639999998 -0.04817717046 0.038090489400000004 0.08004048407999999 -0.16715349 -0.00427206006 0.08004048407999999 0.07799524848 -1.24710021522 1.82280030912 0.73240696296 0.00335871936 0.0462862719 -0.00862506612 0.09511910495999999 0.11637444527999999 0.08903088648 -0.028084754339999997 0.11637444527999999 -0.03769871076 -0.11022335873999999 0.10283703624 -0.03993443928 -0.03323130102 0.04522776804 0.02795254254 -1.0844322129000001 0.27974047194 -0.36674554986 0.7213273443 0.27974047194 -0.16236634356 -0.15768442691999998 0.1592706987 -0.0604747566 0.60528261906 0.9987228106199999 0.54266980878 0.38434374990000003 0.21911731434 0.54154465938 -0.02245415058 0.038716741619999995 -0.02146445082 0.04437621612 -0.03932059878 -0.0017740664999999999 0.054220329 0.28666783062 -0.39151475604 -0.38646835169920885 1.6305254911562146 -0.9929875532959809 -0.08248807902504497 -0.007443891832302514 0.002365363682840059 0.2006627469379989 -0.017049003409138064 0.14549533474427698 -1.1008209180417132 0.9865623914482123 0.9781160852287845 0.030231608173849137 -0.0393341197622212 0.043208477234652355 -0.16681743290885526 0.1872684373483768 0.21412709421405768 -0.07903116208143265 0.08536877682115519 -0.07542820064394377 0.018835760296074783 0.09622819969144833 -0.02969597904916833
-0.9227253094200001 -0.4278157992 0.40116540798 0.22742102483999999 -0.1226304918 0.04187498472 -0.00814370724 -0.0237994731 -0.0218311362 0.05474566854 -0.05022213624 1.69389461358 -0.06074430678 0.02176853796 0.06205239414 2.7589521315599996 -0.6656891112 -9.90999105192 -0.05057479098 0.04817717046 0.12690956718000002 -0.11704494797999998 -0.0507585384 0.12690956718000002 -0.06578157636 -0.07799524848 0.06468340896 -0.04259027754 0.16715349 0.06468340896 -0.4592161017 0.73240696296 -0.00534567384 0.01898237664 -0.00862506612 0.06688999692 -0.008523343979999999 -0.03769871076 0.016430419079999998 -0.03468023442 0.08903088648 0.016430419079999998 0.03207134484 0.03993443928 0.2725640694 0.032080788539999995 -0.02795254254 -0.039609575999999994 0.78146725428 -0.16236634356 0.12698241858 -0.7827586127999999 -0.36674554986 0.12698241858 -0.12744758826 -0.02076615666 6.20586e-05 0.39303087461999997 0.8664597448199999 0.38459360321999997 0.68109124626 0.28985440482 0.8199195722999999 -0.17042694624000002 0.02615581116 0.04245185988 0.00313018182 -0.00290434248 -0.00676060992 -0.06848733132 -0.37615417326 0.30044780783999997 0.38728970274923946 -1.1815847169796543 1.0473137173696618 -0.015571446990163443 -0.02626413241376916 0.012364039304481938 -0.06280231589812457 -0.005630472871551816 0.06233990799108215 -1.2875179115393907 1.0700313960247716 1.2223864446258448 0.13254433187448733 0.019447794169595644 0.12441916436502765 -1.21602535134351 0.3823090681842283 2.7244142700062937 0.05071206027698616 -0.10869291817018303 0.07014751826317533 -0.012625088863018793 -0.013159524163498977 0.08334405097689371
-0.06553846853999999 -0.10574974313999999 -0.0841271778 0.05218237854 0.01892328606 -0.00391859586 1.9670498586 0.7213273443 0.7827586127999999 1.9670498586 -1.0844322129000001 -0.78146725428 0.03023090262 -0.03338320968 -0.11704494797999998 0.03023090262 -0.07070579136 -0.05057479098 -8.66835550116 -1.81138692312 2.7589521315599996 0.07454640924 0.00817851402 -0.06074430678 0.08777703294 -0.00335871936 0.01898237664 0.37578155183999995 1.24710021522 -0.4592161017 -0.03826155528 -0.00427206006 -0.04259027754 -0.03826155528 0.038090489400000004 -0.06578157636 -0.05428454616 0.03323130102 -0.032080788539999995 0.12452058089999998 0.11022335873999999 -0.03207134484 -0.02464104168 -0.028084754339999997 0.03468023442 -0.02464104168 0.09511910495999999 0.008523343979999999 -0.16155526463999997 -0.02394328716 -0.05474566854 0.10709425619999999 0.043639877339999994 0.00814370724 0.28841815296 -0.09658989377999999 0.44886553667999995 0.15018262146 0.09200214431999999 -0.09332480196 0.08478364986 -0.46422207215999994 0.24022371402 0.20096760222 0.08589935556 -0.03380277978 1.18458238158 -0.67637344356 -0.98375076864 0.27648266526 0.25789881276 0.19828370268 -0.007092907517318508 0.053049966003211824 -0.010295141964797302 5.650767882962456e-05 -0.043192161637243806 0.005480448963673165 0.2091500411216484 0.03678490715248475 0.06202274869511588 0.3881058805610673 0.24808462771806014 -0.911205422314906 1.1824136289162888 0.9968623087098123 -1.0338621042184097 0.17619054464936915 0.09533322948237913 0.10715606848257735 0.252303602443072 0.22897229814884038 0.18217558330850686 -0.05383231879602199 0.028374415659075492 -0.025222719769423193
-0.054220329 0.28666783062 0.39151475604 -0.04437621612 -0.03932059878 0.0017740664999999999 1.0844322129000001 0.27974047194 0.36674554986 -0.7213273443 0.27974047194 0.16236634356 0.07070579136 -0.018793502639999998 -0.0507585384 0.03338320968 -0.018793502639999998 0.04817717046 -1.81138692312 -7.427459527019999 0.6656891112 0.00817851402 0.1077431733 -0.02176853796 -0.00335871936 0.0462862719 0.00862506612 1.24710021522 1.82280030912 -0.73240696296 -0.038090489400000004 0.08004048407999999 0.16715349 0.00427206006 0.08004048407999999 -0.07799524848 0.03323130102 0.04522776804 -0.02795254254 0.11022335873999999 0.10283703624 0.03993443928 -0.09511910495999999 0.11637444527999999 -0.08903088648 0.028084754339999997 0.11637444527999999 0.03769871076 -0.02394328716 -0.18442197 -0.05022213624 0.043639877339999994 0.02628505494 -0.0237994731 -0.38434374990000003 0.21911731434 -0.54154465938 0.02245415058 0.038716741619999995 0.02146445082 -0.60528261906 0.9987228106199999 -0.54266980878 0.15768442691999998 0.1592706987 0.0604747566 -0.72811439658 0.07463302146 0.42082692156 0.1936821924 0.05095847502 0.05640614081999999 -0.018835760296074783 0.09622819969144833 0.02969597904916833 0.07903116208143265 0.08536877682115519 0.07542820064394377 -0.030231608173849137 -0.0393341197622212 -0.043208477234652355 0.16681743290885526 0.1872684373483768 -0.21412709421405768 1.1008209180417132 0.9865623914482123 -0.9781160852287845 -0.2006627469379989 -0.017049003409138064 -0.14549533474427698 0.38646835169920885 1.6305254911562146 0.9929875532959809 0.08248807902504497 -0.007443891832302514 -0.002365363682840059
-0.06848733132 0.37615417326 0.30044780783999997 0.00313018182 0.00290434248 -0.00676060992 0.78146725428 0.16236634356 0.12698241858 -0.7827586127999999 0.36674554986 0.12698241858 -0.05057479098 -0.04817717046 0.12690956718000002 -0.11704494797999998 0.0507585384 0.12690956718000002 2.7589521315599996 0.6656891112 -9.90999105192 -0.06074430678 -0.02176853796 0.06205239414 0.01898237664 0.00862506612 0.06688999692 -0.4592161017 -0.73240696296 -0.00534567384 -0.06578157636 0.07799524848 0.06468340896 -0.04259027754 -0.16715349 0.06468340896 0.032080788539999995 0.02795254254 -0.039609575999999994 0.03207134484 -0.03993443928 0.2725640694 -0.008523343979999999 0.03769871076 0.016430419079999998 -0.03468023442 -0.08903088648 0.016430419079999998 0.05474566854 0.05022213624 1.69389461358 -0.00814370724 0.0237994731 -0.0218311362 0.68109124626 -0.28985440482 0.8199195722999999 -0.17042694624000002 -0.02615581116 0.04245185988 0.39303087461999997 -0.8664597448199999 0.38459360321999997 -0.12744758826 0.02076615666 6.20586e-05 -0.9227253094200001 0.4278157992 0.40116540798 0.22742102483999999 0.1226304918 0.04187498472 -0.012625088863018793 0.013159524163498977 0.08334405097689371 0.05071206027698616 0.10869291817018303 0.07014751826317533 0.13254433187448733 -0.019447794169595644 0.12441916436502765 -1.21602535134351 -0.3823090681842283 2.7244142700062937 -1.2875179115393907 -1.0700313960247716 1.2223864446258448 -0.06280231589812457 0.005630472871551816 0.06233990799108215 0.38728970274923946 1.1815847169796543 1.0473137173696618 -0.015571446990163443 0.02626413241376916 0.012364039304481938
0.05218237854 0.01892328606 -0.00391859586 -0.06553846853999999 -0.10574974313999999 -0.0841271778 1.9670498586 -1.0844322129000001 -0.78146725428 1.9670498586 0.7213273443 0.7827586127999999 0.03023090262 -0.07070579136 -0.05057479098 0.03023090262 -0.03338320968 -0.11704494797999998 0.07454640924 0.00817851402 -0.06074430678 -8.66835550116 -1.81138692312 2.7589521315599996 0.37578155183999995 1.24710021522 -0.4592161017 0.08777703294 -0.00335871936 0.01898237664 -0.03826155528 0.038090489400000004 -0.06578157636 -0.03826155528 -0.00427206006 -0.04259027754 0.12452058089999998 0.11022335873999999 -0.03207134484 -0.05428454616 0.03323130102 -0.032080788539999995 -0.02464104168 0.09511910495999999 0.008523343979999999 -0.02464104168 -0.028084754339999997 0.03468023442 0.10709425619999999 0.043639877339999994 0.00814370724 -0.16155526463999997 -0.02394328716 -0.05474566854 0.15018262146 0.09200214431999999 -0.09332480196 0.28841815296 -0.09658989377999999 0.44886553667999995 0.20096760222 0.08589935556 -0.03380277978 0.08478364986 -0.46422207215999994 0.24022371402 0.27648266526 0.25789881276 0.19828370268 1.18458238158 -0.67637344356 -0.98375076864 5.650767882962456e-05 -0.043192161637243806 0.005480448963673165 -0.007092907517318508 0.053049966003211824 -0.010295141964797302 0.3881058805610673 0.24808462771806014 -0.911205422314906 0.2091500411216484 0.03678490715248475 0.06202274869511588 0.17619054464936915 0.09533322948237913 0.10715606848257735 1.1824136289162888 0.9968623087098123 -1.0338621042184097 -0.05383231879602199 0.028374415659075492 -0.025222719769423193 0.252303602443072 0.22897229814884038 0.18217558330850686
-0.04437621612 -0.03932059878 0.0017740664999999999 -0.054220329 0.28666783062 0.39151475604 -0.7213273443 0.27974047194 0.16236634356 1.0844322129000001 0.27974047194 0.36674554986 0.03338320968 -0.018793502639999998 0.04817717046 0.07070579136 -0.018793502639999998 -0.0507585384 0.00817851402 0.1077431733 -0.02176853796 -1.81138692312 -7.427459527019999 0.6656891112 1.24710021522 1.82280030912 -0.73240696296 -0.00335871936 0.0462862719 0.00862506612 0.00427206006 0.08004048407999999 -0.07799524848 -0.038090489400000004 0.08004048407999999 0.16715349 0.11022335873999999 0.10283703624 0.03993443928 0.03323130102 0.04522776804 -0.02795254254 0.028084754339999997 0.11637444527999999 0.03769871076 -0.09511910495999999 0.11637444527999999 -0.08903088648 0.043639877339999994 0.02628505494 -0.0237994731 -0.02394328716 -0.18442197 -0.05022213624 0.02245415058 0.038716741619999995 0.02146445082 -0.38434374990000003 0.21911731434 -0.54154465938 0.15768442691999998 0.1592706987 0.0604747566 -0.60528261906 0.9987228106199999 -0.54266980878 0.1936821924 0.05095847502 0.05640614081999999 -0.72811439658 0.07463302146 0.42082692156 0.07903116208143265 0.08536877682115519 0.07542820064394377 -0.018835760296074783 0.09622819969144833 0.02969597904916833 0.16681743290885526 0.1872684373483768 -0.21412709421405768 -0.030231608173849137 -0.0393341197622212 -0.043208477234652355 -0.2006627469379989 -0.017049003409138064 -0.14549533474427698 1.1008209180417132 0.9865623914482123 -0.9781160852287845 0.08248807902504497 -0.007443891832302514 -0.002365363682840059 0.38646835169920885 1.6305254911562146 0.9929875532959809
0.00313018182 0.00290434248 -0.00676060992 -0.06848733132 0.37615417326 0.30044780783999997 -0.7827586127999999 0.36674554986 0.12698241858 0.78146725428 0.16236634356 0.12698241858 -0.11704494797999998 0.0507585384 0.12690956718000002 -0.05057479098 -0.04817717046 0.12690956718000002 -0.06074430678 -0.02176853796 0.06205239414 2.7589521315599996 0.6656891112 -9.90999105192 -0.4592161017 -0.73240696296 -0.00534567384 0.01898237664 0.00862506612 0.06688999692 -0.04259027754 -0.16715349 0.06468340896 -0.06578157636 0.07799524848 0.06468340896 0.03207134484 -0.03993443928 0.2725640694 0.032080788539999995 0.02795254254 -0.039609575999999994 -0.03468023442 -0.08903088648 0.016430419079999998 -0.008523343979999999 0.03769871076 0.016430419079999998 -0.00814370724 0.0237994731 -0.0218311362 0.05474566854 0.05022213624 1.69389461358 -0.17042694624000002 -0.02615581116 0.04245185988 0.68109124626 -0.28985440482 0.8199195722999999 -0.12744758826 0.02076615666 6.20586e-05 0.39303087461999997 -0.8664597448199999 0.38459360321999997 0.22742102483999999 0.1226304918 0.04187498472 -0.9227253094200001 0.4278157992 0.40116540798 0.05071206027698616 0.10869291817018303 0.07014751826317533 -0.012625088863018793 0.013159524163498977 0.08334405097689371 -1.21602535134351 -0.3823090681842283 2.7244142700062937 0.13254433187448733 -0.019447794169595644 0.12441916436502765 -0.06280231589812457 0.005630472871551816 0.06233990799108215 -1.2875179115393907 -1.0700313960247716 1.2223864446258448 -0.015571446990163443 0.02626413241376916 0.012364039304481938 0.38728970274923946 1.1815847169796543 1.0473137173696618
