4.988692 0.000000 0.000000
0.000000 6.814512 0.000000
0.000000 0.000000 7.582882
0.000000 0.000000 7.582882
-4.988692 6.814512 0.000000
-4.988692 -6.814512 0.000000
32 2
direct
0.250000 0.044123 0.039534 Al
0.250000 0.544123 0.539533 Al
0.444700 0.403944 0.235021 Al
0.444700 0.903945 0.735020 Al
0.055300 0.403944 0.235021 Al
0.055300 0.903945 0.735020 Al
0.555300 0.235020 0.903944 Al
0.555300 0.735020 0.403944 Al
0.444700 0.764979 0.096056 Al
0.444700 0.264979 0.596055 Al
0.944700 0.596055 0.764979 Al
0.944700 0.096055 0.264979 Al
0.055300 0.764979 0.096056 Al
0.055300 0.264979 0.596055 Al
0.555300 0.596055 0.764979 Al
0.555300 0.096055 0.264979 Al
0.944700 0.235020 0.903944 Al
0.944700 0.735020 0.403944 Al
0.250000 0.460467 0.955878 Al
0.250000 0.960467 0.455877 Al
0.750000 0.955877 0.960466 Al
0.750000 0.455878 0.460466 Al
0.750000 0.539533 0.044123 Al
0.750000 0.039533 0.544122 Al
0.250000 0.711200 0.844079 Ni
0.250000 0.211200 0.344079 Ni
0.250000 0.655921 0.288800 Ni
0.250000 0.155921 0.788800 Ni
0.750000 0.288800 0.155921 Ni
0.750000 0.788800 0.655921 Ni
0.750000 0.344079 0.711200 Ni
0.750000 0.844079 0.211200 Ni
-4.58738736156 -1.4344556682599998 0.0 0.2832044211 0.03237408288 -0.0 0.13095902573999998 -0.11611137078000001 -0.14868916776 0.74995713504 0.4622030091 0.6235596862199999 0.13095902573999998 -0.11611137078000001 0.14868916776 0.74995713504 0.4622030091 -0.6235596862199999 -0.053769729599999996 0.00513818226 -0.02094315858 0.04266690642 -0.04209974478 0.0059980986000000005 0.06950374326 -0.3805123059 0.24922382994 0.13140746658 0.12281342976 -0.11363172497999999 0.11932141932 -0.03209805702 -0.13855256999999999 0.20638234998 0.2581759179 0.4677275736 0.06950374326 -0.3805123059 -0.24922382994 0.13140746658 0.12281342976 0.11363172497999999 0.11932141932 -0.03209805702 0.13855256999999999 0.20638234998 0.2581759179 -0.4677275736 -0.053769729599999996 0.00513818226 0.02094315858 0.04266690642 -0.04209974478 -0.0059980986000000005 0.06953881985999999 -0.13858252002 0.0 0.06953881985999999 0.08150614632 0.0 0.09523809557999999 0.00543660318 0.0 -0.037259713619999996 0.04621692816 -0.0 0.03384649062 0.02052709614 -0.0 0.03384649062 -0.0429243147 0.0 -0.30926413858613394 0.1598092869097812 0.0 1.0489970094925443 0.2453678817788359 -0.0 0.01631002622895065 0.07240305011955782 -0.0 0.3255833174672894 0.32758376888613816 -0.0 0.07918118598931131 0.04868852825692531 0.0 -0.005163289667706892 -0.06301760219563743 -0.0 0.076647493094183 0.013403064300426653 0.0 -0.010964479399948207 0.04046705892861515 0.0
-1.4344556682599998 -4.24237986 -0.0 0.03237408288 0.02185218216 0.0 -0.14420475936000002 0.06912572544 0.0582258069 0.43857595098 0.00943128828 0.27994553514000003 -0.14420475936000002 0.06912572544 -0.0582258069 0.43857595098 0.00943128828 -0.27994553514000003 -0.07721384976 0.1728777213 0.205481421 0.014667145380000001 -0.0120771432 0.0096123375 -0.21281809661999998 0.5679044544599999 -0.50608302624 0.034055870939999996 0.09692528004 0.01886689368 -0.06802890714 0.0088838235 0.00601239906 0.02784218616 0.1436724045 0.11907129618000001 -0.21281809661999998 0.5679044544599999 0.50608302624 0.034055870939999996 0.09692528004 -0.01886689368 -0.06802890714 0.0088838235 -0.00601239906 0.02784218616 0.1436724045 -0.11907129618000001 -0.07721384976 0.1728777213 -0.205481421 0.014667145380000001 -0.0120771432 -0.0096123375 -0.08150614632 0.15641897112 0.0 0.13858252002 0.15641897112 0.0 0.00543660318 -0.059268661199999996 0.0 0.04621692816 0.033994351980000004 -0.0 0.0429243147 -0.02389175154 0.0 -0.02052709614 -0.02389175154 0.0 0.03864010996025735 0.12710526881643586 -0.0 0.7335484636057681 0.49545574650554625 0.0 0.005764579123422122 0.16127649685235035 0.0 0.20572257184165155 1.151661513390967 0.0 -0.016547995186275404 0.013163503577501063 0.0 -0.021469734424055666 -0.012715023619465943 0.0 0.057356089894869344 -0.07596144212022334 0.0 0.017273840300255933 0.09265190032777341 0.0
0.0 -0.0 -2.86981739208 -0.0 0.0 0.057794904359999996 -0.09910245762 0.034771163759999994 0.0198304209 0.6514088876999999 0.24395667372 0.24589155294 0.09910245762 -0.034771163759999994 0.0198304209 -0.6514088876999999 -0.24395667372 0.24589155294 -0.09056886048 0.21583063692 0.13804854624 -0.0045950346 -0.0005504328000000001 0.00320869944 0.11734795583999999 -0.25059883266 0.22527730493999998 -0.016997580720000002 0.03864335058 -0.0052291116 -0.0692776341 -0.02382726456 0.03523390506 0.24383147723999998 0.3062848239 0.53464131468 -0.11734795583999999 0.25059883266 0.22527730493999998 0.016997580720000002 -0.03864335058 -0.0052291116 0.0692776341 0.02382726456 0.03523390506 -0.24383147723999998 -0.3062848239 0.53464131468 0.09056886048 -0.21583063692 0.13804854624 0.0045950346 0.0005504328000000001 0.00320869944 0.0 -0.0 -0.07831066805999999 0.0 0.0 -0.07831066805999999 0.0 0.0 -0.03999164112 -0.0 -0.0 -0.06571250244 0.0 0.0 0.056014901820000004 -0.0 0.0 0.056014901820000004 -0.0 0.0 0.10232784547384612 0.0 0.0 0.0278996715686266 0.0 0.0 0.03615138444335263 -0.0 0.0 0.1418545688737683 0.0 -0.0 0.1656988196328688 0.0 0.0 -0.06688957201966735 -0.0 0.0 -0.02421115273009287 -0.0 -0.0 0.22663996360221764
0.2832044211 0.03237408288 -0.0 -4.58738736156 -1.4344556682599998 0.0 0.74995713504 0.4622030091 0.6235596862199999 0.13095902573999998 -0.11611137078000001 -0.14868916776 0.74995713504 0.4622030091 -0.6235596862199999 0.13095902573999998 -0.11611137078000001 0.14868916776 0.04266690642 -0.04209974478 0.0059980986000000005 -0.053769729599999996 0.00513818226 -0.02094315858 0.13140746658 0.12281342976 -0.11363172497999999 0.06950374326 -0.3805123059 0.24922382994 0.20638234998 0.2581759179 0.4677275736 0.11932141932 -0.03209805702 -0.13855256999999999 0.13140746658 0.12281342976 0.11363172497999999 0.06950374326 -0.3805123059 -0.24922382994 0.20638234998 0.2581759179 -0.4677275736 0.11932141932 -0.03209805702 0.13855256999999999 0.04266690642 -0.04209974478 -0.0059980986000000005 -0.053769729599999996 0.00513818226 0.02094315858 0.06953881985999999 0.08150614632 0.0 0.06953881985999999 -0.13858252002 0.0 -0.037259713619999996 0.04621692816 -0.0 0.09523809557999999 0.00543660318 0.0 0.03384649062 -0.0429243147 0.0 0.03384649062 0.02052709614 -0.0 1.0489970094925443 0.2453678817788359 -0.0 -0.30926413858613394 0.1598092869097812 0.0 0.3255833174672894 0.32758376888613816 -0.0 0.01631002622895065 0.07240305011955782 -0.0 -0.005163289667706892 -0.06301760219563743 -0.0 0.07918118598931131 0.04868852825692531 0.0 -0.010964479399948207 0.04046705892861515 0.0 0.076647493094183 0.013403064300426653 0.0
0.03237408288 0.02185218216 0.0 -1.4344556682599998 -4.24237986 -0.0 0.43857595098 0.00943128828 0.27994553514000003 -0.14420475936000002 0.06912572544 0.0582258069 0.43857595098 0.00943128828 -0.27994553514000003 -0.14420475936000002 0.06912572544 -0.0582258069 0.014667145380000001 -0.0120771432 0.0096123375 -0.07721384976 0.1728777213 0.205481421 0.034055870939999996 0.09692528004 0.01886689368 -0.21281809661999998 0.5679044544599999 -0.50608302624 0.02784218616 0.1436724045 0.11907129618000001 -0.06802890714 0.0088838235 0.00601239906 0.034055870939999996 0.09692528004 -0.01886689368 -0.21281809661999998 0.5679044544599999 0.50608302624 0.02784218616 0.1436724045 -0.11907129618000001 -0.06802890714 0.0088838235 -0.00601239906 0.014667145380000001 -0.0120771432 -0.0096123375 -0.07721384976 0.1728777213 -0.205481421 0.13858252002 0.15641897112 0.0 -0.08150614632 0.15641897112 0.0 0.04621692816 0.033994351980000004 -0.0 0.00543660318 -0.059268661199999996 0.0 -0.02052709614 -0.02389175154 0.0 0.0429243147 -0.02389175154 0.0 0.7335484636057681 0.49545574650554625 0.0 0.03864010996025735 0.12710526881643586 -0.0 0.20572257184165155 1.151661513390967 0.0 0.005764579123422122 0.16127649685235035 0.0 -0.021469734424055666 -0.012715023619465943 0.0 -0.016547995186275404 0.013163503577501063 0.0 0.017273840300255933 0.09265190032777341 0.0 0.057356089894869344 -0.07596144212022334 0.0
-0.0 0.0 0.057794904359999996 0.0 -0.0 -2.86981739208 0.6514088876999999 0.24395667372 0.24589155294 -0.09910245762 0.034771163759999994 0.0198304209 -0.6514088876999999 -0.24395667372 0.24589155294 0.09910245762 -0.034771163759999994 0.0198304209 -0.0045950346 -0.0005504328000000001 0.00320869944 -0.09056886048 0.21583063692 0.13804854624 -0.016997580720000002 0.03864335058 -0.0052291116 0.11734795583999999 -0.25059883266 0.22527730493999998 0.24383147723999998 0.3062848239 0.53464131468 -0.0692776341 -0.02382726456 0.03523390506 0.016997580720000002 -0.03864335058 -0.0052291116 -0.11734795583999999 0.25059883266 0.22527730493999998 -0.24383147723999998 -0.3062848239 0.53464131468 0.0692776341 0.02382726456 0.03523390506 0.0045950346 0.0005504328000000001 0.00320869944 0.09056886048 -0.21583063692 0.13804854624 0.0 0.0 -0.07831066805999999 0.0 -0.0 -0.07831066805999999 -0.0 -0.0 -0.06571250244 0.0 0.0 -0.03999164112 -0.0 0.0 0.056014901820000004 0.0 0.0 0.056014901820000004 0.0 0.0 0.0278996715686266 -0.0 0.0 0.10232784547384612 -0.0 0.0 0.1418545688737683 0.0 0.0 0.03615138444335263 0.0 0.0 -0.06688957201966735 0.0 -0.0 0.1656988196328688 -0.0 -0.0 0.22663996360221764 -0.0 0.0 -0.02421115273009287
0.13095902573999998 -0.14420475936000002 -0.09910245762 0.74995713504 0.43857595098 0.6514088876999999 -5.10742790658 1.1145387285000001 -1.6080095584799998 -0.011325154859999999 -0.032462583839999996 0.02720756952 -0.05210008344 0.00444366558 0.0450558927 0.06512699304 -0.04819147091999999 0.0020061117 1.03274630316 0.5797120474799999 0.37339877142 1.03274630316 -0.34889965506000004 -0.42678886428 -0.03600289206 -0.0155227446 -0.00306272682 -0.03600289206 -0.00025012314 -0.05415233435999999 -0.05146249878 -0.036492075719999996 0.03820705164 0.09441595404 -0.06685006356 0.03653821494 -0.01941273954 -0.00052102242 0.04809163752 -0.01941273954 -0.02483720082 0.04615756776 0.06055003637999999 0.00106902684 -0.02691913194 0.28514928366 -0.82222410492 0.32141983716 0.01869232014 0.0390793797 0.04708359 0.01869232014 0.037787751359999996 0.07778424923999999 0.06950374326 0.21281809661999998 -0.11734795583999999 0.13140746658 -0.034055870939999996 0.016997580720000002 0.11932141932 -0.06802890714 0.0692776341 0.20638234998 0.02784218616 -0.24383147723999998 -0.053769729599999996 0.07721384976 0.09056886048 0.04266690642 -0.014667145380000001 0.0045950346 -0.023690247437219782 -0.03154720244293885 0.03424604101915373 0.28934756944709256 -0.05350043566824799 -0.05286651501771565 0.6578500607510827 -0.45840262684932087 0.4496168766155149 0.15179235946117825 -0.06619874574890518 -0.0896052609677762 0.24268456291722912 -0.1706034473904401 0.3908512782811066 0.14850297584705377 -0.026939041028522986 -0.02885592475332793 -0.020148171033962825 -0.05271330757863533 0.0011114503307826857 -0.0038305839184082113 0.058665715042955924 -0.006379398586744445
-0.11611137078000001 0.06912572544 0.034771163759999994 0.4622030091 0.00943128828 0.24395667372 1.1145387285000001 -4.41441952038 0.59483950578 -0.032462583839999996 0.08001485118 -0.05457972923999999 0.00444366558 -0.11829313529999999 -0.05420306052 -0.04819147091999999 0.02196631602 0.00967493574 0.34889965506000004 0.19591117542 0.00574824528 -0.5797120474799999 0.19591117542 0.22230038088 0.00025012314 0.07227965142 0.047048243579999996 0.0155227446 0.07227965142 -0.07473042648 -0.036492075719999996 0.015584263559999999 -0.0037329597 -0.06685006356 0.08501218740000001 0.00035643222 0.02483720082 0.058163478479999996 -0.07415948736 0.00052102242 0.058163478479999996 0.1236558078 0.00106902684 0.02624620086 -0.0196253577 -0.82222410492 1.19515878594 -0.46011568157999994 -0.037787751359999996 -0.00804522294 0.07245098711999999 -0.0390793797 -0.00804522294 -0.0343669734 0.3805123059 0.5679044544599999 -0.25059883266 -0.12281342976 0.09692528004 0.03864335058 -0.03209805702 0.0088838235 0.02382726456 0.2581759179 0.1436724045 -0.3062848239 -0.00513818226 0.1728777213 0.21583063692 0.04209974478 -0.0120771432 -0.0005504328000000001 -0.07070503416486762 -0.013547119087302176 0.003406378385785818 -0.18869903668212684 0.7077507185130434 0.28078625816300423 -0.5575389822934939 0.616851750053189 -0.4443107259851331 0.13042887539097828 -0.008822758784025395 -0.10156300210264514 -0.11230184872867505 0.24496476714042456 -0.060285336541805026 0.009100123939970806 -0.02356330413055323 -0.022478117932184318 -0.006057463993975669 0.028241105290005602 0.004347907738679422 -0.059734983585316495 0.05262496458778902 0.043018261245352636
-0.14868916776 0.0582258069 0.0198304209 0.6235596862199999 0.27994553514000003 0.24589155294 -1.6080095584799998 0.59483950578 -5.93829461592 0.02720756952 -0.05457972923999999 0.0745634079 -0.0450558927 0.05420306052 1.12054330278 -0.0020061117 -0.00967493574 -0.02098012392 0.42678886428 0.22230038088 0.1094052645 -0.37339877142 0.00574824528 0.1094052645 0.05415233435999999 -0.07473042648 0.020504161439999998 0.00306272682 0.047048243579999996 0.020504161439999998 -0.03820705164 0.0037329597 -0.02136461742 -0.03653821494 -0.00035643222 0.23148316494 0.04615756776 -0.1236558078 0.05034328542 0.04809163752 0.07415948736 0.05034328542 -0.02691913194 -0.0196253577 0.06230386638 0.32141983716 -0.46011568157999994 -0.0005679710999999999 0.07778424923999999 0.0343669734 0.08953329132 0.04708359 -0.07245098711999999 0.08953329132 -0.24922382994 -0.50608302624 0.22527730493999998 0.11363172497999999 0.01886689368 -0.0052291116 0.13855256999999999 -0.00601239906 0.03523390506 -0.4677275736 -0.11907129618000001 0.53464131468 0.02094315858 0.205481421 0.13804854624 -0.0059980986000000005 0.0096123375 0.00320869944 0.005406033921834152 0.02940985918241833 -0.00253846819193081 -0.2174662205032082 0.3939341303085228 0.5263248568025296 0.7060192754807357 -0.5535790674200178 0.7119322867464357 0.03558670559645659 -0.004991378982816767 0.040771882041174955 0.5781833862535168 -0.14769953216003254 1.3740084851677339 -0.10297489819058533 -0.0189750397861478 0.08471774469041389 -0.004367804808689853 -0.0023100498282110603 0.03884823331256647 -0.0365517134919625 0.08360828406663225 0.03645740138011306
0.74995713504 0.43857595098 0.6514088876999999 0.13095902573999998 -0.14420475936000002 -0.09910245762 -0.011325154859999999 -0.032462583839999996 0.02720756952 -5.10742790658 1.1145387285000001 -1.6080095584799998 0.06512699304 -0.04819147091999999 0.0020061117 -0.05210008344 0.00444366558 0.0450558927 1.03274630316 -0.34889965506000004 -0.42678886428 1.03274630316 0.5797120474799999 0.37339877142 -0.03600289206 -0.00025012314 -0.05415233435999999 -0.03600289206 -0.0155227446 -0.00306272682 0.09441595404 -0.06685006356 0.03653821494 -0.05146249878 -0.036492075719999996 0.03820705164 -0.01941273954 -0.02483720082 0.04615756776 -0.01941273954 -0.00052102242 0.04809163752 0.28514928366 -0.82222410492 0.32141983716 0.06055003637999999 0.00106902684 -0.02691913194 0.01869232014 0.037787751359999996 0.07778424923999999 0.01869232014 0.0390793797 0.04708359 0.13140746658 -0.034055870939999996 0.016997580720000002 0.06950374326 0.21281809661999998 -0.11734795583999999 0.20638234998 0.02784218616 -0.24383147723999998 0.11932141932 -0.06802890714 0.0692776341 0.04266690642 -0.014667145380000001 0.0045950346 -0.053769729599999996 0.07721384976 0.09056886048 0.28934756944709256 -0.05350043566824799 -0.05286651501771565 -0.023690247437219782 -0.03154720244293885 0.03424604101915373 0.15179235946117825 -0.06619874574890518 -0.0896052609677762 0.6578500607510827 -0.45840262684932087 0.4496168766155149 0.14850297584705377 -0.026939041028522986 -0.02885592475332793 0.24268456291722912 -0.1706034473904401 0.3908512782811066 -0.0038305839184082113 0.058665715042955924 -0.006379398586744445 -0.020148171033962825 -0.05271330757863533 0.0011114503307826857
0.4622030091 0.00943128828 0.24395667372 -0.11611137078000001 0.06912572544 0.034771163759999994 -0.032462583839999996 0.08001485118 -0.05457972923999999 1.1145387285000001 -4.41441952038 0.59483950578 -0.04819147091999999 0.02196631602 0.00967493574 0.00444366558 -0.11829313529999999 -0.05420306052 -0.5797120474799999 0.19591117542 0.22230038088 0.34889965506000004 0.19591117542 0.00574824528 0.0155227446 0.07227965142 -0.07473042648 0.00025012314 0.07227965142 0.047048243579999996 -0.06685006356 0.08501218740000001 0.00035643222 -0.036492075719999996 0.015584263559999999 -0.0037329597 0.00052102242 0.058163478479999996 0.1236558078 0.02483720082 0.058163478479999996 -0.07415948736 -0.82222410492 1.19515878594 -0.46011568157999994 0.00106902684 0.02624620086 -0.0196253577 -0.0390793797 -0.00804522294 -0.0343669734 -0.037787751359999996 -0.00804522294 0.07245098711999999 -0.12281342976 0.09692528004 0.03864335058 0.3805123059 0.5679044544599999 -0.25059883266 0.2581759179 0.1436724045 -0.3062848239 -0.03209805702 0.0088838235 0.02382726456 0.04209974478 -0.0120771432 -0.0005504328000000001 -0.00513818226 0.1728777213 0.21583063692 -0.18869903668212684 0.7077507185130434 0.28078625816300423 -0.07070503416486762 -0.013547119087302176 0.003406378385785818 0.13042887539097828 -0.008822758784025395 -0.10156300210264514 -0.5575389822934939 0.616851750053189 -0.4443107259851331 0.009100123939970806 -0.02356330413055323 -0.022478117932184318 -0.11230184872867505 0.24496476714042456 -0.060285336541805026 -0.059734983585316495 0.05262496458778902 0.043018261245352636 -0.006057463993975669 0.028241105290005602 0.004347907738679422
0.6235596862199999 0.27994553514000003 0.24589155294 -0.14868916776 0.0582258069 0.0198304209 0.02720756952 -0.05457972923999999 0.0745634079 -1.6080095584799998 0.59483950578 -5.93829461592 -0.0020061117 -0.00967493574 -0.02098012392 -0.0450558927 0.05420306052 1.12054330278 -0.37339877142 0.00574824528 0.1094052645 0.42678886428 0.22230038088 0.1094052645 0.00306272682 0.047048243579999996 0.020504161439999998 0.05415233435999999 -0.07473042648 0.020504161439999998 -0.03653821494 -0.00035643222 0.23148316494 -0.03820705164 0.0037329597 -0.02136461742 0.04809163752 0.07415948736 0.05034328542 0.04615756776 -0.1236558078 0.05034328542 0.32141983716 -0.46011568157999994 -0.0005679710999999999 -0.02691913194 -0.0196253577 0.06230386638 0.04708359 -0.07245098711999999 0.08953329132 0.07778424923999999 0.0343669734 0.08953329132 0.11363172497999999 0.01886689368 -0.0052291116 -0.24922382994 -0.50608302624 0.22527730493999998 -0.4677275736 -0.11907129618000001 0.53464131468 0.13855256999999999 -0.00601239906 0.03523390506 -0.0059980986000000005 0.0096123375 0.00320869944 0.02094315858 0.205481421 0.13804854624 -0.2174662205032082 0.3939341303085228 0.5263248568025296 0.005406033921834152 0.02940985918241833 -0.00253846819193081 0.03558670559645659 -0.004991378982816767 0.040771882041174955 0.7060192754807357 -0.5535790674200178 0.7119322867464357 -0.10297489819058533 -0.0189750397861478 0.08471774469041389 0.5781833862535168 -0.14769953216003254 1.3740084851677339 -0.0365517134919625 0.08360828406663225 0.03645740138011306 -0.004367804808689853 -0.0023100498282110603 0.03884823331256647
0.13095902573999998 -0.14420475936000002 0.09910245762 0.74995713504 0.43857595098 -0.6514088876999999 -0.05210008344 0.00444366558 -0.0450558927 0.06512699304 -0.04819147091999999 -0.0020061117 -5.10742790658 1.1145387285000001 1.6080095584799998 -0.011325154859999999 -0.032462583839999996 -0.02720756952 0.01869232014 0.0390793797 -0.04708359 0.01869232014 0.037787751359999996 -0.07778424923999999 -0.01941273954 -0.00052102242 -0.04809163752 -0.01941273954 -0.02483720082 -0.04615756776 0.06055003637999999 0.00106902684 0.02691913194 0.28514928366 -0.82222410492 -0.32141983716 -0.03600289206 -0.0155227446 0.00306272682 -0.03600289206 -0.00025012314 0.05415233435999999 -0.05146249878 -0.036492075719999996 -0.03820705164 0.09441595404 -0.06685006356 -0.03653821494 1.03274630316 0.5797120474799999 -0.37339877142 1.03274630316 -0.34889965506000004 0.42678886428 0.06950374326 0.21281809661999998 0.11734795583999999 0.13140746658 -0.034055870939999996 -0.016997580720000002 0.11932141932 -0.06802890714 -0.0692776341 0.20638234998 0.02784218616 0.24383147723999998 -0.053769729599999996 0.07721384976 -0.09056886048 0.04266690642 -0.014667145380000001 -0.0045950346 -0.023690247437219782 -0.03154720244293885 -0.03424604101915373 0.28934756944709256 -0.05350043566824799 0.05286651501771565 0.6578500607510827 -0.45840262684932087 -0.4496168766155149 0.15179235946117825 -0.06619874574890518 0.0896052609677762 0.24268456291722912 -0.1706034473904401 -0.3908512782811066 0.14850297584705377 -0.026939041028522986 0.02885592475332793 -0.020148171033962825 -0.05271330757863533 -0.0011114503307826857 -0.0038305839184082113 0.058665715042955924 0.006379398586744445
-0.11611137078000001 0.06912572544 -0.034771163759999994 0.4622030091 0.00943128828 -0.24395667372 0.00444366558 -0.11829313529999999 0.05420306052 -0.04819147091999999 0.02196631602 -0.00967493574 1.1145387285000001 -4.41441952038 -0.59483950578 -0.032462583839999996 0.08001485118 0.05457972923999999 -0.037787751359999996 -0.00804522294 -0.07245098711999999 -0.0390793797 -0.00804522294 0.0343669734 0.02483720082 0.058163478479999996 0.07415948736 0.00052102242 0.058163478479999996 -0.1236558078 0.00106902684 0.02624620086 0.0196253577 -0.82222410492 1.19515878594 0.46011568157999994 0.00025012314 0.07227965142 -0.047048243579999996 0.0155227446 0.07227965142 0.07473042648 -0.036492075719999996 0.015584263559999999 0.0037329597 -0.06685006356 0.08501218740000001 -0.00035643222 0.34889965506000004 0.19591117542 -0.00574824528 -0.5797120474799999 0.19591117542 -0.22230038088 0.3805123059 0.5679044544599999 0.25059883266 -0.12281342976 0.09692528004 -0.03864335058 -0.03209805702 0.0088838235 -0.02382726456 0.2581759179 0.1436724045 0.3062848239 -0.00513818226 0.1728777213 -0.21583063692 0.04209974478 -0.0120771432 0.0005504328000000001 -0.07070503416486762 -0.013547119087302176 -0.003406378385785818 -0.18869903668212684 0.7077507185130434 -0.28078625816300423 -0.5575389822934939 0.616851750053189 0.4443107259851331 0.13042887539097828 -0.008822758784025395 0.10156300210264514 -0.11230184872867505 0.24496476714042456 0.060285336541805026 0.009100123939970806 -0.02356330413055323 0.022478117932184318 -0.006057463993975669 0.028241105290005602 -0.004347907738679422 -0.059734983585316495 0.05262496458778902 -0.043018261245352636
0.14868916776 -0.0582258069 0.0198304209 -0.6235596862199999 -0.27994553514000003 0.24589155294 0.0450558927 -0.05420306052 1.12054330278 0.0020061117 0.00967493574 -0.02098012392 1.6080095584799998 -0.59483950578 -5.93829461592 -0.02720756952 0.05457972923999999 0.0745634079 -0.07778424923999999 -0.0343669734 0.08953329132 -0.04708359 0.07245098711999999 0.08953329132 -0.04615756776 0.1236558078 0.05034328542 -0.04809163752 -0.07415948736 0.05034328542 0.02691913194 0.0196253577 0.06230386638 -0.32141983716 0.46011568157999994 -0.0005679710999999999 -0.05415233435999999 0.07473042648 0.020504161439999998 -0.00306272682 -0.047048243579999996 0.020504161439999998 0.03820705164 -0.0037329597 -0.02136461742 0.03653821494 0.00035643222 0.23148316494 -0.42678886428 -0.22230038088 0.1094052645 0.37339877142 -0.00574824528 0.1094052645 0.24922382994 0.50608302624 0.22527730493999998 -0.11363172497999999 -0.01886689368 -0.0052291116 -0.13855256999999999 0.00601239906 0.03523390506 0.4677275736 0.11907129618000001 0.53464131468 -0.02094315858 -0.205481421 0.13804854624 0.0059980986000000005 -0.0096123375 0.00320869944 -0.005406033921834152 -0.02940985918241833 -0.00253846819193081 0.2174662205032082 -0.3939341303085228 0.5263248568025296 -0.7060192754807357 0.5535790674200178 0.7119322867464357 -0.03558670559645659 0.004991378982816767 0.040771882041174955 -0.5781833862535168 0.14769953216003254 1.3740084851677339 0.10297489819058533 0.0189750397861478 0.08471774469041389 0.004367804808689853 0.0023100498282110603 0.03884823331256647 0.0365517134919625 -0.08360828406663225 0.03645740138011306
0.74995713504 0.43857595098 -0.6514088876999999 0.13095902573999998 -0.14420475936000002 0.09910245762 0.06512699304 -0.04819147091999999 -0.0020061117 -0.05210008344 0.00444366558 -0.0450558927 -0.011325154859999999 -0.032462583839999996 -0.02720756952 -5.10742790658 1.1145387285000001 1.6080095584799998 0.01869232014 0.037787751359999996 -0.07778424923999999 0.01869232014 0.0390793797 -0.04708359 -0.01941273954 -0.02483720082 -0.04615756776 -0.01941273954 -0.00052102242 -0.04809163752 0.28514928366 -0.82222410492 -0.32141983716 0.06055003637999999 0.00106902684 0.02691913194 -0.03600289206 -0.00025012314 0.05415233435999999 -0.03600289206 -0.0155227446 0.00306272682 0.09441595404 -0.06685006356 -0.03653821494 -0.05146249878 -0.036492075719999996 -0.03820705164 1.03274630316 -0.34889965506000004 0.42678886428 1.03274630316 0.5797120474799999 -0.37339877142 0.13140746658 -0.034055870939999996 -0.016997580720000002 0.06950374326 0.21281809661999998 0.11734795583999999 0.20638234998 0.02784218616 0.24383147723999998 0.11932141932 -0.06802890714 -0.0692776341 0.04266690642 -0.014667145380000001 -0.0045950346 -0.053769729599999996 0.07721384976 -0.09056886048 0.28934756944709256 -0.05350043566824799 0.05286651501771565 -0.023690247437219782 -0.03154720244293885 -0.03424604101915373 0.15179235946117825 -0.06619874574890518 0.0896052609677762 0.6578500607510827 -0.45840262684932087 -0.4496168766155149 0.14850297584705377 -0.026939041028522986 0.02885592475332793 0.24268456291722912 -0.1706034473904401 -0.3908512782811066 -0.0038305839184082113 0.058665715042955924 0.006379398586744445 -0.020148171033962825 -0.05271330757863533 -0.0011114503307826857
0.4622030091 0.00943128828 -0.24395667372 -0.11611137078000001 0.06912572544 -0.034771163759999994 -0.04819147091999999 0.02196631602 -0.00967493574 0.00444366558 -0.11829313529999999 0.05420306052 -0.032462583839999996 0.08001485118 0.05457972923999999 1.1145387285000001 -4.41441952038 -0.59483950578 -0.0390793797 -0.00804522294 0.0343669734 -0.037787751359999996 -0.00804522294 -0.07245098711999999 0.00052102242 0.058163478479999996 -0.1236558078 0.02483720082 0.058163478479999996 0.07415948736 -0.82222410492 1.19515878594 0.46011568157999994 0.00106902684 0.02624620086 0.0196253577 0.0155227446 0.07227965142 0.07473042648 0.00025012314 0.07227965142 -0.047048243579999996 -0.06685006356 0.08501218740000001 -0.00035643222 -0.036492075719999996 0.015584263559999999 0.0037329597 -0.5797120474799999 0.19591117542 -0.22230038088 0.34889965506000004 0.19591117542 -0.00574824528 -0.12281342976 0.09692528004 -0.03864335058 0.3805123059 0.5679044544599999 0.25059883266 0.2581759179 0.1436724045 0.3062848239 -0.03209805702 0.0088838235 -0.02382726456 0.04209974478 -0.0120771432 0.0005504328000000001 -0.00513818226 0.1728777213 -0.21583063692 -0.18869903668212684 0.7077507185130434 -0.28078625816300423 -0.07070503416486762 -0.013547119087302176 -0.003406378385785818 0.13042887539097828 -0.008822758784025395 0.10156300210264514 -0.5575389822934939 0.616851750053189 0.4443107259851331 0.009100123939970806 -0.02356330413055323 0.022478117932184318 -0.11230184872867505 0.24496476714042456 0.060285336541805026 -0.059734983585316495 0.05262496458778902 -0.043018261245352636 -0.006057463993975669 0.028241105290005602 -0.004347907738679422
-0.6235596862199999 -0.27994553514000003 0.24589155294 0.14868916776 -0.0582258069 0.0198304209 0.0020061117 0.00967493574 -0.02098012392 0.0450558927 -0.05420306052 1.12054330278 -0.02720756952 0.05457972923999999 0.0745634079 1.6080095584799998 -0.59483950578 -5.93829461592 -0.04708359 0.07245098711999999 0.08953329132 -0.07778424923999999 -0.0343669734 0.08953329132 -0.04809163752 -0.07415948736 0.05034328542 -0.04615756776 0.1236558078 0.05034328542 -0.32141983716 0.46011568157999994 -0.0005679710999999999 0.02691913194 0.0196253577 0.06230386638 -0.00306272682 -0.047048243579999996 0.020504161439999998 -0.05415233435999999 0.07473042648 0.020504161439999998 0.03653821494 0.00035643222 0.23148316494 0.03820705164 -0.0037329597 -0.02136461742 0.37339877142 -0.00574824528 0.1094052645 -0.42678886428 -0.22230038088 0.1094052645 -0.11363172497999999 -0.01886689368 -0.0052291116 0.24922382994 0.50608302624 0.22527730493999998 0.4677275736 0.11907129618000001 0.53464131468 -0.13855256999999999 0.00601239906 0.03523390506 0.0059980986000000005 -0.0096123375 0.00320869944 -0.02094315858 -0.205481421 0.13804854624 0.2174662205032082 -0.3939341303085228 0.5263248568025296 -0.005406033921834152 -0.02940985918241833 -0.00253846819193081 -0.03558670559645659 0.004991378982816767 0.040771882041174955 -0.7060192754807357 0.5535790674200178 0.7119322867464357 0.10297489819058533 0.0189750397861478 0.08471774469041389 -0.5781833862535168 0.14769953216003254 1.3740084851677339 0.0365517134919625 -0.08360828406663225 0.03645740138011306 0.004367804808689853 0.0023100498282110603 0.03884823331256647
-0.053769729599999996 -0.07721384976 -0.09056886048 0.04266690642 0.014667145380000001 -0.0045950346 1.03274630316 0.34889965506000004 0.42678886428 1.03274630316 -0.5797120474799999 -0.37339877142 0.01869232014 -0.037787751359999996 -0.07778424923999999 0.01869232014 -0.0390793797 -0.04708359 -5.10742790658 -1.1145387285000001 1.6080095584799998 -0.011325154859999999 0.032462583839999996 -0.02720756952 0.06055003637999999 -0.00106902684 0.02691913194 0.28514928366 0.82222410492 -0.32141983716 -0.01941273954 0.02483720082 -0.04615756776 -0.01941273954 0.00052102242 -0.04809163752 -0.05146249878 0.036492075719999996 -0.03820705164 0.09441595404 0.06685006356 -0.03653821494 -0.03600289206 0.00025012314 0.05415233435999999 -0.03600289206 0.0155227446 0.00306272682 -0.05210008344 -0.00444366558 -0.0450558927 0.06512699304 0.04819147091999999 -0.0020061117 0.20638234998 -0.02784218616 0.24383147723999998 0.11932141932 0.06802890714 -0.0692776341 0.06950374326 -0.21281809661999998 0.11734795583999999 0.13140746658 0.034055870939999996 -0.016997580720000002 0.74995713504 -0.43857595098 -0.6514088876999999 0.13095902573999998 0.14420475936000002 0.09910245762 -0.020148171033962825 0.05271330757863533 -0.0011114503307826857 -0.0038305839184082113 -0.058665715042955924 0.006379398586744445 0.14850297584705377 0.026939041028522986 0.02885592475332793 0.24268456291722912 0.1706034473904401 -0.3908512782811066 0.6578500607510827 0.45840262684932087 -0.4496168766155149 0.15179235946117825 0.06619874574890518 0.0896052609677762 0.28934756944709256 0.05350043566824799 0.05286651501771565 -0.023690247437219782 0.03154720244293885 -0.03424604101915373
0.00513818226 0.1728777213 0.21583063692 -0.04209974478 -0.0120771432 -0.0005504328000000001 0.5797120474799999 0.19591117542 0.22230038088 -0.34889965506000004 0.19591117542 0.00574824528 0.0390793797 -0.00804522294 -0.0343669734 0.037787751359999996 -0.00804522294 0.07245098711999999 -1.1145387285000001 -4.41441952038 0.59483950578 0.032462583839999996 0.08001485118 -0.05457972923999999 -0.00106902684 0.02624620086 -0.0196253577 0.82222410492 1.19515878594 -0.46011568157999994 -0.00052102242 0.058163478479999996 0.1236558078 -0.02483720082 0.058163478479999996 -0.07415948736 0.036492075719999996 0.015584263559999999 -0.0037329597 0.06685006356 0.08501218740000001 0.00035643222 -0.0155227446 0.07227965142 -0.07473042648 -0.00025012314 0.07227965142 0.047048243579999996 -0.00444366558 -0.11829313529999999 -0.05420306052 0.04819147091999999 0.02196631602 0.00967493574 -0.2581759179 0.1436724045 -0.3062848239 0.03209805702 0.0088838235 0.02382726456 -0.3805123059 0.5679044544599999 -0.25059883266 0.12281342976 0.09692528004 0.03864335058 -0.4622030091 0.00943128828 0.24395667372 0.11611137078000001 0.06912572544 0.034771163759999994 0.006057463993975669 0.028241105290005602 0.004347907738679422 0.059734983585316495 0.05262496458778902 0.043018261245352636 -0.009100123939970806 -0.02356330413055323 -0.022478117932184318 0.11230184872867505 0.24496476714042456 -0.060285336541805026 0.5575389822934939 0.616851750053189 -0.4443107259851331 -0.13042887539097828 -0.008822758784025395 -0.10156300210264514 0.18869903668212684 0.7077507185130434 0.28078625816300423 0.07070503416486762 -0.013547119087302176 0.003406378385785818
-0.02094315858 0.205481421 0.13804854624 0.0059980986000000005 0.0096123375 0.00320869944 0.37339877142 0.00574824528 0.1094052645 -0.42678886428 0.22230038088 0.1094052645 -0.04708359 -0.07245098711999999 0.08953329132 -0.07778424923999999 0.0343669734 0.08953329132 1.6080095584799998 0.59483950578 -5.93829461592 -0.02720756952 -0.05457972923999999 0.0745634079 0.02691913194 -0.0196253577 0.06230386638 -0.32141983716 -0.46011568157999994 -0.0005679710999999999 -0.04809163752 0.07415948736 0.05034328542 -0.04615756776 -0.1236558078 0.05034328542 0.03820705164 0.0037329597 -0.02136461742 0.03653821494 -0.00035643222 0.23148316494 -0.00306272682 0.047048243579999996 0.020504161439999998 -0.05415233435999999 -0.07473042648 0.020504161439999998 0.0450558927 0.05420306052 1.12054330278 0.0020061117 -0.00967493574 -0.02098012392 0.4677275736 -0.11907129618000001 0.53464131468 -0.13855256999999999 -0.00601239906 0.03523390506 0.24922382994 -0.50608302624 0.22527730493999998 -0.11363172497999999 0.01886689368 -0.0052291116 -0.6235596862199999 0.27994553514000003 0.24589155294 0.14868916776 0.0582258069 0.0198304209 0.004367804808689853 -0.0023100498282110603 0.03884823331256647 0.0365517134919625 0.08360828406663225 0.03645740138011306 0.10297489819058533 -0.0189750397861478 0.08471774469041389 -0.5781833862535168 -0.14769953216003254 1.3740084851677339 -0.7060192754807357 -0.5535790674200178 0.7119322867464357 -0.03558670559645659 -0.004991378982816767 0.040771882041174955 0.2174662205032082 0.3939341303085228 0.5263248568025296 -0.005406033921834152 0.02940985918241833 -0.00253846819193081
0.04266690642 0.014667145380000001 -0.0045950346 -0.053769729599999996 -0.07721384976 -0.09056886048 1.03274630316 -0.5797120474799999 -0.37339877142 1.03274630316 0.34889965506000004 0.42678886428 0.01869232014 -0.0390793797 -0.04708359 0.01869232014 -0.037787751359999996 -0.07778424923999999 -0.011325154859999999 0.032462583839999996 -0.02720756952 -5.10742790658 -1.1145387285000001 1.6080095584799998 0.28514928366 0.82222410492 -0.32141983716 0.06055003637999999 -0.00106902684 0.02691913194 -0.01941273954 0.00052102242 -0.04809163752 -0.01941273954 0.02483720082 -0.04615756776 0.09441595404 0.06685006356 -0.03653821494 -0.05146249878 0.036492075719999996 -0.03820705164 -0.03600289206 0.0155227446 0.00306272682 -0.03600289206 0.00025012314 0.05415233435999999 0.06512699304 0.04819147091999999 -0.0020061117 -0.05210008344 -0.00444366558 -0.0450558927 0.11932141932 0.06802890714 -0.0692776341 0.20638234998 -0.02784218616 0.24383147723999998 0.13140746658 0.034055870939999996 -0.016997580720000002 0.06950374326 -0.21281809661999998 0.11734795583999999 0.13095902573999998 0.14420475936000002 0.09910245762 0.74995713504 -0.43857595098 -0.6514088876999999 -0.0038305839184082113 -0.058665715042955924 0.006379398586744445 -0.020148171033962825 0.05271330757863533 -0.0011114503307826857 0.24268456291722912 0.1706034473904401 -0.3908512782811066 0.14850297584705377 0.026939041028522986 0.02885592475332793 0.15179235946117825 0.06619874574890518 0.0896052609677762 0.6578500607510827 0.45840262684932087 -0.4496168766155149 -0.023690247437219782 0.03154720244293885 -0.03424604101915373 0.28934756944709256 0.05350043566824799 0.05286651501771565
-0.04209974478 -0.0120771432 -0.0005504328000000001 0.00513818226 0.1728777213 0.21583063692 -0.34889965506000004 0.19591117542 0.00574824528 0.5797120474799999 0.19591117542 0.22230038088 0.037787751359999996 -0.00804522294 0.07245098711999999 0.0390793797 -0.00804522294 -0.0343669734 0.032462583839999996 0.08001485118 -0.05457972923999999 -1.1145387285000001 -4.41441952038 0.59483950578 0.82222410492 1.19515878594 -0.46011568157999994 -0.00106902684 0.02624620086 -0.0196253577 -0.02483720082 0.058163478479999996 -0.07415948736 -0.00052102242 0.058163478479999996 0.1236558078 0.06685006356 0.08501218740000001 0.00035643222 0.036492075719999996 0.015584263559999999 -0.0037329597 -0.00025012314 0.07227965142 0.047048243579999996 -0.0155227446 0.07227965142 -0.07473042648 0.04819147091999999 0.02196631602 0.00967493574 -0.00444366558 -0.11829313529999999 -0.05420306052 0.03209805702 0.0088838235 0.02382726456 -0.2581759179 0.1436724045 -0.3062848239 0.12281342976 0.09692528004 0.03864335058 -0.3805123059 0.5679044544599999 -0.25059883266 0.11611137078000001 0.06912572544 0.034771163759999994 -0.4622030091 0.00943128828 0.24395667372 0.059734983585316495 0.05262496458778902 0.043018261245352636 0.006057463993975669 0.028241105290005602 0.004347907738679422 0.11230184872867505 0.24496476714042456 -0.060285336541805026 -0.009100123939970806 -0.02356330413055323 -0.022478117932184318 -0.13042887539097828 -0.008822758784025395 -0.10156300210264514 0.5575389822934939 0.616851750053189 -0.4443107259851331 0.07070503416486762 -0.013547119087302176 0.003406378385785818 0.18869903668212684 0.7077507185130434 0.28078625816300423
0.0059980986000000005 0.0096123375 0.00320869944 -0.02094315858 0.205481421 0.13804854624 -0.42678886428 0.22230038088 0.1094052645 0.37339877142 0.00574824528 0.1094052645 -0.07778424923999999 0.0343669734 0.08953329132 -0.04708359 -0.07245098711999999 0.08953329132 -0.02720756952 -0.05457972923999999 0.0745634079 1.6080095584799998 0.59483950578 -5.93829461592 -0.32141983716 -0.46011568157999994 -0.0005679710999999999 0.02691913194 -0.0196253577 0.06230386638 -0.04615756776 -0.1236558078 0.05034328542 -0.04809163752 0.07415948736 0.05034328542 0.03653821494 -0.00035643222 0.23148316494 0.03820705164 0.0037329597 -0.02136461742 -0.05415233435999999 -0.07473042648 0.020504161439999998 -0.00306272682 0.047048243579999996 0.020504161439999998 0.0020061117 -0.00967493574 -0.02098012392 0.0450558927 0.05420306052 1.12054330278 -0.13855256999999999 -0.00601239906 0.03523390506 0.4677275736 -0.11907129618000001 0.53464131468 -0.11363172497999999 0.01886689368 -0.0052291116 0.24922382994 -0.50608302624 0.22527730493999998 0.14868916776 0.0582258069 0.0198304209 -0.6235596862199999 0.27994553514000003 0.24589155294 0.0365517134919625 0.08360828406663225 0.03645740138011306 0.004367804808689853 -0.0023100498282110603 0.03884823331256647 -0.5781833862535168 -0.14769953216003254 1.3740084851677339 0.10297489819058533 -0.0189750397861478 0.08471774469041389 -0.03558670559645659 -0.004991378982816767 0.040771882041174955 -0.7060192754807357 -0.5535790674200178 0.7119322867464357 -0.005406033921834152 0.02940985918241833 -0.00253846819193081 0.2174662205032082 0.3939341303085228 0.5263248568025296
