-3.467917 3.467917 6.983849
-3.467917 6.983849 3.467917
-6.983849 3.467917 3.467917
-10.451766 10.451766 6.935834
-10.451766 6.935834 10.451766
-6.935834 10.451766 10.451766
32 2
direct
0.125000 0.125000 0.125000 Al
0.625000 0.625000 0.625000 Al
0.375000 0.375000 0.875000 Al
0.875000 0.875000 0.375000 Al
0.375000 0.875000 0.375000 Al
0.875000 0.375000 0.875000 Al
0.750000 0.250000 0.250000 Al
0.250000 0.750000 0.750000 Al
0.875000 0.375000 0.375000 Al
0.375000 0.875000 0.875000 Al
0.250000 0.750000 0.250000 Al
0.750000 0.250000 0.750000 Al
0.250000 0.250000 0.750000 Al
0.750000 0.750000 0.250000 Al
0.000000 0.000000 0.000000 Al
0.500000 0.500000 0.500000 Al
0.625000 0.125000 0.125000 Ni
0.125000 0.625000 0.625000 Ni
0.250000 0.250000 0.250000 Ni
0.750000 0.750000 0.750000 Ni
1.000000 0.000000 0.500000 Ni
0.500000 0.500000 0.000000 Ni
0.000000 0.500000 1.000000 Ni
0.500000 0.000000 0.500000 Ni
0.125000 0.625000 0.125000 Ni
0.625000 0.125000 0.625000 Ni
0.125000 0.125000 0.625000 Ni
0.625000 0.625000 0.125000 Ni
0.375000 0.375000 0.375000 Ni
0.875000 0.875000 0.875000 Ni
0.500000 0.000000 1.000000 Ni
0.000000 0.500000 0.500000 Ni
-11.74258366848 1.97083651248 1.97083651248 0.02733735294 -0.00485487126 -0.00485487126 0.08271898722 -0.057824584559999996 -0.057824584559999996 0.03216767058 -0.01386227232 -0.01386227232 0.04465709874 -0.043230020759999994 -0.04954245966 -0.0337301982 0.06238697094 0.0249812847 2.39384115126 -2.90579869854 -0.12461258952 0.01226547756 0.02242123254 0.0023447358 0.04465709874 -0.04954245966 -0.043230020759999994 -0.0337301982 0.0249812847 0.06238697094 2.39384115126 -0.12461258952 -2.90579869854 0.01226547756 0.0023447358 0.02242123254 -0.03505933152 0.24425752302 0.24425752302 0.03581239914 0.0241718247 0.0241718247 0.028950606719999997 -0.00248342328 -0.00248342328 0.08798317541999999 -0.04413499704 -0.04413499704 -0.0048914956913644015 0.01428888185729105 0.03119860577635609 2.039903329265434 2.448147432325459 -0.01998501505987729 0.04203574392823754 -0.02942736860402751 -0.02942736860402751 0.1211596263559188 0.018397626814445088 0.018397626814445088 -0.13116626080556487 0.0713222412765912 0.0713222412765912 -0.014388367207343206 -0.004908607171573372 -0.004908607171573372 1.2028260330399903 0.10473340123810725 -1.4772070264252366 0.0043829265818977805 0.006770574983149522 0.0003537699047854664 -0.0048914956913644015 0.03119860577635609 0.01428888185729105 2.039903329265434 -0.01998501505987729 2.448147432325459 0.04126055408063114 0.013572189395515319 0.013572189395515319 -0.028249462059409983 -0.018212584063348077 -0.018212584063348077 -0.08281518685601645 0.026383912775231957 0.026383912775231957 0.19046271296785144 -0.11609582203826407 -0.11609582203826407 1.2028260330399903 -1.4772070264252366 0.10473340123810725 0.0043829265818977805 0.0003537699047854664 0.006770574983149522
1.97083651248 -11.74258366848 -1.97083651248 -0.00485487126 0.02733735294 0.00485487126 -0.043230020759999994 0.04465709874 0.04954245966 0.06238697094 -0.0337301982 -0.0249812847 -0.057824584559999996 0.08271898722 0.057824584559999996 -0.01386227232 0.03216767058 0.01386227232 -2.90579869854 2.39384115126 0.12461258952 0.02242123254 0.01226547756 -0.0023447358 -0.04954245966 0.04465709874 0.043230020759999994 0.0249812847 -0.0337301982 -0.06238697094 0.24425752302 -0.03505933152 -0.24425752302 0.0241718247 0.03581239914 -0.0241718247 -0.12461258952 2.39384115126 2.90579869854 0.0023447358 0.01226547756 -0.02242123254 -0.00248342328 0.028950606719999997 0.00248342328 -0.04413499704 0.08798317541999999 0.04413499704 0.01428888185729105 -0.0048914956913644015 -0.03119860577635609 2.448147432325459 2.039903329265434 0.01998501505987729 -0.02942736860402751 0.04203574392823754 0.02942736860402751 0.018397626814445088 0.1211596263559188 -0.018397626814445088 0.10473340123810725 1.2028260330399903 1.4772070264252366 0.006770574983149522 0.0043829265818977805 -0.0003537699047854664 0.0713222412765912 -0.13116626080556487 -0.0713222412765912 -0.004908607171573372 -0.014388367207343206 0.004908607171573372 0.013572189395515319 0.04126055408063114 -0.013572189395515319 -0.018212584063348077 -0.028249462059409983 0.018212584063348077 0.03119860577635609 -0.0048914956913644015 -0.01428888185729105 -0.01998501505987729 2.039903329265434 -2.448147432325459 0.026383912775231957 -0.08281518685601645 -0.026383912775231957 -0.11609582203826407 0.19046271296785144 0.11609582203826407 -1.4772070264252366 1.2028260330399903 -0.10473340123810725 0.0003537699047854664 0.0043829265818977805 -0.006770574983149522
1.97083651248 -1.97083651248 -11.74258366848 -0.00485487126 0.00485487126 0.02733735294 -0.043230020759999994 0.04954245966 0.04465709874 0.06238697094 -0.0249812847 -0.0337301982 -0.04954245966 0.043230020759999994 0.04465709874 0.0249812847 -0.06238697094 -0.0337301982 0.24425752302 -0.24425752302 -0.03505933152 0.0241718247 -0.0241718247 0.03581239914 -0.057824584559999996 0.057824584559999996 0.08271898722 -0.01386227232 0.01386227232 0.03216767058 -2.90579869854 0.12461258952 2.39384115126 0.02242123254 -0.0023447358 0.01226547756 -0.12461258952 2.90579869854 2.39384115126 0.0023447358 -0.02242123254 0.01226547756 -0.00248342328 0.00248342328 0.028950606719999997 -0.04413499704 0.04413499704 0.08798317541999999 0.013572189395515319 -0.013572189395515319 0.04126055408063114 -0.018212584063348077 0.018212584063348077 -0.028249462059409983 -0.02942736860402751 0.02942736860402751 0.04203574392823754 0.018397626814445088 -0.018397626814445088 0.1211596263559188 0.10473340123810725 1.4772070264252366 1.2028260330399903 0.006770574983149522 -0.0003537699047854664 0.0043829265818977805 -1.4772070264252366 -0.10473340123810725 1.2028260330399903 0.0003537699047854664 -0.006770574983149522 0.0043829265818977805 0.01428888185729105 -0.03119860577635609 -0.0048914956913644015 2.448147432325459 0.01998501505987729 2.039903329265434 0.03119860577635609 -0.01428888185729105 -0.0048914956913644015 -0.01998501505987729 -2.448147432325459 2.039903329265434 0.026383912775231957 -0.026383912775231957 -0.08281518685601645 -0.11609582203826407 0.11609582203826407 0.19046271296785144 0.0713222412765912 -0.0713222412765912 -0.13116626080556487 -0.004908607171573372 0.004908607171573372 -0.014388367207343206
0.02733735294 -0.00485487126 -0.00485487126 -11.74258366848 1.97083651248 1.97083651248 0.03216767058 -0.01386227232 -0.01386227232 0.08271898722 -0.057824584559999996 -0.057824584559999996 -0.0337301982 0.06238697094 0.0249812847 0.04465709874 -0.043230020759999994 -0.04954245966 0.01226547756 0.02242123254 0.0023447358 2.39384115126 -2.90579869854 -0.12461258952 -0.0337301982 0.0249812847 0.06238697094 0.04465709874 -0.04954245966 -0.043230020759999994 0.01226547756 0.0023447358 0.02242123254 2.39384115126 -0.12461258952 -2.90579869854 0.03581239914 0.0241718247 0.0241718247 -0.03505933152 0.24425752302 0.24425752302 0.08798317541999999 -0.04413499704 -0.04413499704 0.028950606719999997 -0.00248342328 -0.00248342328 2.039903329265434 2.448147432325459 -0.01998501505987729 -0.0048914956913644015 0.01428888185729105 0.03119860577635609 0.1211596263559188 0.018397626814445088 0.018397626814445088 0.04203574392823754 -0.02942736860402751 -0.02942736860402751 -0.014388367207343206 -0.004908607171573372 -0.004908607171573372 -0.13116626080556487 0.0713222412765912 0.0713222412765912 0.0043829265818977805 0.006770574983149522 0.0003537699047854664 1.2028260330399903 0.10473340123810725 -1.4772070264252366 2.039903329265434 -0.01998501505987729 2.448147432325459 -0.0048914956913644015 0.03119860577635609 0.01428888185729105 -0.028249462059409983 -0.018212584063348077 -0.018212584063348077 0.04126055408063114 0.013572189395515319 0.013572189395515319 0.19046271296785144 -0.11609582203826407 -0.11609582203826407 -0.08281518685601645 0.026383912775231957 0.026383912775231957 0.0043829265818977805 0.0003537699047854664 0.006770574983149522 1.2028260330399903 -1.4772070264252366 0.10473340123810725
-0.00485487126 0.02733735294 0.00485487126 1.97083651248 -11.74258366848 -1.97083651248 0.06238697094 -0.0337301982 -0.0249812847 -0.043230020759999994 0.04465709874 0.04954245966 -0.01386227232 0.03216767058 0.01386227232 -0.057824584559999996 0.08271898722 0.057824584559999996 0.02242123254 0.01226547756 -0.0023447358 -2.90579869854 2.39384115126 0.12461258952 0.0249812847 -0.0337301982 -0.06238697094 -0.04954245966 0.04465709874 0.043230020759999994 0.0241718247 0.03581239914 -0.0241718247 0.24425752302 -0.03505933152 -0.24425752302 0.0023447358 0.01226547756 -0.02242123254 -0.12461258952 2.39384115126 2.90579869854 -0.04413499704 0.08798317541999999 0.04413499704 -0.00248342328 0.028950606719999997 0.00248342328 2.448147432325459 2.039903329265434 0.01998501505987729 0.01428888185729105 -0.0048914956913644015 -0.03119860577635609 0.018397626814445088 0.1211596263559188 -0.018397626814445088 -0.02942736860402751 0.04203574392823754 0.02942736860402751 0.006770574983149522 0.0043829265818977805 -0.0003537699047854664 0.10473340123810725 1.2028260330399903 1.4772070264252366 -0.004908607171573372 -0.014388367207343206 0.004908607171573372 0.0713222412765912 -0.13116626080556487 -0.0713222412765912 -0.018212584063348077 -0.028249462059409983 0.018212584063348077 0.013572189395515319 0.04126055408063114 -0.013572189395515319 -0.01998501505987729 2.039903329265434 -2.448147432325459 0.03119860577635609 -0.0048914956913644015 -0.01428888185729105 -0.11609582203826407 0.19046271296785144 0.11609582203826407 0.026383912775231957 -0.08281518685601645 -0.026383912775231957 0.0003537699047854664 0.0043829265818977805 -0.006770574983149522 -1.4772070264252366 1.2028260330399903 -0.10473340123810725
-0.00485487126 0.00485487126 0.02733735294 1.97083651248 -1.97083651248 -11.74258366848 0.06238697094 -0.0249812847 -0.0337301982 -0.043230020759999994 0.04954245966 0.04465709874 0.0249812847 -0.06238697094 -0.0337301982 -0.04954245966 0.043230020759999994 0.04465709874 0.0241718247 -0.0241718247 0.03581239914 0.24425752302 -0.24425752302 -0.03505933152 -0.01386227232 0.01386227232 0.03216767058 -0.057824584559999996 0.057824584559999996 0.08271898722 0.02242123254 -0.0023447358 0.01226547756 -2.90579869854 0.12461258952 2.39384115126 0.0023447358 -0.02242123254 0.01226547756 -0.12461258952 2.90579869854 2.39384115126 -0.04413499704 0.04413499704 0.08798317541999999 -0.00248342328 0.00248342328 0.028950606719999997 -0.018212584063348077 0.018212584063348077 -0.028249462059409983 0.013572189395515319 -0.013572189395515319 0.04126055408063114 0.018397626814445088 -0.018397626814445088 0.1211596263559188 -0.02942736860402751 0.02942736860402751 0.04203574392823754 0.006770574983149522 -0.0003537699047854664 0.0043829265818977805 0.10473340123810725 1.4772070264252366 1.2028260330399903 0.0003537699047854664 -0.006770574983149522 0.0043829265818977805 -1.4772070264252366 -0.10473340123810725 1.2028260330399903 2.448147432325459 0.01998501505987729 2.039903329265434 0.01428888185729105 -0.03119860577635609 -0.0048914956913644015 -0.01998501505987729 -2.448147432325459 2.039903329265434 0.03119860577635609 -0.01428888185729105 -0.0048914956913644015 -0.11609582203826407 0.11609582203826407 0.19046271296785144 0.026383912775231957 -0.026383912775231957 -0.08281518685601645 -0.004908607171573372 0.004908607171573372 -0.014388367207343206 0.0713222412765912 -0.0713222412765912 -0.13116626080556487
0.08271898722 -0.043230020759999994 -0.043230020759999994 0.03216767058 0.06238697094 0.06238697094 -17.09555937732 -1.43870641254 -1.43870641254 0.08204362776 -0.0037094853599999996 -0.0037094853599999996 4.64639456718 5.50172477664 0.2783773413 0.01643095872 -0.05399314056 -0.00432899208 0.056098546019999994 -0.029234457359999997 -0.04509447696 2.4602481703800003 0.0422888886 -2.6260344824399997 4.64639456718 0.2783773413 5.50172477664 0.01643095872 -0.00432899208 -0.05399314056 0.056098546019999994 -0.04509447696 -0.029234457359999997 2.4602481703800003 -2.6260344824399997 0.0422888886 0.09145602863999999 -0.030553337519999998 -0.030553337519999998 -0.00323001522 -0.028566922680000002 -0.028566922680000002 0.03581239914 0.0023447358 0.0023447358 -0.03505933152 -0.12461258952 -0.12461258952 0.114846286041609 -0.06020694208596392 -0.0028233942344801847 -0.10865949109256552 -0.14203284662106175 0.002893033979516694 0.31974989448163116 -0.1737221141438751 -0.1737221141438751 0.06722503662004321 -0.05144387451196982 -0.05144387451196982 0.05151112660860508 0.014937128398230897 0.014937128398230897 0.007956440355771222 -0.027129654959222916 -0.027129654959222916 1.0241224884483036 -1.248068786712509 0.19297213143756703 0.0108395258002827 0.01998421917707687 -0.01896429536834217 0.114846286041609 -0.0028233942344801847 -0.06020694208596392 -0.10865949109256552 0.002893033979516694 -0.14203284662106175 -0.144740041966681 -0.05073991617500077 -0.05073991617500077 0.18664685288125094 -0.04525628368012593 -0.04525628368012593 0.05294132800095487 -0.028066409015314018 -0.028066409015314018 0.04777604862624694 0.04902638050570243 0.04902638050570243 1.0241224884483036 0.19297213143756703 -1.248068786712509 0.0108395258002827 -0.01896429536834217 0.01998421917707687
-0.057824584559999996 0.04465709874 0.04954245966 -0.01386227232 -0.0337301982 -0.0249812847 -1.43870641254 -13.887398228219999 -1.8167682132 -0.0037094853599999996 0.02892659274 0.0029909547 5.70361651236 4.64639456718 0.22473307799999998 -0.02529940248 0.01643095872 0.010949295599999999 0.03642057342 -0.00475260948 0.029234457359999997 0.07250306238 -0.18786568266 -0.0422888886 -0.22473307799999998 -0.09729250505999999 -0.2783773413 -0.010949295599999999 0.04049836308 0.00432899208 0.02179956726 0.056098546019999994 -0.03642057342 -3.0472890687 2.4602481703800003 -0.07250306238 -0.030553337519999998 -0.01409836482 -0.058268708280000005 -0.028566922680000002 0.04678381998 -0.0811132884 0.0241718247 0.01226547756 -0.02242123254 0.24425752302 2.39384115126 2.90579869854 0.001177906544617526 0.01837016885783069 0.006693772292909258 -0.060458441050895775 0.10004604948504986 0.09459982348179465 0.07125618300415656 1.047094849599547 1.0312094268446188 -0.03322094397221632 -0.005723193217800425 0.005644400820559118 0.009007005652321988 0.026399830431240303 -0.05285139324450772 -0.01966944752951185 0.04909044907113602 0.014697567675305306 -1.2000889920893552 1.1597695694202175 0.0059902118973404125 -0.013113362961074775 0.003913753671051814 0.038977962209034475 -0.07210340024520072 0.06179154474159466 0.04473378662165201 -0.029617186651927023 0.051086125193182265 0.08402890812665276 0.05235874179104944 -0.02759723610446805 0.03758118789430221 -0.09469731912484575 0.07745292648820526 0.0009896802623188471 -0.016256702081322693 -0.00966798631806851 0.006405662719158215 0.11856823195776026 1.8915643052752662 -2.2812233511213478 0.040276842939315424 0.21161051279913834 0.1719043178277221 -0.02645474634446909 0.039706990854216674 0.02601900051124065
-0.057824584559999996 0.04954245966 0.04465709874 -0.01386227232 -0.0249812847 -0.0337301982 -1.43870641254 -1.8167682132 -13.887398228219999 -0.0037094853599999996 0.0029909547 0.02892659274 -0.22473307799999998 -0.2783773413 -0.09729250505999999 -0.010949295599999999 0.00432899208 0.04049836308 0.02179956726 -0.03642057342 0.056098546019999994 -3.0472890687 -0.07250306238 2.4602481703800003 5.70361651236 0.22473307799999998 4.64639456718 -0.02529940248 0.010949295599999999 0.01643095872 0.03642057342 0.029234457359999997 -0.00475260948 0.07250306238 -0.0422888886 -0.18786568266 -0.030553337519999998 -0.058268708280000005 -0.01409836482 -0.028566922680000002 -0.0811132884 0.04678381998 0.0241718247 -0.02242123254 0.01226547756 0.24425752302 2.90579869854 2.39384115126 -0.07210340024520072 0.04473378662165201 0.06179154474159466 -0.029617186651927023 0.08402890812665276 0.051086125193182265 0.07125618300415656 1.0312094268446188 1.047094849599547 -0.03322094397221632 0.005644400820559118 -0.005723193217800425 0.009007005652321988 -0.05285139324450772 0.026399830431240303 -0.01966944752951185 0.014697567675305306 0.04909044907113602 0.040276842939315424 0.1719043178277221 0.21161051279913834 -0.02645474634446909 0.02601900051124065 0.039706990854216674 0.001177906544617526 0.006693772292909258 0.01837016885783069 -0.060458441050895775 0.09459982348179465 0.10004604948504986 0.05235874179104944 0.03758118789430221 -0.02759723610446805 -0.09469731912484575 0.0009896802623188471 0.07745292648820526 -0.016256702081322693 0.006405662719158215 -0.00966798631806851 0.11856823195776026 -2.2812233511213478 1.8915643052752662 -1.2000889920893552 0.0059902118973404125 1.1597695694202175 -0.013113362961074775 0.038977962209034475 0.003913753671051814
0.03216767058 0.06238697094 0.06238697094 0.08271898722 -0.043230020759999994 -0.043230020759999994 0.08204362776 -0.0037094853599999996 -0.0037094853599999996 -17.09555937732 -1.43870641254 -1.43870641254 0.01643095872 -0.05399314056 -0.00432899208 4.64639456718 5.50172477664 0.2783773413 2.4602481703800003 0.0422888886 -2.6260344824399997 0.056098546019999994 -0.029234457359999997 -0.04509447696 0.01643095872 -0.00432899208 -0.05399314056 4.64639456718 0.2783773413 5.50172477664 2.4602481703800003 -2.6260344824399997 0.0422888886 0.056098546019999994 -0.04509447696 -0.029234457359999997 -0.00323001522 -0.028566922680000002 -0.028566922680000002 0.09145602863999999 -0.030553337519999998 -0.030553337519999998 -0.03505933152 -0.12461258952 -0.12461258952 0.03581239914 0.0023447358 0.0023447358 -0.10865949109256552 -0.14203284662106175 0.002893033979516694 0.114846286041609 -0.06020694208596392 -0.0028233942344801847 0.06722503662004321 -0.05144387451196982 -0.05144387451196982 0.31974989448163116 -0.1737221141438751 -0.1737221141438751 0.007956440355771222 -0.027129654959222916 -0.027129654959222916 0.05151112660860508 0.014937128398230897 0.014937128398230897 0.0108395258002827 0.01998421917707687 -0.01896429536834217 1.0241224884483036 -1.248068786712509 0.19297213143756703 -0.10865949109256552 0.002893033979516694 -0.14203284662106175 0.114846286041609 -0.0028233942344801847 -0.06020694208596392 0.18664685288125094 -0.04525628368012593 -0.04525628368012593 -0.144740041966681 -0.05073991617500077 -0.05073991617500077 0.04777604862624694 0.04902638050570243 0.04902638050570243 0.05294132800095487 -0.028066409015314018 -0.028066409015314018 0.0108395258002827 -0.01896429536834217 0.01998421917707687 1.0241224884483036 0.19297213143756703 -1.248068786712509
-0.01386227232 -0.0337301982 -0.0249812847 -0.057824584559999996 0.04465709874 0.04954245966 -0.0037094853599999996 0.02892659274 0.0029909547 -1.43870641254 -13.887398228219999 -1.8167682132 -0.02529940248 0.01643095872 0.010949295599999999 5.70361651236 4.64639456718 0.22473307799999998 0.07250306238 -0.18786568266 -0.0422888886 0.03642057342 -0.00475260948 0.029234457359999997 -0.010949295599999999 0.04049836308 0.00432899208 -0.22473307799999998 -0.09729250505999999 -0.2783773413 -3.0472890687 2.4602481703800003 -0.07250306238 0.02179956726 0.056098546019999994 -0.03642057342 -0.028566922680000002 0.04678381998 -0.0811132884 -0.030553337519999998 -0.01409836482 -0.058268708280000005 0.24425752302 2.39384115126 2.90579869854 0.0241718247 0.01226547756 -0.02242123254 -0.060458441050895775 0.10004604948504986 0.09459982348179465 0.001177906544617526 0.01837016885783069 0.006693772292909258 -0.03322094397221632 -0.005723193217800425 0.005644400820559118 0.07125618300415656 1.047094849599547 1.0312094268446188 -0.01966944752951185 0.04909044907113602 0.014697567675305306 0.009007005652321988 0.026399830431240303 -0.05285139324450772 -0.013113362961074775 0.003913753671051814 0.038977962209034475 -1.2000889920893552 1.1597695694202175 0.0059902118973404125 -0.029617186651927023 0.051086125193182265 0.08402890812665276 -0.07210340024520072 0.06179154474159466 0.04473378662165201 -0.09469731912484575 0.07745292648820526 0.0009896802623188471 0.05235874179104944 -0.02759723610446805 0.03758118789430221 0.11856823195776026 1.8915643052752662 -2.2812233511213478 -0.016256702081322693 -0.00966798631806851 0.006405662719158215 -0.02645474634446909 0.039706990854216674 0.02601900051124065 0.040276842939315424 0.21161051279913834 0.1719043178277221
-0.01386227232 -0.0249812847 -0.0337301982 -0.057824584559999996 0.04954245966 0.04465709874 -0.0037094853599999996 0.0029909547 0.02892659274 -1.43870641254 -1.8167682132 -13.887398228219999 -0.010949295599999999 0.00432899208 0.04049836308 -0.22473307799999998 -0.2783773413 -0.09729250505999999 -3.0472890687 -0.07250306238 2.4602481703800003 0.02179956726 -0.03642057342 0.056098546019999994 -0.02529940248 0.010949295599999999 0.01643095872 5.70361651236 0.22473307799999998 4.64639456718 0.07250306238 -0.0422888886 -0.18786568266 0.03642057342 0.029234457359999997 -0.00475260948 -0.028566922680000002 -0.0811132884 0.04678381998 -0.030553337519999998 -0.058268708280000005 -0.01409836482 0.24425752302 2.90579869854 2.39384115126 0.0241718247 -0.02242123254 0.01226547756 -0.029617186651927023 0.08402890812665276 0.051086125193182265 -0.07210340024520072 0.04473378662165201 0.06179154474159466 -0.03322094397221632 0.005644400820559118 -0.005723193217800425 0.07125618300415656 1.0312094268446188 1.047094849599547 -0.01966944752951185 0.014697567675305306 0.04909044907113602 0.009007005652321988 -0.05285139324450772 0.026399830431240303 -0.02645474634446909 0.02601900051124065 0.039706990854216674 0.040276842939315424 0.1719043178277221 0.21161051279913834 -0.060458441050895775 0.09459982348179465 0.10004604948504986 0.001177906544617526 0.006693772292909258 0.01837016885783069 -0.09469731912484575 0.0009896802623188471 0.07745292648820526 0.05235874179104944 0.03758118789430221 -0.02759723610446805 0.11856823195776026 -2.2812233511213478 1.8915643052752662 -0.016256702081322693 0.006405662719158215 -0.00966798631806851 -0.013113362961074775 0.038977962209034475 0.003913753671051814 -1.2000889920893552 0.0059902118973404125 1.1597695694202175
0.04465709874 -0.057824584559999996 -0.04954245966 -0.0337301982 -0.01386227232 0.0249812847 4.64639456718 5.70361651236 -0.22473307799999998 0.01643095872 -0.02529940248 -0.010949295599999999 -13.887398228219999 -1.43870641254 1.8167682132 0.02892659274 -0.0037094853599999996 -0.0029909547 -0.00475260948 0.03642057342 -0.029234457359999997 -0.18786568266 0.07250306238 0.0422888886 -0.09729250505999999 -0.22473307799999998 0.2783773413 0.04049836308 -0.010949295599999999 -0.00432899208 -0.01409836482 -0.030553337519999998 0.058268708280000005 0.04678381998 -0.028566922680000002 0.0811132884 0.056098546019999994 0.02179956726 0.03642057342 2.4602481703800003 -3.0472890687 0.07250306238 0.01226547756 0.0241718247 0.02242123254 2.39384115126 0.24425752302 -2.90579869854 0.01837016885783069 0.001177906544617526 -0.006693772292909258 0.10004604948504986 -0.060458441050895775 -0.09459982348179465 1.047094849599547 0.07125618300415656 -1.0312094268446188 -0.005723193217800425 -0.03322094397221632 -0.005644400820559118 1.1597695694202175 -1.2000889920893552 -0.0059902118973404125 0.003913753671051814 -0.013113362961074775 -0.038977962209034475 0.026399830431240303 0.009007005652321988 0.05285139324450772 0.04909044907113602 -0.01966944752951185 -0.014697567675305306 -0.02759723610446805 0.05235874179104944 -0.03758118789430221 0.07745292648820526 -0.09469731912484575 -0.0009896802623188471 0.06179154474159466 -0.07210340024520072 -0.04473378662165201 0.051086125193182265 -0.029617186651927023 -0.08402890812665276 -0.00966798631806851 -0.016256702081322693 -0.006405662719158215 1.8915643052752662 0.11856823195776026 2.2812233511213478 0.21161051279913834 0.040276842939315424 -0.1719043178277221 0.039706990854216674 -0.02645474634446909 -0.02601900051124065
-0.043230020759999994 0.08271898722 0.043230020759999994 0.06238697094 0.03216767058 -0.06238697094 5.50172477664 4.64639456718 -0.2783773413 -0.05399314056 0.01643095872 0.00432899208 -1.43870641254 -17.09555937732 1.43870641254 -0.0037094853599999996 0.08204362776 0.0037094853599999996 -0.029234457359999997 0.056098546019999994 0.04509447696 0.0422888886 2.4602481703800003 2.6260344824399997 0.2783773413 4.64639456718 -5.50172477664 -0.00432899208 0.01643095872 0.05399314056 -0.030553337519999998 0.09145602863999999 0.030553337519999998 -0.028566922680000002 -0.00323001522 0.028566922680000002 -0.04509447696 0.056098546019999994 0.029234457359999997 -2.6260344824399997 2.4602481703800003 -0.0422888886 0.0023447358 0.03581239914 -0.0023447358 -0.12461258952 -0.03505933152 0.12461258952 -0.06020694208596392 0.114846286041609 0.0028233942344801847 -0.14203284662106175 -0.10865949109256552 -0.002893033979516694 -0.1737221141438751 0.31974989448163116 0.1737221141438751 -0.05144387451196982 0.06722503662004321 0.05144387451196982 -1.248068786712509 1.0241224884483036 -0.19297213143756703 0.01998421917707687 0.0108395258002827 0.01896429536834217 0.014937128398230897 0.05151112660860508 -0.014937128398230897 -0.027129654959222916 0.007956440355771222 0.027129654959222916 -0.05073991617500077 -0.144740041966681 0.05073991617500077 -0.04525628368012593 0.18664685288125094 0.04525628368012593 -0.0028233942344801847 0.114846286041609 0.06020694208596392 0.002893033979516694 -0.10865949109256552 0.14203284662106175 -0.028066409015314018 0.05294132800095487 0.028066409015314018 0.04902638050570243 0.04777604862624694 -0.04902638050570243 0.19297213143756703 1.0241224884483036 1.248068786712509 -0.01896429536834217 0.0108395258002827 -0.01998421917707687
-0.04954245966 0.057824584559999996 0.04465709874 0.0249812847 0.01386227232 -0.0337301982 0.2783773413 0.22473307799999998 -0.09729250505999999 -0.00432899208 0.010949295599999999 0.04049836308 1.8167682132 1.43870641254 -13.887398228219999 -0.0029909547 0.0037094853599999996 0.02892659274 0.03642057342 -0.02179956726 0.056098546019999994 0.07250306238 3.0472890687 2.4602481703800003 -0.22473307799999998 -5.70361651236 4.64639456718 -0.010949295599999999 0.02529940248 0.01643095872 0.058268708280000005 0.030553337519999998 -0.01409836482 0.0811132884 0.028566922680000002 0.04678381998 -0.029234457359999997 -0.03642057342 -0.00475260948 0.0422888886 -0.07250306238 -0.18786568266 0.02242123254 -0.0241718247 0.01226547756 -2.90579869854 -0.24425752302 2.39384115126 -0.04473378662165201 0.07210340024520072 0.06179154474159466 -0.08402890812665276 0.029617186651927023 0.051086125193182265 -1.0312094268446188 -0.07125618300415656 1.047094849599547 -0.005644400820559118 0.03322094397221632 -0.005723193217800425 -0.1719043178277221 -0.040276842939315424 0.21161051279913834 -0.02601900051124065 0.02645474634446909 0.039706990854216674 0.05285139324450772 -0.009007005652321988 0.026399830431240303 -0.014697567675305306 0.01966944752951185 0.04909044907113602 -0.03758118789430221 -0.05235874179104944 -0.02759723610446805 -0.0009896802623188471 0.09469731912484575 0.07745292648820526 -0.006693772292909258 -0.001177906544617526 0.01837016885783069 -0.09459982348179465 0.060458441050895775 0.10004604948504986 -0.006405662719158215 0.016256702081322693 -0.00966798631806851 2.2812233511213478 -0.11856823195776026 1.8915643052752662 -0.0059902118973404125 1.2000889920893552 1.1597695694202175 -0.038977962209034475 0.013113362961074775 0.003913753671051814
-0.0337301982 -0.01386227232 0.0249812847 0.04465709874 -0.057824584559999996 -0.04954245966 0.01643095872 -0.02529940248 -0.010949295599999999 4.64639456718 5.70361651236 -0.22473307799999998 0.02892659274 -0.0037094853599999996 -0.0029909547 -13.887398228219999 -1.43870641254 1.8167682132 -0.18786568266 0.07250306238 0.0422888886 -0.00475260948 0.03642057342 -0.029234457359999997 0.04049836308 -0.010949295599999999 -0.00432899208 -0.09729250505999999 -0.22473307799999998 0.2783773413 0.04678381998 -0.028566922680000002 0.0811132884 -0.01409836482 -0.030553337519999998 0.058268708280000005 2.4602481703800003 -3.0472890687 0.07250306238 0.056098546019999994 0.02179956726 0.03642057342 2.39384115126 0.24425752302 -2.90579869854 0.01226547756 0.0241718247 0.02242123254 0.10004604948504986 -0.060458441050895775 -0.09459982348179465 0.01837016885783069 0.001177906544617526 -0.006693772292909258 -0.005723193217800425 -0.03322094397221632 -0.005644400820559118 1.047094849599547 0.07125618300415656 -1.0312094268446188 0.003913753671051814 -0.013113362961074775 -0.038977962209034475 1.1597695694202175 -1.2000889920893552 -0.0059902118973404125 0.04909044907113602 -0.01966944752951185 -0.014697567675305306 0.026399830431240303 0.009007005652321988 0.05285139324450772 0.07745292648820526 -0.09469731912484575 -0.0009896802623188471 -0.02759723610446805 0.05235874179104944 -0.03758118789430221 0.051086125193182265 -0.029617186651927023 -0.08402890812665276 0.06179154474159466 -0.07210340024520072 -0.04473378662165201 1.8915643052752662 0.11856823195776026 2.2812233511213478 -0.00966798631806851 -0.016256702081322693 -0.006405662719158215 0.039706990854216674 -0.02645474634446909 -0.02601900051124065 0.21161051279913834 0.040276842939315424 -0.1719043178277221
0.06238697094 0.03216767058 -0.06238697094 -0.043230020759999994 0.08271898722 0.043230020759999994 -0.05399314056 0.01643095872 0.00432899208 5.50172477664 4.64639456718 -0.2783773413 -0.0037094853599999996 0.08204362776 0.0037094853599999996 -1.43870641254 -17.09555937732 1.43870641254 0.0422888886 2.4602481703800003 2.6260344824399997 -0.029234457359999997 0.056098546019999994 0.04509447696 -0.00432899208 0.01643095872 0.05399314056 0.2783773413 4.64639456718 -5.50172477664 -0.028566922680000002 -0.00323001522 0.028566922680000002 -0.030553337519999998 0.09145602863999999 0.030553337519999998 -2.6260344824399997 2.4602481703800003 -0.0422888886 -0.04509447696 0.056098546019999994 0.029234457359999997 -0.12461258952 -0.03505933152 0.12461258952 0.0023447358 0.03581239914 -0.0023447358 -0.14203284662106175 -0.10865949109256552 -0.002893033979516694 -0.06020694208596392 0.114846286041609 0.0028233942344801847 -0.05144387451196982 0.06722503662004321 0.05144387451196982 -0.1737221141438751 0.31974989448163116 0.1737221141438751 0.01998421917707687 0.0108395258002827 0.01896429536834217 -1.248068786712509 1.0241224884483036 -0.19297213143756703 -0.027129654959222916 0.007956440355771222 0.027129654959222916 0.014937128398230897 0.05151112660860508 -0.014937128398230897 -0.04525628368012593 0.18664685288125094 0.04525628368012593 -0.05073991617500077 -0.144740041966681 0.05073991617500077 0.002893033979516694 -0.10865949109256552 0.14203284662106175 -0.0028233942344801847 0.114846286041609 0.06020694208596392 0.04902638050570243 0.04777604862624694 -0.04902638050570243 -0.028066409015314018 0.05294132800095487 0.028066409015314018 -0.01896429536834217 0.0108395258002827 -0.01998421917707687 0.19297213143756703 1.0241224884483036 1.248068786712509
0.0249812847 0.01386227232 -0.0337301982 -0.04954245966 0.057824584559999996 0.04465709874 -0.00432899208 0.010949295599999999 0.04049836308 0.2783773413 0.22473307799999998 -0.09729250505999999 -0.0029909547 0.0037094853599999996 0.02892659274 1.8167682132 1.43870641254 -13.887398228219999 0.07250306238 3.0472890687 2.4602481703800003 0.03642057342 -0.02179956726 0.056098546019999994 -0.010949295599999999 0.02529940248 0.01643095872 -0.22473307799999998 -5.70361651236 4.64639456718 0.0811132884 0.028566922680000002 0.04678381998 0.058268708280000005 0.030553337519999998 -0.01409836482 0.0422888886 -0.07250306238 -0.18786568266 -0.029234457359999997 -0.03642057342 -0.00475260948 -2.90579869854 -0.24425752302 2.39384115126 0.02242123254 -0.0241718247 0.01226547756 -0.08402890812665276 0.029617186651927023 0.051086125193182265 -0.04473378662165201 0.07210340024520072 0.06179154474159466 -0.005644400820559118 0.03322094397221632 -0.005723193217800425 -1.0312094268446188 -0.07125618300415656 1.047094849599547 -0.02601900051124065 0.02645474634446909 0.039706990854216674 -0.1719043178277221 -0.040276842939315424 0.21161051279913834 -0.014697567675305306 0.01966944752951185 0.04909044907113602 0.05285139324450772 -0.009007005652321988 0.026399830431240303 -0.0009896802623188471 0.09469731912484575 0.07745292648820526 -0.03758118789430221 -0.05235874179104944 -0.02759723610446805 -0.09459982348179465 0.060458441050895775 0.10004604948504986 -0.006693772292909258 -0.001177906544617526 0.01837016885783069 2.2812233511213478 -0.11856823195776026 1.8915643052752662 -0.006405662719158215 0.016256702081322693 -0.00966798631806851 -0.038977962209034475 0.013113362961074775 0.003913753671051814 -0.0059902118973404125 1.2000889920893552 1.1597695694202175
2.39384115126 -2.90579869854 0.24425752302 0.01226547756 0.02242123254 0.0241718247 0.056098546019999994 0.03642057342 0.02179956726 2.4602481703800003 0.07250306238 -3.0472890687 -0.00475260948 -0.029234457359999997 0.03642057342 -0.18786568266 0.0422888886 0.07250306238 -13.887398228219999 1.8167682132 -1.43870641254 0.02892659274 -0.0029909547 -0.0037094853599999996 -0.01409836482 0.058268708280000005 -0.030553337519999998 0.04678381998 0.0811132884 -0.028566922680000002 -0.09729250505999999 0.2783773413 -0.22473307799999998 0.04049836308 -0.00432899208 -0.010949295599999999 4.64639456718 -0.22473307799999998 5.70361651236 0.01643095872 -0.010949295599999999 -0.02529940248 -0.0337301982 0.0249812847 -0.01386227232 0.04465709874 -0.04954245966 -0.057824584559999996 0.04909044907113602 -0.014697567675305306 -0.01966944752951185 0.026399830431240303 0.05285139324450772 0.009007005652321988 -0.00966798631806851 -0.006405662719158215 -0.016256702081322693 1.8915643052752662 2.2812233511213478 0.11856823195776026 0.051086125193182265 -0.08402890812665276 -0.029617186651927023 0.06179154474159466 -0.04473378662165201 -0.07210340024520072 0.10004604948504986 -0.09459982348179465 -0.060458441050895775 0.01837016885783069 -0.006693772292909258 0.001177906544617526 0.039706990854216674 -0.02601900051124065 -0.02645474634446909 0.21161051279913834 -0.1719043178277221 0.040276842939315424 0.003913753671051814 -0.038977962209034475 -0.013113362961074775 1.1597695694202175 -0.0059902118973404125 -1.2000889920893552 1.047094849599547 -1.0312094268446188 0.07125618300415656 -0.005723193217800425 -0.005644400820559118 -0.03322094397221632 0.07745292648820526 -0.0009896802623188471 -0.09469731912484575 -0.02759723610446805 -0.03758118789430221 0.05235874179104944
-2.90579869854 2.39384115126 -0.24425752302 0.02242123254 0.01226547756 -0.0241718247 -0.029234457359999997 -0.00475260948 -0.03642057342 0.0422888886 -0.18786568266 -0.07250306238 0.03642057342 0.056098546019999994 -0.02179956726 0.07250306238 2.4602481703800003 3.0472890687 1.8167682132 -13.887398228219999 1.43870641254 -0.0029909547 0.02892659274 0.0037094853599999996 0.058268708280000005 -0.01409836482 0.030553337519999998 0.0811132884 0.04678381998 0.028566922680000002 -0.22473307799999998 4.64639456718 -5.70361651236 -0.010949295599999999 0.01643095872 0.02529940248 0.2783773413 -0.09729250505999999 0.22473307799999998 -0.00432899208 0.04049836308 0.010949295599999999 0.0249812847 -0.0337301982 0.01386227232 -0.04954245966 0.04465709874 0.057824584559999996 -0.014697567675305306 0.04909044907113602 0.01966944752951185 0.05285139324450772 0.026399830431240303 -0.009007005652321988 -0.006405662719158215 -0.00966798631806851 0.016256702081322693 2.2812233511213478 1.8915643052752662 -0.11856823195776026 -0.09459982348179465 0.10004604948504986 0.060458441050895775 -0.006693772292909258 0.01837016885783069 -0.001177906544617526 -0.08402890812665276 0.051086125193182265 0.029617186651927023 -0.04473378662165201 0.06179154474159466 0.07210340024520072 -0.038977962209034475 0.003913753671051814 0.013113362961074775 -0.0059902118973404125 1.1597695694202175 1.2000889920893552 -0.02601900051124065 0.039706990854216674 0.02645474634446909 -0.1719043178277221 0.21161051279913834 -0.040276842939315424 -1.0312094268446188 1.047094849599547 -0.07125618300415656 -0.005644400820559118 -0.005723193217800425 0.03322094397221632 -0.0009896802623188471 0.07745292648820526 0.09469731912484575 -0.03758118789430221 -0.02759723610446805 -0.05235874179104944
-0.12461258952 0.12461258952 -0.03505933152 0.0023447358 -0.0023447358 0.03581239914 -0.04509447696 0.029234457359999997 0.056098546019999994 -2.6260344824399997 -0.0422888886 2.4602481703800003 -0.029234457359999997 0.04509447696 0.056098546019999994 0.0422888886 2.6260344824399997 2.4602481703800003 -1.43870641254 1.43870641254 -17.09555937732 -0.0037094853599999996 0.0037094853599999996 0.08204362776 -0.030553337519999998 0.030553337519999998 0.09145602863999999 -0.028566922680000002 0.028566922680000002 -0.00323001522 0.2783773413 -5.50172477664 4.64639456718 -0.00432899208 0.05399314056 0.01643095872 5.50172477664 -0.2783773413 4.64639456718 -0.05399314056 0.00432899208 0.01643095872 0.06238697094 -0.06238697094 0.03216767058 -0.043230020759999994 0.043230020759999994 0.08271898722 -0.027129654959222916 0.027129654959222916 0.007956440355771222 0.014937128398230897 -0.014937128398230897 0.05151112660860508 -0.028066409015314018 0.028066409015314018 0.05294132800095487 0.04902638050570243 -0.04902638050570243 0.04777604862624694 0.002893033979516694 0.14203284662106175 -0.10865949109256552 -0.0028233942344801847 0.06020694208596392 0.114846286041609 -0.14203284662106175 -0.002893033979516694 -0.10865949109256552 -0.06020694208596392 0.0028233942344801847 0.114846286041609 -0.01896429536834217 -0.01998421917707687 0.0108395258002827 0.19297213143756703 1.248068786712509 1.0241224884483036 0.01998421917707687 0.01896429536834217 0.0108395258002827 -1.248068786712509 -0.19297213143756703 1.0241224884483036 -0.1737221141438751 0.1737221141438751 0.31974989448163116 -0.05144387451196982 0.05144387451196982 0.06722503662004321 -0.04525628368012593 0.04525628368012593 0.18664685288125094 -0.05073991617500077 0.05073991617500077 -0.144740041966681
0.01226547756 0.02242123254 0.0241718247 2.39384115126 -2.90579869854 0.24425752302 2.4602481703800003 0.07250306238 -3.0472890687 0.056098546019999994 0.03642057342 0.02179956726 -0.18786568266 0.0422888886 0.07250306238 -0.00475260948 -0.029234457359999997 0.03642057342 0.02892659274 -0.0029909547 -0.0037094853599999996 -13.887398228219999 1.8167682132 -1.43870641254 0.04678381998 0.0811132884 -0.028566922680000002 -0.01409836482 0.058268708280000005 -0.030553337519999998 0.04049836308 -0.00432899208 -0.010949295599999999 -0.09729250505999999 0.2783773413 -0.22473307799999998 0.01643095872 -0.010949295599999999 -0.02529940248 4.64639456718 -0.22473307799999998 5.70361651236 0.04465709874 -0.04954245966 -0.057824584559999996 -0.0337301982 0.0249812847 -0.01386227232 0.026399830431240303 0.05285139324450772 0.009007005652321988 0.04909044907113602 -0.014697567675305306 -0.01966944752951185 1.8915643052752662 2.2812233511213478 0.11856823195776026 -0.00966798631806851 -0.006405662719158215 -0.016256702081322693 0.06179154474159466 -0.04473378662165201 -0.07210340024520072 0.051086125193182265 -0.08402890812665276 -0.029617186651927023 0.01837016885783069 -0.006693772292909258 0.001177906544617526 0.10004604948504986 -0.09459982348179465 -0.060458441050895775 0.21161051279913834 -0.1719043178277221 0.040276842939315424 0.039706990854216674 -0.02601900051124065 -0.02645474634446909 1.1597695694202175 -0.0059902118973404125 -1.2000889920893552 0.003913753671051814 -0.038977962209034475 -0.013113362961074775 -0.005723193217800425 -0.005644400820559118 -0.03322094397221632 1.047094849599547 -1.0312094268446188 0.07125618300415656 -0.02759723610446805 -0.03758118789430221 0.05235874179104944 0.07745292648820526 -0.0009896802623188471 -0.09469731912484575
