1.827009 1.775007 -3.576640
-0.018554 -5.481576 -1.875317
-7.370205 1.781534 -1.813915
-7.388759 -3.700042 -3.689232
-5.543196 3.556541 -5.390555
1.808455 -3.706569 -5.451957
32 2
direct
0.125000 0.187500 0.062500 Al
0.625000 0.687500 0.562500 Al
0.125000 0.937500 0.312500 Al
0.625000 0.437500 0.812500 Al
0.250000 0.625000 0.875000 Al
0.750000 0.125000 0.375000 Al
0.250000 0.375000 0.125000 Al
0.750000 0.875000 0.625000 Al
0.250000 0.125000 0.375000 Al
0.750000 0.625000 0.875000 Al
0.250000 0.875000 0.625000 Al
0.750000 0.375000 0.125000 Al
0.875000 0.562500 0.187500 Al
0.375000 0.062500 0.687500 Al
0.875000 0.312500 0.437500 Al
0.375000 0.812500 0.937500 Al
0.375000 0.562500 0.187500 Al
0.875000 0.062500 0.687500 Al
0.375000 0.312500 0.437500 Al
0.875000 0.812500 0.937500 Al
0.500000 0.750000 0.250000 Al
0.000000 0.250000 0.750000 Al
0.000000 0.000000 0.000000 Al
0.500000 0.500000 0.500000 Al
0.625000 0.187500 0.062500 Ni
0.125000 0.687500 0.562500 Ni
0.625000 0.937500 0.312500 Ni
0.125000 0.437500 0.812500 Ni
0.500000 0.250000 0.750000 Ni
0.000000 0.750000 0.250000 Ni
0.500000 0.000000 0.000000 Ni
0.000000 0.500000 0.500000 Ni
-11.010248747459999 0.03335703714 0.35303140872 0.00021261816000000001 0.059986112579999994 -0.07611325397999999 1.57747537818 -1.8698579964000002 -0.006313788 -0.04192247304 0.0022111749 0.009154183140000001 0.11892235554 -0.03153332376 0.062494359299999996 0.22494407723999998 0.04529765142 0.007556578919999999 1.6956732670199999 0.034759831320000004 2.15254382346 0.07809292332 0.08675090748 -0.07871054129999999 -0.12611575674 -0.044805499740000004 0.0061680851999999994 0.00016647894 -0.01154343924 -0.07027677756 -0.07712858664 0.04018537188 0.06454607058 1.50799241106 1.7533391974199999 0.09717648245999999 -0.1817413083 0.02555815986 0.02714281272 1.8616449454200001 -0.018982106819999997 -2.3716230931799998 1.6700789512799998 -0.03312337302 -2.02348594944 -0.23228992673999999 -0.059218204860000005 -0.09530636004 0.03146694804 0.0183140325 0.00815989644 0.055806870599999996 0.0185595687 0.01699137486 0.1238365872 -0.10139349923999999 -0.0056648709 0.09557348184 -0.00458694 0.03391070778 -0.05189906754 0.05093041374 -0.08633106756 -0.14977681218 0.09397210014 -0.05545934244 1.59713527284 0.01587512952 1.78863731964 0.032826571019999994 -0.038041921799999996 0.010591514279999999 0.07446995775224141 0.06816497420733598 0.03729864950015409 0.06208442961214821 -0.03491179698170276 0.02329668339241345 -0.050404849516025106 0.018022368074048358 0.017152070231792098 0.6132491865571004 -0.5027615526719764 -0.028700329665846354 0.1293643821454202 0.045945120243887055 -0.09855058570306585 0.037168920603686074 -0.018358230615824433 0.03752030286007029 0.4421395577055948 0.3913495009141678 0.14106863460835625 -0.04785046366808596 0.03317239512139087 0.07562717134404809
0.03335703714 -11.50479777816 1.12314409776 0.059986112579999994 -0.06724022328 -0.08050916142 -1.9032134146199997 1.62207770346 -0.06739483014 0.01732541202 0.04357646964 0.04172982156 -0.02464616826 -0.06938583192 -0.02935344798 0.06316135434 -0.013828814640000001 -0.00683508024 0.036324787319999996 -0.19292426802 0.01127874582 0.01572052266 0.02342469312 -0.03918946626 -0.008008797239999999 1.6319134519199998 1.9819876334399997 0.04271736276 0.35573203709999995 0.0011742566399999999 -0.029046123 0.08939055654 0.028497848760000003 1.8418649808599998 1.55960924688 0.00905866686 0.039757977 1.9450962241199998 -2.59980042348 -0.03843666846 -0.26466481908 0.01189420524 0.00495821232 -0.17051652647999999 0.00314286336 -0.07635582215999999 2.0506160806200002 -2.6092894532399997 0.02912383116 0.14118547356 0.00620154288 -0.03914440632 0.059717102040000004 -0.00672850134 -0.03652661268 0.0242662617 0.049393249199999996 0.010337343839999999 0.13715652132 -0.03492361206 -0.039273110459999996 0.32823683946 0.05366638854 0.07229125368 1.6383375963 1.9884077305199999 0.01587512952 -0.17796760577999998 -0.026548129440000002 -0.038041921799999996 -0.07376258213999999 0.03134444976 -0.051542563979221565 -0.09418795413257872 0.000397543458808415 0.035976688168661036 -0.025780235671115474 0.0032424265288998654 0.058773557162412456 0.07492042741727757 0.07779117667838258 -0.5315804688750849 0.6787614833906456 0.03912559846851188 0.04367327279009603 -0.0347104386331972 -0.030471566838174938 0.15123683326648701 -0.06291334154878277 0.00476773591589952 0.2915696742258575 0.4164397061973215 0.09012417655364825 -0.0560524338677859 0.02489123458304941 -0.02465366356712486
0.35303140872 1.12314409776 -14.307709523760002 -0.07611325397999999 -0.08050916142 0.20416254084 0.07336216926 -0.08949578634 -0.0870385356 -0.07201495799999999 -0.0667858464 0.13232998116 0.05158202904 0.0037958277599999994 0.11422371006000001 -0.00309024846 -0.05198244192 0.02880571338 1.9249339246199997 0.03164691798 1.6215928369200001 -0.07095483522 -0.05468549868 0.02569253022 0.06818000634 1.83478760226 1.5923977732799999 -0.07644971952 -0.016089366600000002 -0.06089513616 0.03895337376 0.058294611 0.28190577744 0.026581856940000002 -0.026871103979999998 -0.1702941948 0.0096433668 -2.37301644366 2.00836011006 -1.9977580728000002 0.008480442599999999 1.70738426448 -1.9605998114999998 0.007668014579999999 1.5935105109599998 0.02154755538 -2.32491428316 1.9555029117000002 0.025794252360000002 0.02260659888 -0.09225847331999999 -0.08555560488 0.01844057808 0.05082761232 0.03369404232 0.14996028978 0.04687124166 -0.0161284905 -0.05267210184 0.07255216962 0.04773763368 0.00202338018 -0.06260417604 0.00699670242 1.8438937574399998 1.61868013002 1.78863731964 -0.026548129440000002 1.47253347612 0.010591514279999999 0.03134444976 0.014531425919999999 -0.017285380600861985 -0.0008094128080243404 -0.029489845403860262 0.052402117403672184 0.05941862017215064 0.09486922980973587 -0.004636813195230883 0.08483195387227375 -0.0030832499688164157 -0.07831486756105714 -0.0173876515407156 0.019882346178623465 0.1055432119875318 -0.007723246695248968 -0.06785139638397159 0.05181634766256509 -0.04220646078892704 0.02893591097476986 -0.1278450418794237 -0.14861519532191259 -0.03838622334692426 -0.07121240945013362 0.035418774325568544 0.3432889241867717
0.00021261816000000001 0.059986112579999994 -0.07611325397999999 -11.010248747459999 0.03335703714 0.35303140872 -0.04192247304 0.0022111749 0.009154183140000001 1.57747537818 -1.8698579964000002 -0.006313788 0.22494407723999998 0.04529765142 0.007556578919999999 0.11892235554 -0.03153332376 0.062494359299999996 0.07809292332 0.08675090748 -0.07871054129999999 1.6956732670199999 0.034759831320000004 2.15254382346 0.00016647894 -0.01154343924 -0.07027677756 -0.12611575674 -0.044805499740000004 0.0061680851999999994 1.50799241106 1.7533391974199999 0.09717648245999999 -0.07712858664 0.04018537188 0.06454607058 1.8616449454200001 -0.018982106819999997 -2.3716230931799998 -0.1817413083 0.02555815986 0.02714281272 -0.23228992673999999 -0.059218204860000005 -0.09530636004 1.6700789512799998 -0.03312337302 -2.02348594944 0.055806870599999996 0.0185595687 0.01699137486 0.03146694804 0.0183140325 0.00815989644 0.09557348184 -0.00458694 0.03391070778 0.1238365872 -0.10139349923999999 -0.0056648709 -0.14977681218 0.09397210014 -0.05545934244 -0.05189906754 0.05093041374 -0.08633106756 0.032826571019999994 -0.038041921799999996 0.010591514279999999 1.59713527284 0.01587512952 1.78863731964 0.06208442961214821 -0.03491179698170276 0.02329668339241345 0.07446995775224141 0.06816497420733598 0.03729864950015409 0.6132491865571004 -0.5027615526719764 -0.028700329665846354 -0.050404849516025106 0.018022368074048358 0.017152070231792098 0.037168920603686074 -0.018358230615824433 0.03752030286007029 0.1293643821454202 0.045945120243887055 -0.09855058570306585 -0.04785046366808596 0.03317239512139087 0.07562717134404809 0.4421395577055948 0.3913495009141678 0.14106863460835625
0.059986112579999994 -0.06724022328 -0.08050916142 0.03335703714 -11.50479777816 1.12314409776 0.01732541202 0.04357646964 0.04172982156 -1.9032134146199997 1.62207770346 -0.06739483014 0.06316135434 -0.013828814640000001 -0.00683508024 -0.02464616826 -0.06938583192 -0.02935344798 0.01572052266 0.02342469312 -0.03918946626 0.036324787319999996 -0.19292426802 0.01127874582 0.04271736276 0.35573203709999995 0.0011742566399999999 -0.008008797239999999 1.6319134519199998 1.9819876334399997 1.8418649808599998 1.55960924688 0.00905866686 -0.029046123 0.08939055654 0.028497848760000003 -0.03843666846 -0.26466481908 0.01189420524 0.039757977 1.9450962241199998 -2.59980042348 -0.07635582215999999 2.0506160806200002 -2.6092894532399997 0.00495821232 -0.17051652647999999 0.00314286336 -0.03914440632 0.059717102040000004 -0.00672850134 0.02912383116 0.14118547356 0.00620154288 0.010337343839999999 0.13715652132 -0.03492361206 -0.03652661268 0.0242662617 0.049393249199999996 0.07229125368 1.6383375963 1.9884077305199999 -0.039273110459999996 0.32823683946 0.05366638854 -0.038041921799999996 -0.07376258213999999 0.03134444976 0.01587512952 -0.17796760577999998 -0.026548129440000002 0.035976688168661036 -0.025780235671115474 0.0032424265288998654 -0.051542563979221565 -0.09418795413257872 0.000397543458808415 -0.5315804688750849 0.6787614833906456 0.03912559846851188 0.058773557162412456 0.07492042741727757 0.07779117667838258 0.15123683326648701 -0.06291334154878277 0.00476773591589952 0.04367327279009603 -0.0347104386331972 -0.030471566838174938 -0.0560524338677859 0.02489123458304941 -0.02465366356712486 0.2915696742258575 0.4164397061973215 0.09012417655364825
-0.07611325397999999 -0.08050916142 0.20416254084 0.35303140872 1.12314409776 -14.307709523760002 -0.07201495799999999 -0.0667858464 0.13232998116 0.07336216926 -0.08949578634 -0.0870385356 -0.00309024846 -0.05198244192 0.02880571338 0.05158202904 0.0037958277599999994 0.11422371006000001 -0.07095483522 -0.05468549868 0.02569253022 1.9249339246199997 0.03164691798 1.6215928369200001 -0.07644971952 -0.016089366600000002 -0.06089513616 0.06818000634 1.83478760226 1.5923977732799999 0.026581856940000002 -0.026871103979999998 -0.1702941948 0.03895337376 0.058294611 0.28190577744 -1.9977580728000002 0.008480442599999999 1.70738426448 0.0096433668 -2.37301644366 2.00836011006 0.02154755538 -2.32491428316 1.9555029117000002 -1.9605998114999998 0.007668014579999999 1.5935105109599998 -0.08555560488 0.01844057808 0.05082761232 0.025794252360000002 0.02260659888 -0.09225847331999999 -0.0161284905 -0.05267210184 0.07255216962 0.03369404232 0.14996028978 0.04687124166 0.00699670242 1.8438937574399998 1.61868013002 0.04773763368 0.00202338018 -0.06260417604 0.010591514279999999 0.03134444976 0.014531425919999999 1.78863731964 -0.026548129440000002 1.47253347612 0.052402117403672184 0.05941862017215064 0.09486922980973587 -0.017285380600861985 -0.0008094128080243404 -0.029489845403860262 -0.07831486756105714 -0.0173876515407156 0.019882346178623465 -0.004636813195230883 0.08483195387227375 -0.0030832499688164157 0.05181634766256509 -0.04220646078892704 0.02893591097476986 0.1055432119875318 -0.007723246695248968 -0.06785139638397159 -0.07121240945013362 0.035418774325568544 0.3432889241867717 -0.1278450418794237 -0.14861519532191259 -0.03838622334692426
1.57747537818 -1.9032134146199997 0.07336216926 -0.04192247304 0.01732541202 -0.07201495799999999 -10.9730761857 -1.04879034 1.5111822231 -0.05471652798 0.00954191448 -0.02502607482 0.01598602554 -0.06412704012 -0.02299621896 1.62706802436 1.89963317304 -0.06719678226 0.0942319368 -0.0746389575 0.10714714092000001 0.17361945648 -0.00010442034 0.02945543994 1.5350639913 -0.02385370692 1.8785424229199998 0.03253381632 -0.01181730654 -0.01494209196 -0.2380473459 0.0463888035 -0.06334672068 -0.01524456018 0.02611560798 -0.10792206396 0.11782877507999999 0.02963406078 0.0674158761 0.0667979883 -0.02281678866 -0.0015042465 -0.0435813264 -0.09090613548 0.08143194581999999 1.64783903778 -0.02688864228 -2.02232599326 -0.32045145318 -0.05079739248 0.0200570697 1.7788690261800002 0.10921126392000001 -2.1999463407 0.0421027128 -0.05471571851999999 0.01406059002 0.08410936967999999 0.02394814392 -0.0418463838 1.526722506 1.7803913506199998 0.06372770652 -0.05927324813999999 -0.00205306038 0.045019736819999996 -0.14977681218 0.07229125368 0.00699670242 -0.05189906754 -0.039273110459999996 0.04773763368 -0.008266834647933948 0.01220167921319682 -0.013069191465651619 0.5558242527999949 -0.5814803307542453 0.03850520782558663 0.029130504319471878 0.12121374638634717 0.01827585674598125 -0.010118455983104674 0.0014544758177625194 0.026872982756088355 0.02015453809636616 -0.022779359572142242 -0.0016120606122451342 0.6083302329091216 -0.08061815238546464 0.5901642079895979 0.4163322620192652 0.01412373617620447 0.003959914873476014 0.08769752989517605 0.004669046448647782 0.020833426125122075
-1.8698579964000002 1.62207770346 -0.08949578634 0.0022111749 0.04357646964 -0.0667858464 -1.04879034 -12.807554844059998 1.0440428571 0.00954191448 -0.10637356697999999 -0.030699579959999997 0.006893900999999999 0.10710612827999999 0.07004554182 1.7349655347000001 1.51714902258 0.046526141879999997 -0.015127188480000001 -0.0039987324 -0.07726619484 0.00592983414 -0.10595480634 -0.03454478478 0.04290974442 -0.16422513353999998 -0.0086369382 -0.05688776952 -0.02413081206 -0.027898578539999996 0.10315650311999999 1.65342916854 1.96148455128 -0.06497211636 0.33175745082 0.09952553537999999 0.0274096647 0.13164679692 -0.00344883924 -0.058038282000000004 0.0044749646999999995 0.01458997686 -0.032670884879999994 1.9072617938999998 -2.38791617388 -0.07578677178 -0.16631947638 0.059269200839999994 0.16080894252 2.0482481402999997 -2.60479695024 -0.0389781972 -0.2301686019 0.14749251606 -0.05126418108 0.0943547049 -0.04585698828 -0.07403294178 0.06228309024 0.04707765396 1.7803913506199998 1.55058592644 -0.005006240279999999 -0.00205306038 0.052282211940000003 0.0062355402 0.09397210014 1.6383375963 1.8438937574399998 0.05093041374 0.32823683946 0.00202338018 0.04412692598633386 0.0366997476928401 0.06741127319534085 -0.42950571413177147 0.5773278122430683 -0.0003028334055587626 -0.11965182639052833 -0.027786258269567144 0.006484853057799731 -0.0502058788159208 -0.0469069446081913 -7.361915903859538e-05 -0.03125511345518572 0.04763716707757413 -0.04836181836735404 -0.08887225290859192 -0.012680402717647794 -0.030840856457568542 0.02821842263019371 0.01716042700119648 -0.02044105590451637 0.007902718266743058 0.038195609416224324 0.05848902906126329
-0.006313788 -0.06739483014 -0.0870385356 0.009154183140000001 0.04172982156 0.13232998116 1.5111822231 1.0440428571 -13.23204888924 -0.02502607482 -0.030699579959999997 0.17920958724 -0.036179354340000004 0.019735714079999998 0.24967955591999996 0.02618252334 0.11570259348 -0.14639111081999998 0.05780677644 -0.11384299404 0.13483687878 -0.0121877694 -0.04158573768 -0.08429527566 1.8602982738 -0.06980459255999999 1.5512755863599998 0.06552632664 0.00577468764 -0.038238080939999995 0.031005016199999996 1.8464896956599999 1.65689122896 0.046253623679999994 -0.0025848755999999997 -0.02431321038 0.11691111725999999 0.03363063462 0.04731239736 -0.0428770962 0.0062916627599999995 0.02457088848 0.04001349654 -2.2963638195 1.96081674678 -2.0381045272200002 0.06824773115999999 1.69264372806 -0.09525266586 -2.6471589600599996 2.07480463416 -1.9952473976999998 -0.08862480738 1.69630761384 0.023472990899999997 -0.04087476198 0.0261752382 -0.02863221912 0.15709675896 0.07918191684 0.06372770652 -0.005006240279999999 -0.22911522461999997 0.045019736819999996 0.0062355402 0.25567603559999996 -0.05545934244 1.9884077305199999 1.61868013002 -0.08633106756 0.05366638854 -0.06260417604 0.01586114832951532 0.07333303917184537 -0.009087787756564339 0.036513511117542474 -0.012809335731315388 0.10751739927396678 -0.02625617358576499 0.01954489187124655 -0.0164278168834124 -0.021454612650847735 0.03410835329468155 -0.037632124393528914 0.03900820575545033 -0.05890129635187943 0.0010469838239488887 0.46301596150193947 -0.049510675189756326 0.48963744529309594 0.004755399732493053 -0.0012566989418588334 -0.03760506437831473 0.06090970659873235 -0.004081287000539644 0.12174738580402696
-0.04192247304 0.01732541202 -0.07201495799999999 1.57747537818 -1.9032134146199997 0.07336216926 -0.05471652798 0.00954191448 -0.02502607482 -10.9730761857 -1.04879034 1.5111822231 1.62706802436 1.89963317304 -0.06719678226 0.01598602554 -0.06412704012 -0.02299621896 0.17361945648 -0.00010442034 0.02945543994 0.0942319368 -0.0746389575 0.10714714092000001 0.03253381632 -0.01181730654 -0.01494209196 1.5350639913 -0.02385370692 1.8785424229199998 -0.01524456018 0.02611560798 -0.10792206396 -0.2380473459 0.0463888035 -0.06334672068 0.0667979883 -0.02281678866 -0.0015042465 0.11782877507999999 0.02963406078 0.0674158761 1.64783903778 -0.02688864228 -2.02232599326 -0.0435813264 -0.09090613548 0.08143194581999999 1.7788690261800002 0.10921126392000001 -2.1999463407 -0.32045145318 -0.05079739248 0.0200570697 0.08410936967999999 0.02394814392 -0.0418463838 0.0421027128 -0.05471571851999999 0.01406059002 -0.05927324813999999 -0.00205306038 0.045019736819999996 1.526722506 1.7803913506199998 0.06372770652 -0.05189906754 -0.039273110459999996 0.04773763368 -0.14977681218 0.07229125368 0.00699670242 0.5558242527999949 -0.5814803307542453 0.03850520782558663 -0.008266834647933948 0.01220167921319682 -0.013069191465651619 -0.010118455983104674 0.0014544758177625194 0.026872982756088355 0.029130504319471878 0.12121374638634717 0.01827585674598125 0.6083302329091216 -0.08061815238546464 0.5901642079895979 0.02015453809636616 -0.022779359572142242 -0.0016120606122451342 0.08769752989517605 0.004669046448647782 0.020833426125122075 0.4163322620192652 0.01412373617620447 0.003959914873476014
0.0022111749 0.04357646964 -0.0667858464 -1.8698579964000002 1.62207770346 -0.08949578634 0.00954191448 -0.10637356697999999 -0.030699579959999997 -1.04879034 -12.807554844059998 1.0440428571 1.7349655347000001 1.51714902258 0.046526141879999997 0.006893900999999999 0.10710612827999999 0.07004554182 0.00592983414 -0.10595480634 -0.03454478478 -0.015127188480000001 -0.0039987324 -0.07726619484 -0.05688776952 -0.02413081206 -0.027898578539999996 0.04290974442 -0.16422513353999998 -0.0086369382 -0.06497211636 0.33175745082 0.09952553537999999 0.10315650311999999 1.65342916854 1.96148455128 -0.058038282000000004 0.0044749646999999995 0.01458997686 0.0274096647 0.13164679692 -0.00344883924 -0.07578677178 -0.16631947638 0.059269200839999994 -0.032670884879999994 1.9072617938999998 -2.38791617388 -0.0389781972 -0.2301686019 0.14749251606 0.16080894252 2.0482481402999997 -2.60479695024 -0.07403294178 0.06228309024 0.04707765396 -0.05126418108 0.0943547049 -0.04585698828 -0.00205306038 0.052282211940000003 0.0062355402 1.7803913506199998 1.55058592644 -0.005006240279999999 0.05093041374 0.32823683946 0.00202338018 0.09397210014 1.6383375963 1.8438937574399998 -0.42950571413177147 0.5773278122430683 -0.0003028334055587626 0.04412692598633386 0.0366997476928401 0.06741127319534085 -0.0502058788159208 -0.0469069446081913 -7.361915903859538e-05 -0.11965182639052833 -0.027786258269567144 0.006484853057799731 -0.08887225290859192 -0.012680402717647794 -0.030840856457568542 -0.03125511345518572 0.04763716707757413 -0.04836181836735404 0.007902718266743058 0.038195609416224324 0.05848902906126329 0.02821842263019371 0.01716042700119648 -0.02044105590451637
0.009154183140000001 0.04172982156 0.13232998116 -0.006313788 -0.06739483014 -0.0870385356 -0.02502607482 -0.030699579959999997 0.17920958724 1.5111822231 1.0440428571 -13.23204888924 0.02618252334 0.11570259348 -0.14639111081999998 -0.036179354340000004 0.019735714079999998 0.24967955591999996 -0.0121877694 -0.04158573768 -0.08429527566 0.05780677644 -0.11384299404 0.13483687878 0.06552632664 0.00577468764 -0.038238080939999995 1.8602982738 -0.06980459255999999 1.5512755863599998 0.046253623679999994 -0.0025848755999999997 -0.02431321038 0.031005016199999996 1.8464896956599999 1.65689122896 -0.0428770962 0.0062916627599999995 0.02457088848 0.11691111725999999 0.03363063462 0.04731239736 -2.0381045272200002 0.06824773115999999 1.69264372806 0.04001349654 -2.2963638195 1.96081674678 -1.9952473976999998 -0.08862480738 1.69630761384 -0.09525266586 -2.6471589600599996 2.07480463416 -0.02863221912 0.15709675896 0.07918191684 0.023472990899999997 -0.04087476198 0.0261752382 0.045019736819999996 0.0062355402 0.25567603559999996 0.06372770652 -0.005006240279999999 -0.22911522461999997 -0.08633106756 0.05366638854 -0.06260417604 -0.05545934244 1.9884077305199999 1.61868013002 0.036513511117542474 -0.012809335731315388 0.10751739927396678 0.01586114832951532 0.07333303917184537 -0.009087787756564339 -0.021454612650847735 0.03410835329468155 -0.037632124393528914 -0.02625617358576499 0.01954489187124655 -0.0164278168834124 0.46301596150193947 -0.049510675189756326 0.48963744529309594 0.03900820575545033 -0.05890129635187943 0.0010469838239488887 0.06090970659873235 -0.004081287000539644 0.12174738580402696 0.004755399732493053 -0.0012566989418588334 -0.03760506437831473
0.11892235554 -0.02464616826 0.05158202904 0.22494407723999998 0.06316135434 -0.00309024846 0.01598602554 0.006893900999999999 -0.036179354340000004 1.62706802436 1.7349655347000001 0.02618252334 -12.2387910129 0.10308392154 0.5195357117999999 0.055316877480000005 0.0618683769 -0.0565515738 1.78456465656 -2.18837403072 -0.08133535026 0.11055820536 0.0851295591 -0.014388691139999998 -0.0239276376 0.044685160019999996 0.017349426 0.06493434156 0.0710624934 0.0145136178 1.6807452057 -1.86857257392 -0.02725182 0.048598089659999996 -0.06650199576 -0.028710197099999998 0.15363928548 -0.0022106352599999997 -0.0181332531 -0.01719104166 -0.0800569431 0.056571540479999995 0.05385364362 0.0257610645 0.037070839620000004 1.5565605507 0.04973753952 1.8362457095400002 -0.10052629776 -0.058537718819999994 -0.053498290680000005 0.009023050619999999 0.0164428308 -0.04437567648 -0.04441587966 -0.00835173846 -0.03442525452 1.7072668927799999 2.1270965596199995 -0.08988891408 0.0667979883 -0.058038282000000004 -0.0428770962 0.11782877507999999 0.0274096647 0.11691111725999999 -0.1817413083 0.039757977 0.0096433668 1.8616449454200001 -0.03843666846 -1.9977580728000002 -0.04544530584522503 0.07305646989870038 -0.007417229758488537 0.016280180623935003 0.07440787889380886 -0.06570211488144481 0.07783574611520595 0.05908156380617394 0.02502733054192076 0.5101186932790334 0.05028108974056022 0.5515312609745442 0.03653698966015478 0.04290564382909359 -0.08335718304310061 0.574101701311577 -0.1811540677341713 -0.6842912770879447 0.04805779113759464 -0.09161765062863121 0.0496292617270185 0.19148621824918802 -0.08552795338123864 0.03804319785994442
-0.03153332376 -0.06938583192 0.0037958277599999994 0.04529765142 -0.013828814640000001 -0.05198244192 -0.06412704012 0.10710612827999999 0.019735714079999998 1.89963317304 1.51714902258 0.11570259348 0.10308392154 -12.24246973878 0.90836575884 0.0618683769 0.01955331576 -0.1298630169 -2.0860663813199998 1.7297053937999998 0.05866345494 0.07743834000000001 0.24229134468 0.0037745119799999995 0.02287749816 0.06789129894 0.05124745224 0.04923729324 0.04826189394 0.043667668800000004 -1.9620460467 1.6007508608399998 -0.1171410039 0.052851262319999995 0.04989295584 0.02318077584 -0.0022106352599999997 -0.02081310534 -0.027737496 -0.0800569431 -0.01796569488 -0.058937592059999995 0.03263796684 -0.024210948599999997 -0.019442689559999997 -0.10640027915999999 -0.07669930302 -0.020708684999999998 -0.02927169252 1.5918778301399998 1.89360323568 0.051914986919999996 0.34385159268 -0.0027694324800000003 0.00621368478 -0.03872429658 0.002752164 1.9578025875599998 1.61899608924 -0.11124624636 -0.02281678866 0.0044749646999999995 0.0062916627599999995 0.02963406078 0.13164679692 0.03363063462 0.02555815986 1.9450962241199998 -2.37301644366 -0.018982106819999997 -0.26466481908 0.008480442599999999 0.024479763175233694 0.3540297605198026 -0.10890143946389236 0.1150038708360916 0.4936208387091843 0.47895112693189357 0.06594883854957416 0.04526901780493261 -0.03216361367186201 -0.013332628672589726 0.05221548288697435 -0.051681843469294574 -0.09829590320693235 0.7632929915057618 -0.6654232835384529 -0.05919776269503485 0.0006108400493202373 0.033884710227764306 -0.04058882899707899 0.05997374842544167 -0.011020987078777831 -0.011738873364754189 0.046947136689612375 0.08339259982771917
0.062494359299999996 -0.02935344798 0.11422371006000001 0.007556578919999999 -0.00683508024 0.02880571338 -0.02299621896 0.07004554182 0.24967955591999996 -0.06719678226 0.046526141879999997 -0.14639111081999998 0.5195357117999999 0.90836575884 -9.78464778984 -0.0565515738 -0.1298630169 0.17106776874 0.031637744100000004 -0.013203641700000001 -0.22770811332000002 -0.01656532908 -0.04694760072 0.19963873872000001 0.02174128614 0.0076348267200000005 -0.0631662111 0.02704190004 0.06040892052 0.08028844866 -0.08673552774 -0.08304843744 -0.20241140904 -0.02311520958 -0.007099773659999999 0.06277659102 -0.0181332531 -0.027737496 -0.06690267846 0.056571540479999995 -0.058937592059999995 0.12985249391999998 -0.02853535374 0.0255829833 -0.03313578474 1.82303990928 0.10393628292 1.57697809992 0.03365842608 1.9851553202399999 1.6374865840200001 -0.05567303988 -0.04532409378 -0.06273395946 0.00218904966 0.03150769086 0.19690573194 0.05325815088 0.0049889717999999994 -0.22246551072 -0.0015042465 0.01458997686 0.02457088848 0.0674158761 -0.00344883924 0.04731239736 0.02714281272 -2.59980042348 2.00836011006 -2.3716230931799998 0.01189420524 1.70738426448 -0.014291667447092508 0.06787686463358494 0.010939011150334856 -0.002609301761167945 0.5513836247150669 0.6035995055434414 -0.04823169152948581 0.07985131930726262 0.017592193420422834 0.5328721866601621 0.04645727082595556 0.5571999362205161 0.12199092594095462 -0.9754212260665717 0.8177051109218879 -0.5345813449740581 0.04373137223452649 0.5011992347347572 0.05966375207467915 -0.09771331699702691 0.03478923103043851 -0.017814642663139455 -0.003409959858387696 0.11514752768156693
0.22494407723999998 0.06316135434 -0.00309024846 0.11892235554 -0.02464616826 0.05158202904 1.62706802436 1.7349655347000001 0.02618252334 0.01598602554 0.006893900999999999 -0.036179354340000004 0.055316877480000005 0.0618683769 -0.0565515738 -12.2387910129 0.10308392154 0.5195357117999999 0.11055820536 0.0851295591 -0.014388691139999998 1.78456465656 -2.18837403072 -0.08133535026 0.06493434156 0.0710624934 0.0145136178 -0.0239276376 0.044685160019999996 0.017349426 0.048598089659999996 -0.06650199576 -0.028710197099999998 1.6807452057 -1.86857257392 -0.02725182 -0.01719104166 -0.0800569431 0.056571540479999995 0.15363928548 -0.0022106352599999997 -0.0181332531 1.5565605507 0.04973753952 1.8362457095400002 0.05385364362 0.0257610645 0.037070839620000004 0.009023050619999999 0.0164428308 -0.04437567648 -0.10052629776 -0.058537718819999994 -0.053498290680000005 1.7072668927799999 2.1270965596199995 -0.08988891408 -0.04441587966 -0.00835173846 -0.03442525452 0.11782877507999999 0.0274096647 0.11691111725999999 0.0667979883 -0.058038282000000004 -0.0428770962 1.8616449454200001 -0.03843666846 -1.9977580728000002 -0.1817413083 0.039757977 0.0096433668 0.016280180623935003 0.07440787889380886 -0.06570211488144481 -0.04544530584522503 0.07305646989870038 -0.007417229758488537 0.5101186932790334 0.05028108974056022 0.5515312609745442 0.07783574611520595 0.05908156380617394 0.02502733054192076 0.574101701311577 -0.1811540677341713 -0.6842912770879447 0.03653698966015478 0.04290564382909359 -0.08335718304310061 0.19148621824918802 -0.08552795338123864 0.03804319785994442 0.04805779113759464 -0.09161765062863121 0.0496292617270185
0.04529765142 -0.013828814640000001 -0.05198244192 -0.03153332376 -0.06938583192 0.0037958277599999994 1.89963317304 1.51714902258 0.11570259348 -0.06412704012 0.10710612827999999 0.019735714079999998 0.0618683769 0.01955331576 -0.1298630169 0.10308392154 -12.24246973878 0.90836575884 0.07743834000000001 0.24229134468 0.0037745119799999995 -2.0860663813199998 1.7297053937999998 0.05866345494 0.04923729324 0.04826189394 0.043667668800000004 0.02287749816 0.06789129894 0.05124745224 0.052851262319999995 0.04989295584 0.02318077584 -1.9620460467 1.6007508608399998 -0.1171410039 -0.0800569431 -0.01796569488 -0.058937592059999995 -0.0022106352599999997 -0.02081310534 -0.027737496 -0.10640027915999999 -0.07669930302 -0.020708684999999998 0.03263796684 -0.024210948599999997 -0.019442689559999997 0.051914986919999996 0.34385159268 -0.0027694324800000003 -0.02927169252 1.5918778301399998 1.89360323568 1.9578025875599998 1.61899608924 -0.11124624636 0.00621368478 -0.03872429658 0.002752164 0.02963406078 0.13164679692 0.03363063462 -0.02281678866 0.0044749646999999995 0.0062916627599999995 -0.018982106819999997 -0.26466481908 0.008480442599999999 0.02555815986 1.9450962241199998 -2.37301644366 0.1150038708360916 0.4936208387091843 0.47895112693189357 0.024479763175233694 0.3540297605198026 -0.10890143946389236 -0.013332628672589726 0.05221548288697435 -0.051681843469294574 0.06594883854957416 0.04526901780493261 -0.03216361367186201 -0.05919776269503485 0.0006108400493202373 0.033884710227764306 -0.09829590320693235 0.7632929915057618 -0.6654232835384529 -0.011738873364754189 0.046947136689612375 0.08339259982771917 -0.04058882899707899 0.05997374842544167 -0.011020987078777831
0.007556578919999999 -0.00683508024 0.02880571338 0.062494359299999996 -0.02935344798 0.11422371006000001 -0.06719678226 0.046526141879999997 -0.14639111081999998 -0.02299621896 0.07004554182 0.24967955591999996 -0.0565515738 -0.1298630169 0.17106776874 0.5195357117999999 0.90836575884 -9.78464778984 -0.01656532908 -0.04694760072 0.19963873872000001 0.031637744100000004 -0.013203641700000001 -0.22770811332000002 0.02704190004 0.06040892052 0.08028844866 0.02174128614 0.0076348267200000005 -0.0631662111 -0.02311520958 -0.007099773659999999 0.06277659102 -0.08673552774 -0.08304843744 -0.20241140904 0.056571540479999995 -0.058937592059999995 0.12985249391999998 -0.0181332531 -0.027737496 -0.06690267846 1.82303990928 0.10393628292 1.57697809992 -0.02853535374 0.0255829833 -0.03313578474 -0.05567303988 -0.04532409378 -0.06273395946 0.03365842608 1.9851553202399999 1.6374865840200001 0.05325815088 0.0049889717999999994 -0.22246551072 0.00218904966 0.03150769086 0.19690573194 0.0674158761 -0.00344883924 0.04731239736 -0.0015042465 0.01458997686 0.02457088848 -2.3716230931799998 0.01189420524 1.70738426448 0.02714281272 -2.59980042348 2.00836011006 -0.002609301761167945 0.5513836247150669 0.6035995055434414 -0.014291667447092508 0.06787686463358494 0.010939011150334856 0.5328721866601621 0.04645727082595556 0.5571999362205161 -0.04823169152948581 0.07985131930726262 0.017592193420422834 -0.5345813449740581 0.04373137223452649 0.5011992347347572 0.12199092594095462 -0.9754212260665717 0.8177051109218879 -0.017814642663139455 -0.003409959858387696 0.11514752768156693 0.05966375207467915 -0.09771331699702691 0.03478923103043851
1.6956732670199999 0.036324787319999996 1.9249339246199997 0.07809292332 0.01572052266 -0.07095483522 0.0942319368 -0.015127188480000001 0.05780677644 0.17361945648 0.00592983414 -0.0121877694 1.78456465656 -2.0860663813199998 0.031637744100000004 0.11055820536 0.07743834000000001 -0.01656532908 -11.5829206515 1.4637149490599999 -2.2072233861 0.057273342299999995 0.10376116973999999 -0.05357168172 1.66630902624 -2.0056181992199997 -0.059087611979999996 0.10565719488 0.07530406379999999 -0.0273961737 0.0015247528199999999 0.00195835356 -0.02480752062 0.14380623522 0.04773682422 0.05686888212 1.7072668927799999 1.9578025875599998 0.05325815088 -0.04441587966 0.00621368478 0.00218904966 0.1983433329 0.06066174186 0.0037942088399999995 0.008950469039999999 0.0028439028 0.051371569439999994 1.6805698227 0.00682077978 2.03276397996 0.08961990354 0.04790762028 -0.03530702628 -0.16996258602 -0.13105885914 -0.07030214064 -0.03738949704 0.03592599336 -0.044080223579999994 0.0421027128 -0.05126418108 0.023472990899999997 0.08410936967999999 -0.07403294178 -0.02863221912 0.09557348184 0.010337343839999999 -0.0161284905 0.1238365872 -0.03652661268 0.03369404232 0.49629221932878476 0.47120360581123194 0.0056989187923877 -0.022613815949655454 -0.10498569608583952 -0.06286678240495835 0.04575570013738776 0.013007112607219073 -0.0001496259664784425 0.03947379719369442 0.02449090553443953 -0.1314308918367036 0.6369004357370996 -0.030542002466011863 -0.7264746572756595 0.1273241365865506 0.13125500173781138 -0.105312803916811 0.05274275524225077 0.07333303917184537 -0.05111278726699625 0.5112285518442152 -0.13105563309630686 -0.5936306755268151
0.034759831320000004 -0.19292426802 0.03164691798 0.08675090748 0.02342469312 -0.05468549868 -0.0746389575 -0.0039987324 -0.11384299404 -0.00010442034 -0.10595480634 -0.04158573768 -2.18837403072 1.7297053937999998 -0.013203641700000001 0.0851295591 0.24229134468 -0.04694760072 1.4637149490599999 -10.36005539886 -0.6417369199799999 0.10376116973999999 0.08564842296 -0.10897274304 -2.0802852179999998 1.68835385988 0.06790452011999999 0.1356290703 0.20148511698 -0.02186027676 -0.05627716686 0.0555168141 0.014146932420000001 0.11684501136 0.0683831808 0.0244537866 2.1270965596199995 1.61899608924 0.0049889717999999994 -0.00835173846 -0.03872429658 0.03150769086 0.05316587244 -0.05039590032 -0.0514479285 -0.11014106363999998 -0.00767152224 -0.09349613765999999 -0.061387827480000004 -0.21050250137999998 0.03934191456 0.03916059552 0.03312930906 -0.0620437599 -0.13105885914 1.63288750212 2.1408700611600002 0.03592599336 0.33891442632 -0.03506418828 -0.05471571851999999 0.0943547049 -0.04087476198 0.02394814392 0.06228309024 0.15709675896 -0.00458694 0.13715652132 -0.05267210184 -0.10139349923999999 0.0242662617 0.14996028978 0.3950507538775082 0.4390336250769665 -0.02427800688532792 -0.05042713423443679 0.0234419320034896 -0.03371797278107689 0.08787063440426682 0.21033312090446865 0.004298563005053552 -0.005704092030590411 0.5186410063059013 0.5225619229221569 0.018361812088426313 0.09237533105462843 -0.135408714073189 0.053474569477234425 0.7968565630235578 -0.7607087600528071 -0.01257733589499376 0.8468435740693638 -0.8307778838601413 0.06795844262062771 0.13777407775602907 -0.005761395592220453
2.15254382346 0.01127874582 1.6215928369200001 -0.07871054129999999 -0.03918946626 0.02569253022 0.10714714092000001 -0.07726619484 0.13483687878 0.02945543994 -0.03454478478 -0.08429527566 -0.08133535026 0.05866345494 -0.22770811332000002 -0.014388691139999998 0.0037745119799999995 0.19963873872000001 -2.2072233861 -0.6417369199799999 -8.963508900959999 -0.05357168172 -0.10897274304 0.1958663853 -0.0110639691 0.08939244528 -0.23280150546 -0.0473426172 0.00873083556 0.19276183638 0.05323440672 -0.036618621299999994 -0.0586440279 0.04794809328 0.04837683726 0.07207458822 -0.08988891408 -0.11124624636 -0.22246551072 -0.03442525452 0.002752164 0.19690573194 -0.0558770238 -0.0124818732 -0.05454923958 0.0490155012 -0.017217214199999997 0.11113750889999999 2.13019598196 0.023708813579999998 1.6737056019 -0.09417851244 -0.05702807592 -0.02266434036 -0.07030214064 2.1408700611600002 1.71544783518 -0.044080223579999994 -0.03506418828 -0.054026328420000005 0.01406059002 -0.04585698828 0.0261752382 -0.0418463838 0.04707765396 0.07918191684 0.03391070778 -0.03492361206 0.07255216962 -0.0056648709 0.049393249199999996 0.04687124166 -0.21712996002003193 -0.17151194760711636 0.14558288185232288 -0.09787368738131098 0.02332453929042806 0.1439047629676431 -0.04559572769450389 0.04986325127034117 0.01614965584466657 -0.06447486360320141 0.5539885491208325 0.48483707818237937 -0.6702391703637777 0.019104370741215605 0.6599810369491999 -0.020108376893941963 -0.8819989111879942 0.7704053981516905 0.043865876427797 -0.990763856751615 0.8061870950342493 -0.5587363879667215 0.0831219996755773 0.6124095302026601
0.07809292332 0.01572052266 -0.07095483522 1.6956732670199999 0.036324787319999996 1.9249339246199997 0.17361945648 0.00592983414 -0.0121877694 0.0942319368 -0.015127188480000001 0.05780677644 0.11055820536 0.07743834000000001 -0.01656532908 1.78456465656 -2.0860663813199998 0.031637744100000004 0.057273342299999995 0.10376116973999999 -0.05357168172 -11.5829206515 1.4637149490599999 -2.2072233861 0.10565719488 0.07530406379999999 -0.0273961737 1.66630902624 -2.0056181992199997 -0.059087611979999996 0.14380623522 0.04773682422 0.05686888212 0.0015247528199999999 0.00195835356 -0.02480752062 -0.04441587966 0.00621368478 0.00218904966 1.7072668927799999 1.9578025875599998 0.05325815088 0.008950469039999999 0.0028439028 0.051371569439999994 0.1983433329 0.06066174186 0.0037942088399999995 0.08961990354 0.04790762028 -0.03530702628 1.6805698227 0.00682077978 2.03276397996 -0.03738949704 0.03592599336 -0.044080223579999994 -0.16996258602 -0.13105885914 -0.07030214064 0.08410936967999999 -0.07403294178 -0.02863221912 0.0421027128 -0.05126418108 0.023472990899999997 0.1238365872 -0.03652661268 0.03369404232 0.09557348184 0.010337343839999999 -0.0161284905 -0.022613815949655454 -0.10498569608583952 -0.06286678240495835 0.49629221932878476 0.47120360581123194 0.0056989187923877 0.03947379719369442 0.02449090553443953 -0.1314308918367036 0.04575570013738776 0.013007112607219073 -0.0001496259664784425 0.1273241365865506 0.13125500173781138 -0.105312803916811 0.6369004357370996 -0.030542002466011863 -0.7264746572756595 0.5112285518442152 -0.13105563309630686 -0.5936306755268151 0.05274275524225077 0.07333303917184537 -0.05111278726699625
0.08675090748 0.02342469312 -0.05468549868 0.034759831320000004 -0.19292426802 0.03164691798 -0.00010442034 -0.10595480634 -0.04158573768 -0.0746389575 -0.0039987324 -0.11384299404 0.0851295591 0.24229134468 -0.04694760072 -2.18837403072 1.7297053937999998 -0.013203641700000001 0.10376116973999999 0.08564842296 -0.10897274304 1.4637149490599999 -10.36005539886 -0.6417369199799999 0.1356290703 0.20148511698 -0.02186027676 -2.0802852179999998 1.68835385988 0.06790452011999999 0.11684501136 0.0683831808 0.0244537866 -0.05627716686 0.0555168141 0.014146932420000001 -0.00835173846 -0.03872429658 0.03150769086 2.1270965596199995 1.61899608924 0.0049889717999999994 -0.11014106363999998 -0.00767152224 -0.09349613765999999 0.05316587244 -0.05039590032 -0.0514479285 0.03916059552 0.03312930906 -0.0620437599 -0.061387827480000004 -0.21050250137999998 0.03934191456 0.03592599336 0.33891442632 -0.03506418828 -0.13105885914 1.63288750212 2.1408700611600002 0.02394814392 0.06228309024 0.15709675896 -0.05471571851999999 0.0943547049 -0.04087476198 -0.10139349923999999 0.0242662617 0.14996028978 -0.00458694 0.13715652132 -0.05267210184 -0.05042713423443679 0.0234419320034896 -0.03371797278107689 0.3950507538775082 0.4390336250769665 -0.02427800688532792 -0.005704092030590411 0.5186410063059013 0.5225619229221569 0.08787063440426682 0.21033312090446865 0.004298563005053552 0.053474569477234425 0.7968565630235578 -0.7607087600528071 0.018361812088426313 0.09237533105462843 -0.135408714073189 0.06795844262062771 0.13777407775602907 -0.005761395592220453 -0.01257733589499376 0.8468435740693638 -0.8307778838601413
