1.885851 1.827271 -3.702825
-0.024648 -5.685078 -1.965072
-7.662269 1.840886 -1.902092
-7.686917 -3.844192 -3.867164
-5.776418 3.668157 -5.604917
1.861203 -3.857807 -5.667897
32 2
direct
0.125000 0.187500 0.062500 Al
0.625000 0.687500 0.562500 Al
0.125000 0.937500 0.312500 Al
0.625000 0.437500 0.812500 Al
0.250000 0.625000 0.875000 Al
0.750000 0.125000 0.375000 Al
0.250000 0.375000 0.125000 Al
0.750000 0.875000 0.625000 Al
0.250000 0.125000 0.375000 Al
0.750000 0.625000 0.875000 Al
0.250000 0.875000 0.625000 Al
0.750000 0.375000 0.125000 Al
0.875000 0.562500 0.187500 Al
0.375000 0.062500 0.687500 Al
0.875000 0.312500 0.437500 Al
0.375000 0.812500 0.937500 Al
0.375000 0.562500 0.187500 Al
0.875000 0.062500 0.687500 Al
0.375000 0.312500 0.437500 Al
0.875000 0.812500 0.937500 Al
0.500000 0.750000 0.250000 Al
1.000000 0.250000 0.750000 Al
0.000000 0.000000 0.000000 Al
0.500000 0.500000 0.500000 Al
0.625000 0.187500 0.062500 Ni
0.125000 0.687500 0.562500 Ni
0.625000 0.937500 0.312500 Ni
0.125000 0.437500 0.812500 Ni
0.500000 0.250000 0.750000 Ni
1.000000 0.750000 0.250000 Ni
0.500000 0.000000 0.000000 Ni
0.000000 0.500000 0.500000 Ni
-7.6185538758 0.00021936366 0.46210425497999996 -0.0070970754599999995 0.04583648196 -0.041962136579999997 1.13682666996 -1.3362444261 -0.00649888452 -0.05580336294 -0.00244618812 -0.01947371886 0.07945632378 -0.006992655119999999 0.02696014458 0.20433441618 0.03616019712 -0.00263587158 1.1628715851 0.013247352539999998 1.48017774654 0.0744257997 0.0718962372 -0.05964047316 -0.10075375602 -0.044519760359999994 0.00641335158 0.01091475864 -0.01326677958 -0.04756575834 -0.07829852615999999 0.0381039804 0.03741971688 1.1021539905 1.2562838087400001 0.06563155643999999 -0.1242709974 0.047665321919999996 -0.0021464181 1.38269501838 -0.02337612552 -1.7305728651 1.2310240698000001 -0.037204670339999996 -1.4556014616600002 -0.17798568372 -0.07288593696 -0.03474310248 0.011104981739999999 0.02418288732 -0.01309652316 0.03297847968 0.01110147408 -0.01004647788 0.08563115448 -0.08736151014 -0.00945368334 0.08776516086 0.00411988158 0.02364729462 -0.0335197386 0.03480300252 -0.05959649250000001 -0.11326611888 0.09417311604 -0.00154930644 1.09305458082 0.02475004896 1.21747047156 0.0184664808 -0.0276686919 -0.0030621871799999998 0.017887067997977422 0.05964902824287144 0.01063140244797359 0.03705232377342495 -0.0023749142764450657 0.005630472871551816 -0.060230022687176026 0.030581796606032725 0.01480103243935955 0.3042301798734949 -0.19986845590318247 -0.018545661015322696 0.13218419490729852 0.024167379176069922 -0.0889633814892397 0.018341915018415884 -0.005333608586996183 0.011272088102309475 0.22411542335929413 0.08052980939461833 0.1158797398579508 -0.001362949295714536 0.000573035616300418 0.09004180268380506
0.00021936366 -8.09074858932 1.07309950308 0.04583648196 -0.044367851699999995 -0.05376999941999999 -1.35020383362 1.20704327766 -0.04315851846 -0.00330961212 0.03192861006 0.026965001340000003 0.00112083228 -0.06723833454 -0.00514843542 0.06925173138 0.00386436204 0.00597840174 0.02714362218 -0.11938779504 0.015191135819999998 0.0196037721 0.03367515492 -0.038932597619999995 0.007269490439999999 1.1304000972 1.3723485006599998 0.03401027136 0.33296165747999995 0.00528739272 -0.0311426244 0.07305349518 0.007046079479999999 1.3273457625 1.14381905526 0.0028668375 0.00485163342 1.4570172072 -1.94508732006 -0.049118032799999996 -0.17896459067999998 0.013046066819999999 0.00878345046 -0.13460537322000002 0.0063515628 -0.046962171000000004 1.5608760517799998 -1.9622519193599999 0.032322817079999996 0.10817812313999998 0.01349828514 -0.0201609504 0.048920254739999995 -0.027206760059999998 -0.05071078026 0.011099585339999999 0.03518344872 0.0048354442199999995 0.12531007422 -0.03316681404 -0.04424130612 0.30722946372 0.036574101 0.040974055739999994 1.12106378556 1.3648180942800001 0.02475004896 -0.17863648956 -0.02933968716 -0.0276686919 -0.06156914652 0.029079580679999998 -0.049426709554312304 -0.0780916224355401 0.0003052210539600143 0.008111637501852585 -0.019597818077474297 -0.010395821139050083 0.04723484832196321 0.08716269665329567 0.05414908015058805 -0.10902639306355787 0.2787491961353363 0.0259199131025887 0.02491152959446005 -0.045824543999623844 -0.042086680427464246 0.11184461405983534 -0.05870749888997783 0.022000190310533758 -0.0275486872536426 0.08531863620472892 0.06163395994711205 -0.03980130296606612 0.03061601956645067 0.003911763964050771
0.46210425497999996 1.07309950308 -10.43749913526 -0.041962136579999997 -0.05376999941999999 0.18763714512 0.055365714899999995 -0.08163862794 -0.08944290162 -0.07106006502000001 -0.06223668119999999 0.11031401826 0.0223181613 0.0120730959 0.0916106355 -0.00117830394 -0.03389856588 0.02276309448 1.30045792968 0.014340393359999998 1.12401642582 -0.05511694086 -0.04291298226 0.01487220858 0.07946630712 1.25184122244 1.11952743048 -0.04599135864 -0.02391063894 -0.0532125513 0.045817054919999996 0.03168307386 0.24608393459999997 0.01650407994 -0.03172030902 -0.19229207975999998 0.04854682386 -1.77181970886 1.53684183528 -1.4502730563000001 0.008445366000000001 1.27014203376 -1.42089748308 0.03127159836 1.2145164821999999 0.00905407992 -1.7362531157399999 1.49826620952 0.00254386296 0.025138050119999998 -0.0899876682 -0.08164672254 0.0022586632199999997 0.02693370222 0.0125088552 0.11057385491999999 0.027022203180000003 -0.00603938106 -0.03264390288 0.06625861812 0.04742140464 0.00325375938 -0.05007346542 0.01418012028 1.26671262156 1.14111087192 1.21747047156 -0.02933968716 1.0153286126999999 -0.0030621871799999998 0.029079580679999998 2.6442359999999997e-05 -0.04127527791243886 -0.0007700166094036867 -0.029917632409084533 0.04038946035557447 0.06050500019472018 0.06347125539187526 -0.008221867269710373 0.06818128980474453 -0.004028758735712106 -0.06586925026953243 0.007117579884131443 0.00728033791681677 0.0784847885389462 -0.023828333103092174 -0.07066126061084467 0.01835624090882339 -0.01732159326828097 0.009827958760952379 -0.12657361910575712 -0.14922165801583054 -0.017574286057413447 -0.034099200642476755 0.023700593913625206 0.33893584320988956
-0.0070970754599999995 0.04583648196 -0.041962136579999997 -7.6185538758 0.00021936366 0.46210425497999996 -0.05580336294 -0.00244618812 -0.01947371886 1.13682666996 -1.3362444261 -0.00649888452 0.20433441618 0.03616019712 -0.00263587158 0.07945632378 -0.006992655119999999 0.02696014458 0.0744257997 0.0718962372 -0.05964047316 1.1628715851 0.013247352539999998 1.48017774654 0.01091475864 -0.01326677958 -0.04756575834 -0.10075375602 -0.044519760359999994 0.00641335158 1.1021539905 1.2562838087400001 0.06563155643999999 -0.07829852615999999 0.0381039804 0.03741971688 1.38269501838 -0.02337612552 -1.7305728651 -0.1242709974 0.047665321919999996 -0.0021464181 -0.17798568372 -0.07288593696 -0.03474310248 1.2310240698000001 -0.037204670339999996 -1.4556014616600002 0.03297847968 0.01110147408 -0.01004647788 0.011104981739999999 0.02418288732 -0.01309652316 0.08776516086 0.00411988158 0.02364729462 0.08563115448 -0.08736151014 -0.00945368334 -0.11326611888 0.09417311604 -0.00154930644 -0.0335197386 0.03480300252 -0.05959649250000001 0.0184664808 -0.0276686919 -0.0030621871799999998 1.09305458082 0.02475004896 1.21747047156 0.03705232377342495 -0.0023749142764450657 0.005630472871551816 0.017887067997977422 0.05964902824287144 0.01063140244797359 0.3042301798734949 -0.19986845590318247 -0.018545661015322696 -0.060230022687176026 0.030581796606032725 0.01480103243935955 0.018341915018415884 -0.005333608586996183 0.011272088102309475 0.13218419490729852 0.024167379176069922 -0.0889633814892397 -0.001362949295714536 0.000573035616300418 0.09004180268380506 0.22411542335929413 0.08052980939461833 0.1158797398579508
0.04583648196 -0.044367851699999995 -0.05376999941999999 0.00021936366 -8.09074858932 1.07309950308 -0.00330961212 0.03192861006 0.026965001340000003 -1.35020383362 1.20704327766 -0.04315851846 0.06925173138 0.00386436204 0.00597840174 0.00112083228 -0.06723833454 -0.00514843542 0.0196037721 0.03367515492 -0.038932597619999995 0.02714362218 -0.11938779504 0.015191135819999998 0.03401027136 0.33296165747999995 0.00528739272 0.007269490439999999 1.1304000972 1.3723485006599998 1.3273457625 1.14381905526 0.0028668375 -0.0311426244 0.07305349518 0.007046079479999999 -0.049118032799999996 -0.17896459067999998 0.013046066819999999 0.00485163342 1.4570172072 -1.94508732006 -0.046962171000000004 1.5608760517799998 -1.9622519193599999 0.00878345046 -0.13460537322000002 0.0063515628 -0.0201609504 0.048920254739999995 -0.027206760059999998 0.032322817079999996 0.10817812313999998 0.01349828514 0.0048354442199999995 0.12531007422 -0.03316681404 -0.05071078026 0.011099585339999999 0.03518344872 0.040974055739999994 1.12106378556 1.3648180942800001 -0.04424130612 0.30722946372 0.036574101 -0.0276686919 -0.06156914652 0.029079580679999998 0.02475004896 -0.17863648956 -0.02933968716 0.008111637501852585 -0.019597818077474297 -0.010395821139050083 -0.049426709554312304 -0.0780916224355401 0.0003052210539600143 -0.10902639306355787 0.2787491961353363 0.0259199131025887 0.04723484832196321 0.08716269665329567 0.05414908015058805 0.11184461405983534 -0.05870749888997783 0.022000190310533758 0.02491152959446005 -0.045824543999623844 -0.042086680427464246 -0.03980130296606612 0.03061601956645067 0.003911763964050771 -0.0275486872536426 0.08531863620472892 0.06163395994711205
-0.041962136579999997 -0.05376999941999999 0.18763714512 0.46210425497999996 1.07309950308 -10.43749913526 -0.07106006502000001 -0.06223668119999999 0.11031401826 0.055365714899999995 -0.08163862794 -0.08944290162 -0.00117830394 -0.03389856588 0.02276309448 0.0223181613 0.0120730959 0.0916106355 -0.05511694086 -0.04291298226 0.01487220858 1.30045792968 0.014340393359999998 1.12401642582 -0.04599135864 -0.02391063894 -0.0532125513 0.07946630712 1.25184122244 1.11952743048 0.01650407994 -0.03172030902 -0.19229207975999998 0.045817054919999996 0.03168307386 0.24608393459999997 -1.4502730563000001 0.008445366000000001 1.27014203376 0.04854682386 -1.77181970886 1.53684183528 0.00905407992 -1.7362531157399999 1.49826620952 -1.42089748308 0.03127159836 1.2145164821999999 -0.08164672254 0.0022586632199999997 0.02693370222 0.00254386296 0.025138050119999998 -0.0899876682 -0.00603938106 -0.03264390288 0.06625861812 0.0125088552 0.11057385491999999 0.027022203180000003 0.01418012028 1.26671262156 1.14111087192 0.04742140464 0.00325375938 -0.05007346542 -0.0030621871799999998 0.029079580679999998 2.6442359999999997e-05 1.21747047156 -0.02933968716 1.0153286126999999 0.04038946035557447 0.06050500019472018 0.06347125539187526 -0.04127527791243886 -0.0007700166094036867 -0.029917632409084533 -0.06586925026953243 0.007117579884131443 0.00728033791681677 -0.008221867269710373 0.06818128980474453 -0.004028758735712106 0.01835624090882339 -0.01732159326828097 0.009827958760952379 0.0784847885389462 -0.023828333103092174 -0.07066126061084467 -0.034099200642476755 0.023700593913625206 0.33893584320988956 -0.12657361910575712 -0.14922165801583054 -0.017574286057413447
1.13682666996 -1.35020383362 0.055365714899999995 -0.05580336294 -0.00330961212 -0.07106006502000001 -7.56050776902 -0.8541516357 1.34717051718 -0.058231203300000006 -0.0084197331 0.0056683785599999995 0.043515490319999996 -0.051144381 0.01416474054 1.18456619238 1.34062846146 -0.032206794479999995 0.07711509564 -0.032491454579999995 0.0738848106 0.15861260772 -0.014556249359999999 0.034296280559999996 1.04350753422 0.00029734164 1.2604438935 0.00204631488 -0.012403895219999999 0.00046382058 -0.1985011776 0.06512618358 -0.012336170399999999 -0.024064706159999998 0.00773412048 -0.06898676814 0.06939743418 0.03426714 0.0389943864 0.05340871044 0.00083967984 -0.02551256028 -0.04727084508 -0.09287312328 0.047288653199999996 1.2082188833999998 -0.01019460906 -1.4962770964799998 -0.2145069 -0.019196883539999997 0.00124494948 1.31285588886 0.07329768228 -1.59800706126 0.06681903426 -0.03477898854 0.00305490204 0.07326584352 -0.00790869402 -0.01572456996 1.10241004968 1.2614594959799998 0.05119348824 -0.09149515254 0.01507322448 0.030677994359999995 -0.11326611888 0.040974055739999994 0.01418012028 -0.0335197386 -0.04424130612 0.04742140464 -0.005199900276526085 -0.000148034200877608 -0.013118536199277487 0.30901860874220527 -0.2963266657239514 0.032985362663292814 0.019890702948027843 0.100919928799908 -0.007983500370985407 -0.009053962737546604 -0.023426014347481254 0.023998652022381467 -0.00904361626114118 -0.030277371434873128 0.01741709920433104 0.27058184683745445 -0.07985410489706408 0.23722759249616826 0.327356544346619 0.013165095343101896 -0.008292700838947509 0.052560896022355426 0.0426617057507657 -0.010776651059049737
-1.3362444261 1.20704327766 -0.08163862794 -0.00244618812 0.03192861006 -0.06223668119999999 -0.8541516357 -9.195944530499998 1.0002157246799999 -0.0084197331 -0.08611737012 -0.0246048858 0.00322380936 0.11102418450000001 0.046748203739999994 1.20233626776 1.08146527218 0.04005909612 9.335771999999999e-05 0.0056959002 -0.0761607423 -0.00741978018 -0.10877820282 -0.01886284638 0.045586898460000004 -0.1542453012 -0.012166183799999999 -0.053060103 -0.01910757312 -0.007828287659999999 0.08242974018 1.14294187044 1.36232064036 -0.07293450456 0.30901810049999995 0.07370241228 0.02587870602 0.10749008214 -0.00232881642 -0.04684291056 0.0037745119799999995 -0.00600673284 -0.030228744059999996 1.45134316242 -1.7902923955199999 -0.049772076479999997 -0.15060461994000002 0.06982860654 0.11374450974 1.5535293928199998 -1.96287466392 -0.04174439184 -0.16546117896 0.12291865956 -0.04503943368 0.09935150147999999 -0.047440831680000004 -0.07830931896 0.03804488982 0.03614751558 1.2614594959799998 1.1340604753199999 -0.01455894756 0.01507322448 0.04038234048 -0.009885395339999999 0.09417311604 1.12106378556 1.26671262156 0.03480300252 0.30722946372 0.00325375938 0.02146535706865337 0.020943655892979866 0.028939094505971527 -0.10660730729168966 0.24492935035580599 0.014882212485002107 -0.09126228895824491 -0.036509133762140177 0.004258370923632481 -0.0610505778544062 -0.02630193684678898 -0.007312571170233668 -0.04175479729969025 0.04762522883556787 -0.03371041189447293 -0.04344724207477753 -0.045142074498266065 0.005495570736881093 0.03861225406224275 0.006444263034978452 0.008130738689062599 0.002717541822024691 0.014830480102974986 0.04943665808931752
-0.00649888452 -0.04315851846 -0.08944290162 -0.01947371886 0.026965001340000003 0.11031401826 1.34717051718 1.0002157246799999 -9.55677778452 0.0056683785599999995 -0.0246048858 0.16122851262 -0.01479881754 0.01663116516 0.23078271222 0.0315540999 0.07648128846 -0.09488948813999999 0.03736224522 -0.07582157855999999 0.09798081587999999 -0.01995237954 -0.04058794332 -0.05966610606 1.2869442648 -0.06752677212 1.08228876282 0.03270596148 0.00284471226 -0.035558498519999995 0.02591702046 1.26603564318 1.17304568784 0.048728412719999996 -0.00444069756 -0.0179727102 0.07843640418 0.03819625884 0.01979453484 -0.05755611366 -0.0017468146799999998 -0.00118612872 0.0266609142 -1.71270187704 1.50245948214 -1.4823689547599999 0.07694106174 1.28265115878 -0.029769510419999996 -1.9943240736599999 1.58857712208 -1.43393248728 -0.06632931096 1.27228818204 0.029824823519999995 -0.03660755868 0.02101169286 -0.02423469276 0.11456988911999999 0.060099976619999995 0.05119348824 -0.01455894756 -0.223100667 0.030677994359999995 -0.009885395339999999 0.2273705685 -0.00154930644 1.3648180942800001 1.14111087192 -0.05959649250000001 0.036574101 -0.05007346542 0.01682376857661998 0.0459558646616927 -0.02681687301865894 0.004508278122963497 0.025943789586601217 0.10246831878811975 -0.03739853279160645 0.0028552295464968746 -0.031395984710859574 -0.0201887610567841 0.034569169436123134 -0.03551666791001987 0.025081848513749342 -0.05045021483564889 0.0030036616887746913 0.11080519112249042 -0.06441716210017116 0.16253757314961148 0.01775853292571004 0.006067810470381093 -0.01296771640859842 0.033368580231693715 0.01849233686769474 0.07991101051729392
-0.05580336294 -0.00330961212 -0.07106006502000001 1.13682666996 -1.35020383362 0.055365714899999995 -0.058231203300000006 -0.0084197331 0.0056683785599999995 -7.56050776902 -0.8541516357 1.34717051718 1.18456619238 1.34062846146 -0.032206794479999995 0.043515490319999996 -0.051144381 0.01416474054 0.15861260772 -0.014556249359999999 0.034296280559999996 0.07711509564 -0.032491454579999995 0.0738848106 0.00204631488 -0.012403895219999999 0.00046382058 1.04350753422 0.00029734164 1.2604438935 -0.024064706159999998 0.00773412048 -0.06898676814 -0.1985011776 0.06512618358 -0.012336170399999999 0.05340871044 0.00083967984 -0.02551256028 0.06939743418 0.03426714 0.0389943864 1.2082188833999998 -0.01019460906 -1.4962770964799998 -0.04727084508 -0.09287312328 0.047288653199999996 1.31285588886 0.07329768228 -1.59800706126 -0.2145069 -0.019196883539999997 0.00124494948 0.07326584352 -0.00790869402 -0.01572456996 0.06681903426 -0.03477898854 0.00305490204 -0.09149515254 0.01507322448 0.030677994359999995 1.10241004968 1.2614594959799998 0.05119348824 -0.0335197386 -0.04424130612 0.04742140464 -0.11326611888 0.040974055739999994 0.01418012028 0.30901860874220527 -0.2963266657239514 0.032985362663292814 -0.005199900276526085 -0.000148034200877608 -0.013118536199277487 -0.009053962737546604 -0.023426014347481254 0.023998652022381467 0.019890702948027843 0.100919928799908 -0.007983500370985407 0.27058184683745445 -0.07985410489706408 0.23722759249616826 -0.00904361626114118 -0.030277371434873128 0.01741709920433104 0.052560896022355426 0.0426617057507657 -0.010776651059049737 0.327356544346619 0.013165095343101896 -0.008292700838947509
-0.00244618812 0.03192861006 -0.06223668119999999 -1.3362444261 1.20704327766 -0.08163862794 -0.0084197331 -0.08611737012 -0.0246048858 -0.8541516357 -9.195944530499998 1.0002157246799999 1.20233626776 1.08146527218 0.04005909612 0.00322380936 0.11102418450000001 0.046748203739999994 -0.00741978018 -0.10877820282 -0.01886284638 9.335771999999999e-05 0.0056959002 -0.0761607423 -0.053060103 -0.01910757312 -0.007828287659999999 0.045586898460000004 -0.1542453012 -0.012166183799999999 -0.07293450456 0.30901810049999995 0.07370241228 0.08242974018 1.14294187044 1.36232064036 -0.04684291056 0.0037745119799999995 -0.00600673284 0.02587870602 0.10749008214 -0.00232881642 -0.049772076479999997 -0.15060461994000002 0.06982860654 -0.030228744059999996 1.45134316242 -1.7902923955199999 -0.04174439184 -0.16546117896 0.12291865956 0.11374450974 1.5535293928199998 -1.96287466392 -0.07830931896 0.03804488982 0.03614751558 -0.04503943368 0.09935150147999999 -0.047440831680000004 0.01507322448 0.04038234048 -0.009885395339999999 1.2614594959799998 1.1340604753199999 -0.01455894756 0.03480300252 0.30722946372 0.00325375938 0.09417311604 1.12106378556 1.26671262156 -0.10660730729168966 0.24492935035580599 0.014882212485002107 0.02146535706865337 0.020943655892979866 0.028939094505971527 -0.0610505778544062 -0.02630193684678898 -0.007312571170233668 -0.09126228895824491 -0.036509133762140177 0.004258370923632481 -0.04344724207477753 -0.045142074498266065 0.005495570736881093 -0.04175479729969025 0.04762522883556787 -0.03371041189447293 0.002717541822024691 0.014830480102974986 0.04943665808931752 0.03861225406224275 0.006444263034978452 0.008130738689062599
-0.01947371886 0.026965001340000003 0.11031401826 -0.00649888452 -0.04315851846 -0.08944290162 0.0056683785599999995 -0.0246048858 0.16122851262 1.34717051718 1.0002157246799999 -9.55677778452 0.0315540999 0.07648128846 -0.09488948813999999 -0.01479881754 0.01663116516 0.23078271222 -0.01995237954 -0.04058794332 -0.05966610606 0.03736224522 -0.07582157855999999 0.09798081587999999 0.03270596148 0.00284471226 -0.035558498519999995 1.2869442648 -0.06752677212 1.08228876282 0.048728412719999996 -0.00444069756 -0.0179727102 0.02591702046 1.26603564318 1.17304568784 -0.05755611366 -0.0017468146799999998 -0.00118612872 0.07843640418 0.03819625884 0.01979453484 -1.4823689547599999 0.07694106174 1.28265115878 0.0266609142 -1.71270187704 1.50245948214 -1.43393248728 -0.06632931096 1.27228818204 -0.029769510419999996 -1.9943240736599999 1.58857712208 -0.02423469276 0.11456988911999999 0.060099976619999995 0.029824823519999995 -0.03660755868 0.02101169286 0.030677994359999995 -0.009885395339999999 0.2273705685 0.05119348824 -0.01455894756 -0.223100667 -0.05959649250000001 0.036574101 -0.05007346542 -0.00154930644 1.3648180942800001 1.14111087192 0.004508278122963497 0.025943789586601217 0.10246831878811975 0.01682376857661998 0.0459558646616927 -0.02681687301865894 -0.0201887610567841 0.034569169436123134 -0.03551666791001987 -0.03739853279160645 0.0028552295464968746 -0.031395984710859574 0.11080519112249042 -0.06441716210017116 0.16253757314961148 0.025081848513749342 -0.05045021483564889 0.0030036616887746913 0.033368580231693715 0.01849233686769474 0.07991101051729392 0.01775853292571004 0.006067810470381093 -0.01296771640859842
0.07945632378 0.00112083228 0.0223181613 0.20433441618 0.06925173138 -0.00117830394 0.043515490319999996 0.00322380936 -0.01479881754 1.18456619238 1.20233626776 0.0315540999 -8.71129168794 0.0729363933 0.5721819109199999 0.05151997044 0.03429223326 -0.041471334 1.31145444378 -1.56197556828 -0.07236923166 0.08890784856 0.0716938722 0.00080082576 -0.01340843508 0.03904915986 -0.012168072539999998 0.02160259866 0.0436555269 0.00349201044 1.2285511695 -1.3317786352799998 -0.031499326439999996 0.027318195719999997 -0.06877900674 -0.01141149726 0.14030154324 -0.009048953339999999 -0.025559508959999998 -0.027375667379999996 -0.055205711639999995 0.04392102978 0.039501917819999996 0.01076015178 0.01582143534 1.07528342616 0.0616700592 1.2592164823199998 -0.06320209716 -0.028571509619999998 -0.0348135255 0.0035497519199999997 0.01867127418 -0.025156128059999998 -0.0178971606 0.01150701354 -0.02417263416 1.24138569744 1.5233079339 -0.06711718536 0.05340871044 -0.04684291056 -0.05755611366 0.06939743418 0.02587870602 0.07843640418 -0.1242709974 0.00485163342 0.04854682386 1.38269501838 -0.049118032799999996 -1.4502730563000001 -0.004450974561333455 0.04772670389262106 -0.0044784325179478505 0.04663156915924694 0.00035496372898609227 -0.04870404797153345 0.07115311618150254 0.04841514251498199 0.022453843506771588 0.18101041088869602 0.03372513572628064 0.16820704427838376 0.04537049286198581 0.07068832062605887 -0.07776570842876923 0.2843629554680793 -0.15377689322401866 -0.3131472507693697 0.017077655189953085 -0.07497613921330679 0.02631865038559774 0.14134520388150124 -0.034474857324273696 0.015737786495450646
-0.006992655119999999 -0.06723833454 0.0120730959 0.03616019712 0.00386436204 -0.03389856588 -0.051144381 0.11102418450000001 0.01663116516 1.34062846146 1.08146527218 0.07648128846 0.0729363933 -8.715972255479999 0.84996025182 0.03429223326 0.02964404412 -0.1058976045 -1.49369707764 1.25453699406 0.0342280161 0.06650955072 0.21208472586 0.0013469414400000001 0.0137041578 0.07039522854 0.04826162412 0.032599922219999994 0.045108777419999996 0.02407226112 -1.3969577035799998 1.1591229758400001 -0.08301875724 0.043823894579999995 0.02618764992 0.00379744668 -0.009048953339999999 -0.01676688462 -0.029801888819999997 -0.055205711639999995 -0.0246467079 -0.042125917320000004 0.025311814199999998 -0.02242527984 0.00117074898 -0.10574326746000001 -0.08160678918 -0.03705950718 -0.03105169506 1.1044825371 1.30587537564 0.030300786000000003 0.31898740985999996 -0.00871329726 0.00120420666 -0.03705519006 0.0017109286200000001 1.38826194462 1.1708884769399999 -0.0912625677 0.00083967984 0.0037745119799999995 -0.0017468146799999998 0.03426714 0.10749008214 0.03819625884 0.047665321919999996 1.4570172072 -1.77181970886 -0.02337612552 -0.17896459067999998 0.008445366000000001 0.016245559722116852 0.3377698749072783 -0.07864038362642779 0.0763936064808499 0.15267937084224326 0.09302238377136766 0.04924047297901467 0.050564821958908976 -0.018774875261842863 -0.0184811945084889 0.05402173890252129 -0.04637887637011446 -0.08273480269317432 0.37278036135623277 -0.2569611085911137 -0.05052303811188707 0.004033534032514609 0.020887546155550444 -0.019727944915342518 0.04183239587273094 -0.010756753989039306 0.012623895038818167 0.0395000613261082 0.07621015549535372
0.02696014458 -0.00514843542 0.0916106355 -0.00263587158 0.00597840174 0.02276309448 0.01416474054 0.046748203739999994 0.23078271222 -0.032206794479999995 0.04005909612 -0.09488948813999999 0.5721819109199999 0.84996025182 -6.69097828206 -0.041471334 -0.1058976045 0.14138702909999998 0.0035586559800000004 -0.00407725002 -0.13347024048 -0.01970603388 -0.0406524303 0.1689504912 0.00823679514 0.00784825434 -0.06886885679999999 0.00012222846 0.0311318316 0.06209394642 -0.041998292459999996 -0.09232808688000001 -0.15661944738 -0.024048786779999998 -0.0206978922 0.06014044962 -0.025559508959999998 -0.029801888819999997 -0.06288424919999999 0.04392102978 -0.042125917320000004 0.09205907634 -0.00660735216 0.028905816600000002 -0.034859125080000004 1.2276483517799999 0.09992271042 1.10700589374 0.01815564816 1.3683468002399999 1.16233923024 -0.04089176064 -0.03189973932 -0.04959750294 0.01385013042 0.01210439502 0.16743572172 0.030469693319999998 -0.0027375937199999997 -0.13937336244 -0.02551256028 -0.00600673284 -0.00118612872 0.0389943864 -0.00232881642 0.01979453484 -0.0021464181 -1.94508732006 1.53684183528 -1.7305728651 0.013046066819999999 1.27014203376 0.007895157380139094 0.04851542374783456 0.028140028174352613 0.03165385073819476 0.1754404251099759 0.27629747916865094 -0.03847576016197119 0.07059639616261067 0.00861304366611545 0.161462733427648 0.034047070319049424 0.23599477003832195 0.10514845411852485 -0.5602505549945154 0.46383651666916964 -0.20858297462635114 0.05060342227472921 0.23130144916426146 0.02616345323951638 -0.06053245815133458 0.025357621904093915 -0.03067571077648196 0.010176157486134926 0.10444648548855683
0.20433441618 0.06925173138 -0.00117830394 0.07945632378 0.00112083228 0.0223181613 1.18456619238 1.20233626776 0.0315540999 0.043515490319999996 0.00322380936 -0.01479881754 0.05151997044 0.03429223326 -0.041471334 -8.71129168794 0.0729363933 0.5721819109199999 0.08890784856 0.0716938722 0.00080082576 1.31145444378 -1.56197556828 -0.07236923166 0.02160259866 0.0436555269 0.00349201044 -0.01340843508 0.03904915986 -0.012168072539999998 0.027318195719999997 -0.06877900674 -0.01141149726 1.2285511695 -1.3317786352799998 -0.031499326439999996 -0.027375667379999996 -0.055205711639999995 0.04392102978 0.14030154324 -0.009048953339999999 -0.025559508959999998 1.07528342616 0.0616700592 1.2592164823199998 0.039501917819999996 0.01076015178 0.01582143534 0.0035497519199999997 0.01867127418 -0.025156128059999998 -0.06320209716 -0.028571509619999998 -0.0348135255 1.24138569744 1.5233079339 -0.06711718536 -0.0178971606 0.01150701354 -0.02417263416 0.06939743418 0.02587870602 0.07843640418 0.05340871044 -0.04684291056 -0.05755611366 1.38269501838 -0.049118032799999996 -1.4502730563000001 -0.1242709974 0.00485163342 0.04854682386 0.04663156915924694 0.00035496372898609227 -0.04870404797153345 -0.004450974561333455 0.04772670389262106 -0.0044784325179478505 0.18101041088869602 0.03372513572628064 0.16820704427838376 0.07115311618150254 0.04841514251498199 0.022453843506771588 0.2843629554680793 -0.15377689322401866 -0.3131472507693697 0.04537049286198581 0.07068832062605887 -0.07776570842876923 0.14134520388150124 -0.034474857324273696 0.015737786495450646 0.017077655189953085 -0.07497613921330679 0.02631865038559774
0.03616019712 0.00386436204 -0.03389856588 -0.006992655119999999 -0.06723833454 0.0120730959 1.34062846146 1.08146527218 0.07648128846 -0.051144381 0.11102418450000001 0.01663116516 0.03429223326 0.02964404412 -0.1058976045 0.0729363933 -8.715972255479999 0.84996025182 0.06650955072 0.21208472586 0.0013469414400000001 -1.49369707764 1.25453699406 0.0342280161 0.032599922219999994 0.045108777419999996 0.02407226112 0.0137041578 0.07039522854 0.04826162412 0.043823894579999995 0.02618764992 0.00379744668 -1.3969577035799998 1.1591229758400001 -0.08301875724 -0.055205711639999995 -0.0246467079 -0.042125917320000004 -0.009048953339999999 -0.01676688462 -0.029801888819999997 -0.10574326746000001 -0.08160678918 -0.03705950718 0.025311814199999998 -0.02242527984 0.00117074898 0.030300786000000003 0.31898740985999996 -0.00871329726 -0.03105169506 1.1044825371 1.30587537564 1.38826194462 1.1708884769399999 -0.0912625677 0.00120420666 -0.03705519006 0.0017109286200000001 0.03426714 0.10749008214 0.03819625884 0.00083967984 0.0037745119799999995 -0.0017468146799999998 -0.02337612552 -0.17896459067999998 0.008445366000000001 0.047665321919999996 1.4570172072 -1.77181970886 0.0763936064808499 0.15267937084224326 0.09302238377136766 0.016245559722116852 0.3377698749072783 -0.07864038362642779 -0.0184811945084889 0.05402173890252129 -0.04637887637011446 0.04924047297901467 0.050564821958908976 -0.018774875261842863 -0.05052303811188707 0.004033534032514609 0.020887546155550444 -0.08273480269317432 0.37278036135623277 -0.2569611085911137 0.012623895038818167 0.0395000613261082 0.07621015549535372 -0.019727944915342518 0.04183239587273094 -0.010756753989039306
-0.00263587158 0.00597840174 0.02276309448 0.02696014458 -0.00514843542 0.0916106355 -0.032206794479999995 0.04005909612 -0.09488948813999999 0.01416474054 0.046748203739999994 0.23078271222 -0.041471334 -0.1058976045 0.14138702909999998 0.5721819109199999 0.84996025182 -6.69097828206 -0.01970603388 -0.0406524303 0.1689504912 0.0035586559800000004 -0.00407725002 -0.13347024048 0.00012222846 0.0311318316 0.06209394642 0.00823679514 0.00784825434 -0.06886885679999999 -0.024048786779999998 -0.0206978922 0.06014044962 -0.041998292459999996 -0.09232808688000001 -0.15661944738 0.04392102978 -0.042125917320000004 0.09205907634 -0.025559508959999998 -0.029801888819999997 -0.06288424919999999 1.2276483517799999 0.09992271042 1.10700589374 -0.00660735216 0.028905816600000002 -0.034859125080000004 -0.04089176064 -0.03189973932 -0.04959750294 0.01815564816 1.3683468002399999 1.16233923024 0.030469693319999998 -0.0027375937199999997 -0.13937336244 0.01385013042 0.01210439502 0.16743572172 0.0389943864 -0.00232881642 0.01979453484 -0.02551256028 -0.00600673284 -0.00118612872 -1.7305728651 0.013046066819999999 1.27014203376 -0.0021464181 -1.94508732006 1.53684183528 0.03165385073819476 0.1754404251099759 0.27629747916865094 0.007895157380139094 0.04851542374783456 0.028140028174352613 0.161462733427648 0.034047070319049424 0.23599477003832195 -0.03847576016197119 0.07059639616261067 0.00861304366611545 -0.20858297462635114 0.05060342227472921 0.23130144916426146 0.10514845411852485 -0.5602505549945154 0.46383651666916964 -0.03067571077648196 0.010176157486134926 0.10444648548855683 0.02616345323951638 -0.06053245815133458 0.025357621904093915
1.1628715851 0.02714362218 1.30045792968 0.0744257997 0.0196037721 -0.05511694086 0.07711509564 9.335771999999999e-05 0.03736224522 0.15861260772 -0.00741978018 -0.01995237954 1.31145444378 -1.49369707764 0.0035586559800000004 0.08890784856 0.06650955072 -0.01970603388 -8.114409374940001 1.18786177386 -1.68473260566 0.06371880246 0.08585078796 -0.048776710499999994 1.20277013832 -1.43071353468 -0.051358618079999994 0.08992722852 0.07105871592 -0.01867397238 0.00562062042 0.00738875088 -0.03584450772 0.1172664702 0.02060588358 0.03428629722 1.24138569744 1.38826194462 0.030469693319999998 -0.0178971606 0.00120420666 0.01385013042 0.19568479644 0.04942994472 0.0149277915 -0.015064590239999998 0.029191555980000002 0.03147504264 1.15472194182 0.018453529439999998 1.38548414772 0.07432704558 0.038932867440000005 -0.031221142020000002 -0.11141353475999999 -0.11160942407999999 -0.06292796004 -0.0195133824 0.02930299164 -0.04747455918 0.06681903426 -0.04503943368 0.029824823519999995 0.07326584352 -0.07830931896 -0.02423469276 0.08776516086 0.0048354442199999995 -0.00603938106 0.08563115448 -0.05071078026 0.0125088552 0.19036004408659762 0.14292383741612885 -0.008425613266617189 -0.03426116279236166 -0.08647624773793579 -0.061013569304186804 0.02207500329377298 0.03313538657117147 0.011783840742977763 0.038333297140696505 0.019771320527965257 -0.10734946800307874 0.30516852569518677 -0.01660171727530357 -0.32637840438490623 0.14721881894858052 0.12539372285413855 -0.08850137152359748 0.09990119881537392 0.02039210911229071 -0.046419864334335946 0.24370448672596384 -0.06523214608779843 -0.20836251509063555
0.013247352539999998 -0.11938779504 0.014340393359999998 0.0718962372 0.03367515492 -0.04291298226 -0.032491454579999995 0.0056959002 -0.07582157855999999 -0.014556249359999999 -0.10877820282 -0.04058794332 -1.56197556828 1.25453699406 -0.00407725002 0.0716938722 0.21208472586 -0.0406524303 1.18786177386 -7.16121922896 -0.46021956227999994 0.08585078796 0.07710295374 -0.0939054546 -1.4903898939 1.2174855814799999 0.05151781188 0.10617551909999999 0.1797378948 -0.017351314740000002 -0.05027448132 0.06404609412000001 0.00226055196 0.08399388672000001 0.04164159042 0.014480429940000001 1.5233079339 1.1708884769399999 -0.0027375937199999997 0.01150701354 -0.03705519006 0.01210439502 0.047074416120000004 -0.058312149300000005 -0.03816846738 -0.07807700394 -0.00064918692 -0.08131376466000001 -0.0431280288 -0.13530015972 0.02208827466 0.0431226324 0.04101183054 -0.058127862239999994 -0.11160942407999999 1.13861989368 1.51140158676 0.02930299164 0.31459770828 -0.030994223399999996 -0.03477898854 0.09935150147999999 -0.03660755868 -0.00790869402 0.03804488982 0.11456988911999999 0.00411988158 0.12531007422 -0.03264390288 -0.08736151014 0.011099585339999999 0.11057385491999999 0.09392173133583914 0.17810026542897034 -0.013359688687803914 -0.05234441590064194 -0.012331010168264621 -0.03602842055068816 0.06297343070021427 0.20672856770137896 0.004057410516527127 -0.012068766785527138 0.18362249823966542 0.1546941481514995 0.03455762913551709 0.10393274314088749 -0.11761357053865976 0.04217741106671181 0.428831601399818 -0.3509799376286038 -0.0036718052997249703 0.43438129216712756 -0.44316744034233374 0.060591751419965666 0.16439078625038306 0.0009936596763209333
1.48017774654 0.015191135819999998 1.12401642582 -0.05964047316 -0.038932597619999995 0.01487220858 0.0738848106 -0.0761607423 0.09798081587999999 0.034296280559999996 -0.01886284638 -0.05966610606 -0.07236923166 0.0342280161 -0.13347024048 0.00080082576 0.0013469414400000001 0.1689504912 -1.68473260566 -0.46021956227999994 -5.9323717971 -0.048776710499999994 -0.0939054546 0.16684751411999998 -0.0146363859 0.059532275339999996 -0.15838137198 -0.033145498259999996 0.00190169136 0.16365338496 0.05165892774 -0.04021370298 -0.02924417088 0.0250312014 0.04357080342 0.04241651346 -0.06711718536 -0.0912625677 -0.13937336244 -0.02417263416 0.0017109286200000001 0.16743572172 -0.0494687988 -0.0022610916 -0.053757317879999995 0.02942441064 -0.020104288199999997 0.08679623724 1.46854310814 0.01876679046 1.17194239386 -0.08436812706 -0.05801426802 -0.014972041980000001 -0.06292796004 1.51140158676 1.2183927163200001 -0.04747455918 -0.030994223399999996 -0.04349174616 0.00305490204 -0.047440831680000004 0.02101169286 -0.01572456996 0.03614751558 0.060099976619999995 0.02364729462 -0.03316681404 0.06625861812 -0.00945368334 0.03518344872 0.027022203180000003 -0.18081581754399398 -0.1558016190682801 0.13583570519561286 -0.06599340798639752 0.03389067934876743 0.16674739522241855 -0.043267372561883226 0.02329509162681262 -0.009919087341600153 -0.06918808154727235 0.21629507896239428 0.18835481737094636 -0.2977807436003137 0.028832844152115827 0.35167394743056757 -0.02073911401327263 -0.48095356805774336 0.42689641237060355 0.016808646803412056 -0.5068340849617115 0.4832313846325375 -0.22961855498277917 0.02480090188520205 0.29550929408792287
0.0744257997 0.0196037721 -0.05511694086 1.1628715851 0.02714362218 1.30045792968 0.15861260772 -0.00741978018 -0.01995237954 0.07711509564 9.335771999999999e-05 0.03736224522 0.08890784856 0.06650955072 -0.01970603388 1.31145444378 -1.49369707764 0.0035586559800000004 0.06371880246 0.08585078796 -0.048776710499999994 -8.114409374940001 1.18786177386 -1.68473260566 0.08992722852 0.07105871592 -0.01867397238 1.20277013832 -1.43071353468 -0.051358618079999994 0.1172664702 0.02060588358 0.03428629722 0.00562062042 0.00738875088 -0.03584450772 -0.0178971606 0.00120420666 0.01385013042 1.24138569744 1.38826194462 0.030469693319999998 -0.015064590239999998 0.029191555980000002 0.03147504264 0.19568479644 0.04942994472 0.0149277915 0.07432704558 0.038932867440000005 -0.031221142020000002 1.15472194182 0.018453529439999998 1.38548414772 -0.0195133824 0.02930299164 -0.04747455918 -0.11141353475999999 -0.11160942407999999 -0.06292796004 0.07326584352 -0.07830931896 -0.02423469276 0.06681903426 -0.04503943368 0.029824823519999995 0.08563115448 -0.05071078026 0.0125088552 0.08776516086 0.0048354442199999995 -0.00603938106 -0.03426116279236166 -0.08647624773793579 -0.061013569304186804 0.19036004408659762 0.14292383741612885 -0.008425613266617189 0.038333297140696505 0.019771320527965257 -0.10734946800307874 0.02207500329377298 0.03313538657117147 0.011783840742977763 0.14721881894858052 0.12539372285413855 -0.08850137152359748 0.30516852569518677 -0.01660171727530357 -0.32637840438490623 0.24370448672596384 -0.06523214608779843 -0.20836251509063555 0.09990119881537392 0.02039210911229071 -0.046419864334335946
0.0718962372 0.03367515492 -0.04291298226 0.013247352539999998 -0.11938779504 0.014340393359999998 -0.014556249359999999 -0.10877820282 -0.04058794332 -0.032491454579999995 0.0056959002 -0.07582157855999999 0.0716938722 0.21208472586 -0.0406524303 -1.56197556828 1.25453699406 -0.00407725002 0.08585078796 0.07710295374 -0.0939054546 1.18786177386 -7.16121922896 -0.46021956227999994 0.10617551909999999 0.1797378948 -0.017351314740000002 -1.4903898939 1.2174855814799999 0.05151781188 0.08399388672000001 0.04164159042 0.014480429940000001 -0.05027448132 0.06404609412000001 0.00226055196 0.01150701354 -0.03705519006 0.01210439502 1.5233079339 1.1708884769399999 -0.0027375937199999997 -0.07807700394 -0.00064918692 -0.08131376466000001 0.047074416120000004 -0.058312149300000005 -0.03816846738 0.0431226324 0.04101183054 -0.058127862239999994 -0.0431280288 -0.13530015972 0.02208827466 0.02930299164 0.31459770828 -0.030994223399999996 -0.11160942407999999 1.13861989368 1.51140158676 -0.00790869402 0.03804488982 0.11456988911999999 -0.03477898854 0.09935150147999999 -0.03660755868 -0.08736151014 0.011099585339999999 0.11057385491999999 0.00411988158 0.12531007422 -0.03264390288 -0.05234441590064194 -0.012331010168264621 -0.03602842055068816 0.09392173133583914 0.17810026542897034 -0.013359688687803914 -0.012068766785527138 0.18362249823966542 0.1546941481514995 0.06297343070021427 0.20672856770137896 0.004057410516527127 0.04217741106671181 0.428831601399818 -0.3509799376286038 0.03455762913551709 0.10393274314088749 -0.11761357053865976 0.060591751419965666 0.16439078625038306 0.0009936596763209333 -0.0036718052997249703 0.43438129216712756 -0.44316744034233374
