4.638198 0.000000 0.000000
0.000000 6.379641 0.000000
0.000000 0.000000 7.127875
0.000000 0.000000 7.127875
-4.638198 6.379641 0.000000
-4.638198 -6.379641 0.000000
32 2
direct
0.250000 0.047811 0.037403 Al
0.250000 0.547811 0.537403 Al
0.444676 0.403413 0.229905 Al
0.444676 0.903413 0.729905 Al
0.055324 0.403413 0.229905 Al
0.055324 0.903413 0.729905 Al
0.555324 0.229905 0.903413 Al
0.555324 0.729905 0.403413 Al
0.444676 0.770095 0.096587 Al
0.444676 0.270095 0.596587 Al
0.944676 0.596587 0.770095 Al
0.944676 0.096587 0.270095 Al
0.055324 0.770095 0.096587 Al
0.055324 0.270095 0.596587 Al
0.555324 0.596587 0.770095 Al
0.555324 0.096587 0.270095 Al
0.944676 0.229905 0.903413 Al
0.944676 0.729905 0.403413 Al
0.250000 0.462597 0.952189 Al
0.250000 0.962597 0.452189 Al
0.750000 0.952189 0.962597 Al
0.750000 0.452189 0.462597 Al
0.750000 0.537403 0.047811 Al
0.750000 0.037403 0.547811 Al
0.250000 0.715075 0.842593 Ni
0.250000 0.215076 0.342593 Ni
0.250000 0.657407 0.284925 Ni
0.250000 0.157407 0.784925 Ni
0.750000 0.284925 0.157407 Ni
0.750000 0.784925 0.657407 Ni
0.750000 0.342593 0.715075 Ni
0.750000 0.842593 0.215075 Ni
-10.12546930392 -2.70560494008 -0.0 0.40256550396 0.0246561516 0.0 0.38210991011999995 -0.25539947009999997 -0.29319747462 1.38500521722 0.82516568256 1.04962165542 0.38210991011999995 -0.25539947009999997 0.29319747462 1.38500521722 0.82516568256 -1.04962165542 -0.07263986112 -0.07672925304 -0.0782356581 0.05077445778 -0.03630643956 0.005281186859999999 0.09694173906 -0.6992744160600001 0.45811712484 0.22936345902 0.18518367185999998 -0.12764887398 0.16226354214 -0.026664152039999996 -0.17122453416 0.3191107176 0.43373511035999995 0.7696777392 0.09694173906 -0.6992744160600001 -0.45811712484 0.22936345902 0.18518367185999998 0.12764887398 0.16226354214 -0.026664152039999996 0.17122453416 0.3191107176 0.43373511035999995 -0.7696777392 -0.07263986112 -0.07672925304 0.0782356581 0.05077445778 -0.03630643956 -0.005281186859999999 0.09325222038 -0.18332002511999998 0.0 0.09325222038 0.18079019279999997 0.0 0.10047638106 0.00040176198 0.0 -0.04529117574 0.051599297520000004 0.0 0.0413836425 0.02722726638 0.0 0.0413836425 -0.02934211554 -0.0 0.5294188511891517 -0.16085627073373007 0.0 3.155733801040216 1.1175368444988767 0.0 0.01847005214928306 0.03197220385836166 -0.0 0.35018962600778947 0.9046445624496665 0.0 0.1080398963324407 0.057768357185485474 0.0 -0.01195535348646768 -0.06032552862322609 0.0 0.12712039058964378 0.014260230076476029 0.0 0.0032949547937274034 0.039830750629681555 0.0
-2.70560494008 -8.97939428364 -0.0 0.0246561516 0.01298292894 -0.0 -0.32206605606 0.0652977891 0.1616613039 0.75816910674 0.09884909664 0.48424379544 -0.32206605606 0.0652977891 -0.1616613039 0.75816910674 0.09884909664 -0.48424379544 -0.11358909341999998 0.33989926932000003 0.47024256582 0.01555539282 -0.04884740334 0.00623877804 -0.57788266788 1.1850669782999999 -1.0233638523 0.09420954174 0.17188154586 0.012385547459999998 -0.11241456695999999 0.05107449762 0.025072483859999998 0.11601990179999999 0.25341791202 0.34416782172 -0.57788266788 1.1850669782999999 1.0233638523 0.09420954174 0.17188154586 -0.012385547459999998 -0.11241456695999999 0.05107449762 -0.025072483859999998 0.11601990179999999 0.25341791202 -0.34416782172 -0.11358909341999998 0.33989926932000003 -0.47024256582 0.01555539282 -0.04884740334 -0.00623877804 -0.18079019279999997 0.22315436118 0.0 0.18332002511999998 0.22315436118 0.0 0.00040176198 -0.04330611 -0.0 0.051599297520000004 0.08246157894 0.0 0.02934211554 -0.06364163394 0.0 -0.02722726638 -0.06364163394 -0.0 -0.1858816115686498 0.27138330081747464 -0.0 1.875542786561467 0.7473681725522131 0.0 -0.006288270006096671 0.22792173285228962 0.0 0.8817625339962704 3.2326690057667498 0.0 -0.02064360807722256 0.007389373860473932 0.0 -0.01409190086418778 -0.04610549062817114 -0.0 0.060511765198523734 -0.10401551495213089 0.0 0.027786656210967355 0.16806736684691054 0.0
-0.0 -0.0 -4.9033835469 0.0 -0.0 0.08885523366 -0.25856176049999996 0.0763037469 0.06049526292 1.1140670831400001 0.48837851712 0.4638043908 0.25856176049999996 -0.0763037469 0.06049526292 -1.1140670831400001 -0.48837851712 0.4638043908 -0.07610111208 0.4842162738 0.394692696 -0.0076383343799999994 -0.00083050596 -0.01198297602 0.29172047994 -0.66212937594 0.45239451246 -0.03727374426 0.07160024466 0.00452650032 -0.10134223344 -0.0188685126 0.04192813926 0.50688466146 0.62248391388 0.9029081097 -0.29172047994 0.66212937594 0.45239451246 0.03727374426 -0.07160024466 0.00452650032 0.10134223344 0.0188685126 0.04192813926 -0.50688466146 -0.62248391388 0.9029081097 0.07610111208 -0.4842162738 0.394692696 0.0076383343799999994 0.00083050596 -0.01198297602 0.0 0.0 -0.08142708906 0.0 0.0 -0.08142708906 0.0 -0.0 -0.14465131146 0.0 0.0 -0.10869644736 -0.0 0.0 0.03439854234 0.0 -0.0 0.03439854234 0.0 0.0 0.07660212777455921 -0.0 -0.0 -0.13184514883432077 0.0 0.0 0.04566297979113915 0.0 0.0 -0.025805305979328615 0.0 -0.0 0.3377054084004445 -0.0 0.0 -0.04413727246273928 -0.0 -0.0 -0.02217011128842284 0.0 -0.0 0.3738615681405996
0.40256550396 0.0246561516 0.0 -10.12546930392 -2.70560494008 -0.0 1.38500521722 0.82516568256 1.04962165542 0.38210991011999995 -0.25539947009999997 -0.29319747462 1.38500521722 0.82516568256 -1.04962165542 0.38210991011999995 -0.25539947009999997 0.29319747462 0.05077445778 -0.03630643956 0.005281186859999999 -0.07263986112 -0.07672925304 -0.0782356581 0.22936345902 0.18518367185999998 -0.12764887398 0.09694173906 -0.6992744160600001 0.45811712484 0.3191107176 0.43373511035999995 0.7696777392 0.16226354214 -0.026664152039999996 -0.17122453416 0.22936345902 0.18518367185999998 0.12764887398 0.09694173906 -0.6992744160600001 -0.45811712484 0.3191107176 0.43373511035999995 -0.7696777392 0.16226354214 -0.026664152039999996 0.17122453416 0.05077445778 -0.03630643956 -0.005281186859999999 -0.07263986112 -0.07672925304 0.0782356581 0.09325222038 0.18079019279999997 0.0 0.09325222038 -0.18332002511999998 0.0 -0.04529117574 0.051599297520000004 0.0 0.10047638106 0.00040176198 0.0 0.0413836425 -0.02934211554 -0.0 0.0413836425 0.02722726638 0.0 3.155733801040216 1.1175368444988767 0.0 0.5294188511891517 -0.16085627073373007 0.0 0.35018962600778947 0.9046445624496665 0.0 0.01847005214928306 0.03197220385836166 -0.0 -0.01195535348646768 -0.06032552862322609 0.0 0.1080398963324407 0.057768357185485474 0.0 0.0032949547937274034 0.039830750629681555 0.0 0.12712039058964378 0.014260230076476029 0.0
0.0246561516 0.01298292894 -0.0 -2.70560494008 -8.97939428364 -0.0 0.75816910674 0.09884909664 0.48424379544 -0.32206605606 0.0652977891 0.1616613039 0.75816910674 0.09884909664 -0.48424379544 -0.32206605606 0.0652977891 -0.1616613039 0.01555539282 -0.04884740334 0.00623877804 -0.11358909341999998 0.33989926932000003 0.47024256582 0.09420954174 0.17188154586 0.012385547459999998 -0.57788266788 1.1850669782999999 -1.0233638523 0.11601990179999999 0.25341791202 0.34416782172 -0.11241456695999999 0.05107449762 0.025072483859999998 0.09420954174 0.17188154586 -0.012385547459999998 -0.57788266788 1.1850669782999999 1.0233638523 0.11601990179999999 0.25341791202 -0.34416782172 -0.11241456695999999 0.05107449762 -0.025072483859999998 0.01555539282 -0.04884740334 -0.00623877804 -0.11358909341999998 0.33989926932000003 -0.47024256582 0.18332002511999998 0.22315436118 0.0 -0.18079019279999997 0.22315436118 0.0 0.051599297520000004 0.08246157894 0.0 0.00040176198 -0.04330611 -0.0 -0.02722726638 -0.06364163394 -0.0 0.02934211554 -0.06364163394 0.0 1.875542786561467 0.7473681725522131 0.0 -0.1858816115686498 0.27138330081747464 -0.0 0.8817625339962704 3.2326690057667498 0.0 -0.006288270006096671 0.22792173285228962 0.0 -0.01409190086418778 -0.04610549062817114 -0.0 -0.02064360807722256 0.007389373860473932 0.0 0.027786656210967355 0.16806736684691054 0.0 0.060511765198523734 -0.10401551495213089 0.0
0.0 -0.0 0.08885523366 -0.0 -0.0 -4.9033835469 1.1140670831400001 0.48837851712 0.4638043908 -0.25856176049999996 0.0763037469 0.06049526292 -1.1140670831400001 -0.48837851712 0.4638043908 0.25856176049999996 -0.0763037469 0.06049526292 -0.0076383343799999994 -0.00083050596 -0.01198297602 -0.07610111208 0.4842162738 0.394692696 -0.03727374426 0.07160024466 0.00452650032 0.29172047994 -0.66212937594 0.45239451246 0.50688466146 0.62248391388 0.9029081097 -0.10134223344 -0.0188685126 0.04192813926 0.03727374426 -0.07160024466 0.00452650032 -0.29172047994 0.66212937594 0.45239451246 -0.50688466146 -0.62248391388 0.9029081097 0.10134223344 0.0188685126 0.04192813926 0.0076383343799999994 0.00083050596 -0.01198297602 0.07610111208 -0.4842162738 0.394692696 0.0 0.0 -0.08142708906 0.0 0.0 -0.08142708906 0.0 0.0 -0.10869644736 0.0 -0.0 -0.14465131146 0.0 -0.0 0.03439854234 -0.0 0.0 0.03439854234 -0.0 -0.0 -0.13184514883432077 0.0 0.0 0.07660212777455921 0.0 0.0 -0.025805305979328615 0.0 0.0 0.04566297979113915 -0.0 0.0 -0.04413727246273928 0.0 -0.0 0.3377054084004445 0.0 -0.0 0.3738615681405996 -0.0 -0.0 -0.02217011128842284
0.38210991011999995 -0.32206605606 -0.25856176049999996 1.38500521722 0.75816910674 1.1140670831400001 -10.19204577 2.1585127815000003 -3.26569540734 0.11399975946 -0.00894534246 0.06357660732 -0.20521672758 0.02384426322 0.03802276458 0.11837111328 -0.05102404128 -0.007003178099999999 2.39845858092 1.30569162822 0.9903365352000001 2.39845858092 -0.88153458822 -0.9445027514400001 -0.01741364316 -0.11056845852 -0.00770093262 -0.01741364316 0.04751206416 -0.03545461782 -0.05460940943999999 -0.030598937099999998 0.03415543452 0.12747403062 -0.12232748394 0.030523927139999997 -0.04217475474 -0.03776346756 0.06873880355999999 -0.04217475474 0.018522333539999998 0.04966549758 0.09819397368 0.00416386224 -0.02246008662 0.38959552638 -1.3910896582199999 0.5062381727399999 0.033325738019999995 0.07905267306 0.0438578919 0.033325738019999995 0.029120593320000002 0.11830473756 0.09694173906 0.57788266788 -0.29172047994 0.22936345902 -0.09420954174 0.03727374426 0.16226354214 -0.11241456695999999 0.10134223344 0.3191107176 0.11601990179999999 -0.50688466146 -0.07263986112 0.11358909341999998 0.07610111208 0.05077445778 -0.01555539282 0.0076383343799999994 -0.06860748504436796 -0.0280978463859305 0.02596925783621457 0.22632718166165366 -0.30711167355240554 -0.22915137177893427 1.4495015502599116 -1.2596568402865842 1.3075252113176796 0.16497257657748807 -0.11220753661682561 -0.10030869080918756 0.4426660341780709 -0.28317191685725496 1.1404483206158882 0.22087299683039424 -0.040707813475741365 -0.07387503535892952 -0.0041346111481675996 -0.058134463273677404 0.018942806532730904 -0.0033840936673741355 0.04414045599394095 -0.010783018121453075
-0.25539947009999997 0.0652977891 0.0763037469 0.82516568256 0.09884909664 0.48837851712 2.1585127815000003 -8.77020148854 0.62255244816 -0.00894534246 0.12735396072 -0.01692958608 0.02384426322 -0.21072510288 -0.05940087299999999 -0.05102404128 0.04052750364 -0.027359747999999996 0.88153458822 0.31551779448 0.23018020415999998 -1.30569162822 0.31551779448 0.43440777161999994 -0.04751206416 0.11593652741999999 0.03276882954 0.11056845852 0.11593652741999999 -0.08936762184 -0.030598937099999998 0.05248106928 -0.0348998679 -0.12232748394 0.1230756948 0.041331297419999996 -0.018522333539999998 0.0798370398 -0.08127464076 0.03776346756 0.0798370398 0.18439201998 0.00416386224 0.04819147091999999 0.0164279907 -1.3910896582199999 2.10184032834 -0.84273878934 -0.029120593320000002 -0.022040516519999998 0.04387084326 -0.07905267306 -0.022040516519999998 -0.05151376458 0.6992744160600001 1.1850669782999999 -0.66212937594 -0.18518367185999998 0.17188154586 0.07160024466 -0.026664152039999996 0.05107449762 0.0188685126 0.43373511035999995 0.25341791202 -0.62248391388 0.07672925304 0.33989926932000003 0.4842162738 0.03630643956 -0.04884740334 -0.00083050596 -0.08174074507545318 -0.007409270930484364 -0.0030657405472072365 -0.48019628557314636 2.1054995917344232 1.362407697468852 -1.3648144470573138 1.1575056807944306 -1.2360282737663968 0.20403171883216512 -0.028524837508354352 -0.1574538717619463 -0.1871383105105086 0.15343187803003777 -0.30227708348127097 0.04864555058570278 -0.051456608636776494 -0.050439072476443046 0.032007620642980225 0.11928930177493828 0.04673185039209951 -0.08368707646387355 0.09955300009019137 0.09020734630629185
-0.29319747462 0.1616613039 0.06049526292 1.04962165542 0.48424379544 0.4638043908 -3.26569540734 0.62255244816 -11.760536411999999 0.06357660732 -0.01692958608 0.05666867568 -0.03802276458 0.05940087299999999 2.05373978676 0.007003178099999999 0.027359747999999996 -0.018572250239999998 0.9445027514400001 0.43440777161999994 0.12328129764 -0.9903365352000001 0.23018020415999998 0.12328129764 0.03545461782 -0.08936762184 0.015601532039999998 0.00770093262 0.03276882954 0.015601532039999998 -0.03415543452 0.0348998679 -0.03303055494 -0.030523927139999997 -0.041331297419999996 0.30159562212 0.04966549758 -0.18439201998 0.07157272302 0.06873880355999999 0.08127464076 0.07157272302 -0.02246008662 0.0164279907 0.05400609192 0.5062381727399999 -0.84273878934 -0.01194115392 0.11830473756 0.05151376458 0.15984190764 0.0438578919 -0.04387084326 0.15984190764 -0.45811712484 -1.0233638523 0.45239451246 0.12764887398 0.012385547459999998 0.00452650032 0.17122453416 -0.025072483859999998 0.04192813926 -0.7696777392 -0.34416782172 0.9029081097 0.0782356581 0.47024256582 0.394692696 -0.005281186859999999 0.00623877804 -0.01198297602 0.016980955429702387 0.019856479987609903 0.007209106406179426 -0.45058825157342414 1.5625941085508013 1.2736492558007197 1.56434664247732 -1.3199318303519836 1.423757129314815 0.08028348366788919 0.012011463223897095 0.05438147792830988 1.493280675462463 -0.507405528812411 3.3170811314618036 -0.14217053434553392 -0.016562321076682915 0.13064058021588926 0.021319710516177013 0.0317063790030223 0.09230529336819171 -0.05648340440421183 0.12189104264950226 0.07352643869234676
1.38500521722 0.75816910674 1.1140670831400001 0.38210991011999995 -0.32206605606 -0.25856176049999996 0.11399975946 -0.00894534246 0.06357660732 -10.19204577 2.1585127815000003 -3.26569540734 0.11837111328 -0.05102404128 -0.007003178099999999 -0.20521672758 0.02384426322 0.03802276458 2.39845858092 -0.88153458822 -0.9445027514400001 2.39845858092 1.30569162822 0.9903365352000001 -0.01741364316 0.04751206416 -0.03545461782 -0.01741364316 -0.11056845852 -0.00770093262 0.12747403062 -0.12232748394 0.030523927139999997 -0.05460940943999999 -0.030598937099999998 0.03415543452 -0.04217475474 0.018522333539999998 0.04966549758 -0.04217475474 -0.03776346756 0.06873880355999999 0.38959552638 -1.3910896582199999 0.5062381727399999 0.09819397368 0.00416386224 -0.02246008662 0.033325738019999995 0.029120593320000002 0.11830473756 0.033325738019999995 0.07905267306 0.0438578919 0.22936345902 -0.09420954174 0.03727374426 0.09694173906 0.57788266788 -0.29172047994 0.3191107176 0.11601990179999999 -0.50688466146 0.16226354214 -0.11241456695999999 0.10134223344 0.05077445778 -0.01555539282 0.0076383343799999994 -0.07263986112 0.11358909341999998 0.07610111208 0.22632718166165366 -0.30711167355240554 -0.22915137177893427 -0.06860748504436796 -0.0280978463859305 0.02596925783621457 0.16497257657748807 -0.11220753661682561 -0.10030869080918756 1.4495015502599116 -1.2596568402865842 1.3075252113176796 0.22087299683039424 -0.040707813475741365 -0.07387503535892952 0.4426660341780709 -0.28317191685725496 1.1404483206158882 -0.0033840936673741355 0.04414045599394095 -0.010783018121453075 -0.0041346111481675996 -0.058134463273677404 0.018942806532730904
0.82516568256 0.09884909664 0.48837851712 -0.25539947009999997 0.0652977891 0.0763037469 -0.00894534246 0.12735396072 -0.01692958608 2.1585127815000003 -8.77020148854 0.62255244816 -0.05102404128 0.04052750364 -0.027359747999999996 0.02384426322 -0.21072510288 -0.05940087299999999 -1.30569162822 0.31551779448 0.43440777161999994 0.88153458822 0.31551779448 0.23018020415999998 0.11056845852 0.11593652741999999 -0.08936762184 -0.04751206416 0.11593652741999999 0.03276882954 -0.12232748394 0.1230756948 0.041331297419999996 -0.030598937099999998 0.05248106928 -0.0348998679 0.03776346756 0.0798370398 0.18439201998 -0.018522333539999998 0.0798370398 -0.08127464076 -1.3910896582199999 2.10184032834 -0.84273878934 0.00416386224 0.04819147091999999 0.0164279907 -0.07905267306 -0.022040516519999998 -0.05151376458 -0.029120593320000002 -0.022040516519999998 0.04387084326 -0.18518367185999998 0.17188154586 0.07160024466 0.6992744160600001 1.1850669782999999 -0.66212937594 0.43373511035999995 0.25341791202 -0.62248391388 -0.026664152039999996 0.05107449762 0.0188685126 0.03630643956 -0.04884740334 -0.00083050596 0.07672925304 0.33989926932000003 0.4842162738 -0.48019628557314636 2.1054995917344232 1.362407697468852 -0.08174074507545318 -0.007409270930484364 -0.0030657405472072365 0.20403171883216512 -0.028524837508354352 -0.1574538717619463 -1.3648144470573138 1.1575056807944306 -1.2360282737663968 0.04864555058570278 -0.051456608636776494 -0.050439072476443046 -0.1871383105105086 0.15343187803003777 -0.30227708348127097 -0.08368707646387355 0.09955300009019137 0.09020734630629185 0.032007620642980225 0.11928930177493828 0.04673185039209951
1.04962165542 0.48424379544 0.4638043908 -0.29319747462 0.1616613039 0.06049526292 0.06357660732 -0.01692958608 0.05666867568 -3.26569540734 0.62255244816 -11.760536411999999 0.007003178099999999 0.027359747999999996 -0.018572250239999998 -0.03802276458 0.05940087299999999 2.05373978676 -0.9903365352000001 0.23018020415999998 0.12328129764 0.9445027514400001 0.43440777161999994 0.12328129764 0.00770093262 0.03276882954 0.015601532039999998 0.03545461782 -0.08936762184 0.015601532039999998 -0.030523927139999997 -0.041331297419999996 0.30159562212 -0.03415543452 0.0348998679 -0.03303055494 0.06873880355999999 0.08127464076 0.07157272302 0.04966549758 -0.18439201998 0.07157272302 0.5062381727399999 -0.84273878934 -0.01194115392 -0.02246008662 0.0164279907 0.05400609192 0.0438578919 -0.04387084326 0.15984190764 0.11830473756 0.05151376458 0.15984190764 0.12764887398 0.012385547459999998 0.00452650032 -0.45811712484 -1.0233638523 0.45239451246 -0.7696777392 -0.34416782172 0.9029081097 0.17122453416 -0.025072483859999998 0.04192813926 -0.005281186859999999 0.00623877804 -0.01198297602 0.0782356581 0.47024256582 0.394692696 -0.45058825157342414 1.5625941085508013 1.2736492558007197 0.016980955429702387 0.019856479987609903 0.007209106406179426 0.08028348366788919 0.012011463223897095 0.05438147792830988 1.56434664247732 -1.3199318303519836 1.423757129314815 -0.14217053434553392 -0.016562321076682915 0.13064058021588926 1.493280675462463 -0.507405528812411 3.3170811314618036 -0.05648340440421183 0.12189104264950226 0.07352643869234676 0.021319710516177013 0.0317063790030223 0.09230529336819171
0.38210991011999995 -0.32206605606 0.25856176049999996 1.38500521722 0.75816910674 -1.1140670831400001 -0.20521672758 0.02384426322 -0.03802276458 0.11837111328 -0.05102404128 0.007003178099999999 -10.19204577 2.1585127815000003 3.26569540734 0.11399975946 -0.00894534246 -0.06357660732 0.033325738019999995 0.07905267306 -0.0438578919 0.033325738019999995 0.029120593320000002 -0.11830473756 -0.04217475474 -0.03776346756 -0.06873880355999999 -0.04217475474 0.018522333539999998 -0.04966549758 0.09819397368 0.00416386224 0.02246008662 0.38959552638 -1.3910896582199999 -0.5062381727399999 -0.01741364316 -0.11056845852 0.00770093262 -0.01741364316 0.04751206416 0.03545461782 -0.05460940943999999 -0.030598937099999998 -0.03415543452 0.12747403062 -0.12232748394 -0.030523927139999997 2.39845858092 1.30569162822 -0.9903365352000001 2.39845858092 -0.88153458822 0.9445027514400001 0.09694173906 0.57788266788 0.29172047994 0.22936345902 -0.09420954174 -0.03727374426 0.16226354214 -0.11241456695999999 -0.10134223344 0.3191107176 0.11601990179999999 0.50688466146 -0.07263986112 0.11358909341999998 -0.07610111208 0.05077445778 -0.01555539282 -0.0076383343799999994 -0.06860748504436796 -0.0280978463859305 -0.02596925783621457 0.22632718166165366 -0.30711167355240554 0.22915137177893427 1.4495015502599116 -1.2596568402865842 -1.3075252113176796 0.16497257657748807 -0.11220753661682561 0.10030869080918756 0.4426660341780709 -0.28317191685725496 -1.1404483206158882 0.22087299683039424 -0.040707813475741365 0.07387503535892952 -0.0041346111481675996 -0.058134463273677404 -0.018942806532730904 -0.0033840936673741355 0.04414045599394095 0.010783018121453075
-0.25539947009999997 0.0652977891 -0.0763037469 0.82516568256 0.09884909664 -0.48837851712 0.02384426322 -0.21072510288 0.05940087299999999 -0.05102404128 0.04052750364 0.027359747999999996 2.1585127815000003 -8.77020148854 -0.62255244816 -0.00894534246 0.12735396072 0.01692958608 -0.029120593320000002 -0.022040516519999998 -0.04387084326 -0.07905267306 -0.022040516519999998 0.05151376458 -0.018522333539999998 0.0798370398 0.08127464076 0.03776346756 0.0798370398 -0.18439201998 0.00416386224 0.04819147091999999 -0.0164279907 -1.3910896582199999 2.10184032834 0.84273878934 -0.04751206416 0.11593652741999999 -0.03276882954 0.11056845852 0.11593652741999999 0.08936762184 -0.030598937099999998 0.05248106928 0.0348998679 -0.12232748394 0.1230756948 -0.041331297419999996 0.88153458822 0.31551779448 -0.23018020415999998 -1.30569162822 0.31551779448 -0.43440777161999994 0.6992744160600001 1.1850669782999999 0.66212937594 -0.18518367185999998 0.17188154586 -0.07160024466 -0.026664152039999996 0.05107449762 -0.0188685126 0.43373511035999995 0.25341791202 0.62248391388 0.07672925304 0.33989926932000003 -0.4842162738 0.03630643956 -0.04884740334 0.00083050596 -0.08174074507545318 -0.007409270930484364 0.0030657405472072365 -0.48019628557314636 2.1054995917344232 -1.362407697468852 -1.3648144470573138 1.1575056807944306 1.2360282737663968 0.20403171883216512 -0.028524837508354352 0.1574538717619463 -0.1871383105105086 0.15343187803003777 0.30227708348127097 0.04864555058570278 -0.051456608636776494 0.050439072476443046 0.032007620642980225 0.11928930177493828 -0.04673185039209951 -0.08368707646387355 0.09955300009019137 -0.09020734630629185
0.29319747462 -0.1616613039 0.06049526292 -1.04962165542 -0.48424379544 0.4638043908 0.03802276458 -0.05940087299999999 2.05373978676 -0.007003178099999999 -0.027359747999999996 -0.018572250239999998 3.26569540734 -0.62255244816 -11.760536411999999 -0.06357660732 0.01692958608 0.05666867568 -0.11830473756 -0.05151376458 0.15984190764 -0.0438578919 0.04387084326 0.15984190764 -0.04966549758 0.18439201998 0.07157272302 -0.06873880355999999 -0.08127464076 0.07157272302 0.02246008662 -0.0164279907 0.05400609192 -0.5062381727399999 0.84273878934 -0.01194115392 -0.03545461782 0.08936762184 0.015601532039999998 -0.00770093262 -0.03276882954 0.015601532039999998 0.03415543452 -0.0348998679 -0.03303055494 0.030523927139999997 0.041331297419999996 0.30159562212 -0.9445027514400001 -0.43440777161999994 0.12328129764 0.9903365352000001 -0.23018020415999998 0.12328129764 0.45811712484 1.0233638523 0.45239451246 -0.12764887398 -0.012385547459999998 0.00452650032 -0.17122453416 0.025072483859999998 0.04192813926 0.7696777392 0.34416782172 0.9029081097 -0.0782356581 -0.47024256582 0.394692696 0.005281186859999999 -0.00623877804 -0.01198297602 -0.016980955429702387 -0.019856479987609903 0.007209106406179426 0.45058825157342414 -1.5625941085508013 1.2736492558007197 -1.56434664247732 1.3199318303519836 1.423757129314815 -0.08028348366788919 -0.012011463223897095 0.05438147792830988 -1.493280675462463 0.507405528812411 3.3170811314618036 0.14217053434553392 0.016562321076682915 0.13064058021588926 -0.021319710516177013 -0.0317063790030223 0.09230529336819171 0.05648340440421183 -0.12189104264950226 0.07352643869234676
1.38500521722 0.75816910674 -1.1140670831400001 0.38210991011999995 -0.32206605606 0.25856176049999996 0.11837111328 -0.05102404128 0.007003178099999999 -0.20521672758 0.02384426322 -0.03802276458 0.11399975946 -0.00894534246 -0.06357660732 -10.19204577 2.1585127815000003 3.26569540734 0.033325738019999995 0.029120593320000002 -0.11830473756 0.033325738019999995 0.07905267306 -0.0438578919 -0.04217475474 0.018522333539999998 -0.04966549758 -0.04217475474 -0.03776346756 -0.06873880355999999 0.38959552638 -1.3910896582199999 -0.5062381727399999 0.09819397368 0.00416386224 0.02246008662 -0.01741364316 0.04751206416 0.03545461782 -0.01741364316 -0.11056845852 0.00770093262 0.12747403062 -0.12232748394 -0.030523927139999997 -0.05460940943999999 -0.030598937099999998 -0.03415543452 2.39845858092 -0.88153458822 0.9445027514400001 2.39845858092 1.30569162822 -0.9903365352000001 0.22936345902 -0.09420954174 -0.03727374426 0.09694173906 0.57788266788 0.29172047994 0.3191107176 0.11601990179999999 0.50688466146 0.16226354214 -0.11241456695999999 -0.10134223344 0.05077445778 -0.01555539282 -0.0076383343799999994 -0.07263986112 0.11358909341999998 -0.07610111208 0.22632718166165366 -0.30711167355240554 0.22915137177893427 -0.06860748504436796 -0.0280978463859305 -0.02596925783621457 0.16497257657748807 -0.11220753661682561 0.10030869080918756 1.4495015502599116 -1.2596568402865842 -1.3075252113176796 0.22087299683039424 -0.040707813475741365 0.07387503535892952 0.4426660341780709 -0.28317191685725496 -1.1404483206158882 -0.0033840936673741355 0.04414045599394095 0.010783018121453075 -0.0041346111481675996 -0.058134463273677404 -0.018942806532730904
0.82516568256 0.09884909664 -0.48837851712 -0.25539947009999997 0.0652977891 -0.0763037469 -0.05102404128 0.04052750364 0.027359747999999996 0.02384426322 -0.21072510288 0.05940087299999999 -0.00894534246 0.12735396072 0.01692958608 2.1585127815000003 -8.77020148854 -0.62255244816 -0.07905267306 -0.022040516519999998 0.05151376458 -0.029120593320000002 -0.022040516519999998 -0.04387084326 0.03776346756 0.0798370398 -0.18439201998 -0.018522333539999998 0.0798370398 0.08127464076 -1.3910896582199999 2.10184032834 0.84273878934 0.00416386224 0.04819147091999999 -0.0164279907 0.11056845852 0.11593652741999999 0.08936762184 -0.04751206416 0.11593652741999999 -0.03276882954 -0.12232748394 0.1230756948 -0.041331297419999996 -0.030598937099999998 0.05248106928 0.0348998679 -1.30569162822 0.31551779448 -0.43440777161999994 0.88153458822 0.31551779448 -0.23018020415999998 -0.18518367185999998 0.17188154586 -0.07160024466 0.6992744160600001 1.1850669782999999 0.66212937594 0.43373511035999995 0.25341791202 0.62248391388 -0.026664152039999996 0.05107449762 -0.0188685126 0.03630643956 -0.04884740334 0.00083050596 0.07672925304 0.33989926932000003 -0.4842162738 -0.48019628557314636 2.1054995917344232 -1.362407697468852 -0.08174074507545318 -0.007409270930484364 0.0030657405472072365 0.20403171883216512 -0.028524837508354352 0.1574538717619463 -1.3648144470573138 1.1575056807944306 1.2360282737663968 0.04864555058570278 -0.051456608636776494 0.050439072476443046 -0.1871383105105086 0.15343187803003777 0.30227708348127097 -0.08368707646387355 0.09955300009019137 -0.09020734630629185 0.032007620642980225 0.11928930177493828 -0.04673185039209951
-1.04962165542 -0.48424379544 0.4638043908 0.29319747462 -0.1616613039 0.06049526292 -0.007003178099999999 -0.027359747999999996 -0.018572250239999998 0.03802276458 -0.05940087299999999 2.05373978676 -0.06357660732 0.01692958608 0.05666867568 3.26569540734 -0.62255244816 -11.760536411999999 -0.0438578919 0.04387084326 0.15984190764 -0.11830473756 -0.05151376458 0.15984190764 -0.06873880355999999 -0.08127464076 0.07157272302 -0.04966549758 0.18439201998 0.07157272302 -0.5062381727399999 0.84273878934 -0.01194115392 0.02246008662 -0.0164279907 0.05400609192 -0.00770093262 -0.03276882954 0.015601532039999998 -0.03545461782 0.08936762184 0.015601532039999998 0.030523927139999997 0.041331297419999996 0.30159562212 0.03415543452 -0.0348998679 -0.03303055494 0.9903365352000001 -0.23018020415999998 0.12328129764 -0.9445027514400001 -0.43440777161999994 0.12328129764 -0.12764887398 -0.012385547459999998 0.00452650032 0.45811712484 1.0233638523 0.45239451246 0.7696777392 0.34416782172 0.9029081097 -0.17122453416 0.025072483859999998 0.04192813926 0.005281186859999999 -0.00623877804 -0.01198297602 -0.0782356581 -0.47024256582 0.394692696 0.45058825157342414 -1.5625941085508013 1.2736492558007197 -0.016980955429702387 -0.019856479987609903 0.007209106406179426 -0.08028348366788919 -0.012011463223897095 0.05438147792830988 -1.56434664247732 1.3199318303519836 1.423757129314815 0.14217053434553392 0.016562321076682915 0.13064058021588926 -1.493280675462463 0.507405528812411 3.3170811314618036 0.05648340440421183 -0.12189104264950226 0.07352643869234676 -0.021319710516177013 -0.0317063790030223 0.09230529336819171
-0.07263986112 -0.11358909341999998 -0.07610111208 0.05077445778 0.01555539282 -0.0076383343799999994 2.39845858092 0.88153458822 0.9445027514400001 2.39845858092 -1.30569162822 -0.9903365352000001 0.033325738019999995 -0.029120593320000002 -0.11830473756 0.033325738019999995 -0.07905267306 -0.0438578919 -10.19204577 -2.1585127815000003 3.26569540734 0.11399975946 0.00894534246 -0.06357660732 0.09819397368 -0.00416386224 0.02246008662 0.38959552638 1.3910896582199999 -0.5062381727399999 -0.04217475474 -0.018522333539999998 -0.04966549758 -0.04217475474 0.03776346756 -0.06873880355999999 -0.05460940943999999 0.030598937099999998 -0.03415543452 0.12747403062 0.12232748394 -0.030523927139999997 -0.01741364316 -0.04751206416 0.03545461782 -0.01741364316 0.11056845852 0.00770093262 -0.20521672758 -0.02384426322 -0.03802276458 0.11837111328 0.05102404128 0.007003178099999999 0.3191107176 -0.11601990179999999 0.50688466146 0.16226354214 0.11241456695999999 -0.10134223344 0.09694173906 -0.57788266788 0.29172047994 0.22936345902 0.09420954174 -0.03727374426 1.38500521722 -0.75816910674 -1.1140670831400001 0.38210991011999995 0.32206605606 0.25856176049999996 -0.0041346111481675996 0.058134463273677404 -0.018942806532730904 -0.0033840936673741355 -0.04414045599394095 0.010783018121453075 0.22087299683039424 0.040707813475741365 0.07387503535892952 0.4426660341780709 0.28317191685725496 -1.1404483206158882 1.4495015502599116 1.2596568402865842 -1.3075252113176796 0.16497257657748807 0.11220753661682561 0.10030869080918756 0.22632718166165366 0.30711167355240554 0.22915137177893427 -0.06860748504436796 0.0280978463859305 -0.02596925783621457
-0.07672925304 0.33989926932000003 0.4842162738 -0.03630643956 -0.04884740334 -0.00083050596 1.30569162822 0.31551779448 0.43440777161999994 -0.88153458822 0.31551779448 0.23018020415999998 0.07905267306 -0.022040516519999998 -0.05151376458 0.029120593320000002 -0.022040516519999998 0.04387084326 -2.1585127815000003 -8.77020148854 0.62255244816 0.00894534246 0.12735396072 -0.01692958608 -0.00416386224 0.04819147091999999 0.0164279907 1.3910896582199999 2.10184032834 -0.84273878934 -0.03776346756 0.0798370398 0.18439201998 0.018522333539999998 0.0798370398 -0.08127464076 0.030598937099999998 0.05248106928 -0.0348998679 0.12232748394 0.1230756948 0.041331297419999996 -0.11056845852 0.11593652741999999 -0.08936762184 0.04751206416 0.11593652741999999 0.03276882954 -0.02384426322 -0.21072510288 -0.05940087299999999 0.05102404128 0.04052750364 -0.027359747999999996 -0.43373511035999995 0.25341791202 -0.62248391388 0.026664152039999996 0.05107449762 0.0188685126 -0.6992744160600001 1.1850669782999999 -0.66212937594 0.18518367185999998 0.17188154586 0.07160024466 -0.82516568256 0.09884909664 0.48837851712 0.25539947009999997 0.0652977891 0.0763037469 -0.032007620642980225 0.11928930177493828 0.04673185039209951 0.08368707646387355 0.09955300009019137 0.09020734630629185 -0.04864555058570278 -0.051456608636776494 -0.050439072476443046 0.1871383105105086 0.15343187803003777 -0.30227708348127097 1.3648144470573138 1.1575056807944306 -1.2360282737663968 -0.20403171883216512 -0.028524837508354352 -0.1574538717619463 0.48019628557314636 2.1054995917344232 1.362407697468852 0.08174074507545318 -0.007409270930484364 -0.0030657405472072365
-0.0782356581 0.47024256582 0.394692696 0.005281186859999999 0.00623877804 -0.01198297602 0.9903365352000001 0.23018020415999998 0.12328129764 -0.9445027514400001 0.43440777161999994 0.12328129764 -0.0438578919 -0.04387084326 0.15984190764 -0.11830473756 0.05151376458 0.15984190764 3.26569540734 0.62255244816 -11.760536411999999 -0.06357660732 -0.01692958608 0.05666867568 0.02246008662 0.0164279907 0.05400609192 -0.5062381727399999 -0.84273878934 -0.01194115392 -0.06873880355999999 0.08127464076 0.07157272302 -0.04966549758 -0.18439201998 0.07157272302 0.03415543452 0.0348998679 -0.03303055494 0.030523927139999997 -0.041331297419999996 0.30159562212 -0.00770093262 0.03276882954 0.015601532039999998 -0.03545461782 -0.08936762184 0.015601532039999998 0.03802276458 0.05940087299999999 2.05373978676 -0.007003178099999999 0.027359747999999996 -0.018572250239999998 0.7696777392 -0.34416782172 0.9029081097 -0.17122453416 -0.025072483859999998 0.04192813926 0.45811712484 -1.0233638523 0.45239451246 -0.12764887398 0.012385547459999998 0.00452650032 -1.04962165542 0.48424379544 0.4638043908 0.29319747462 0.1616613039 0.06049526292 -0.021319710516177013 0.0317063790030223 0.09230529336819171 0.05648340440421183 0.12189104264950226 0.07352643869234676 0.14217053434553392 -0.016562321076682915 0.13064058021588926 -1.493280675462463 -0.507405528812411 3.3170811314618036 -1.56434664247732 -1.3199318303519836 1.423757129314815 -0.08028348366788919 0.012011463223897095 0.05438147792830988 0.45058825157342414 1.5625941085508013 1.2736492558007197 -0.016980955429702387 0.019856479987609903 0.007209106406179426
0.05077445778 0.01555539282 -0.0076383343799999994 -0.07263986112 -0.11358909341999998 -0.07610111208 2.39845858092 -1.30569162822 -0.9903365352000001 2.39845858092 0.88153458822 0.9445027514400001 0.033325738019999995 -0.07905267306 -0.0438578919 0.033325738019999995 -0.029120593320000002 -0.11830473756 0.11399975946 0.00894534246 -0.06357660732 -10.19204577 -2.1585127815000003 3.26569540734 0.38959552638 1.3910896582199999 -0.5062381727399999 0.09819397368 -0.00416386224 0.02246008662 -0.04217475474 0.03776346756 -0.06873880355999999 -0.04217475474 -0.018522333539999998 -0.04966549758 0.12747403062 0.12232748394 -0.030523927139999997 -0.05460940943999999 0.030598937099999998 -0.03415543452 -0.01741364316 0.11056845852 0.00770093262 -0.01741364316 -0.04751206416 0.03545461782 0.11837111328 0.05102404128 0.007003178099999999 -0.20521672758 -0.02384426322 -0.03802276458 0.16226354214 0.11241456695999999 -0.10134223344 0.3191107176 -0.11601990179999999 0.50688466146 0.22936345902 0.09420954174 -0.03727374426 0.09694173906 -0.57788266788 0.29172047994 0.38210991011999995 0.32206605606 0.25856176049999996 1.38500521722 -0.75816910674 -1.1140670831400001 -0.0033840936673741355 -0.04414045599394095 0.010783018121453075 -0.0041346111481675996 0.058134463273677404 -0.018942806532730904 0.4426660341780709 0.28317191685725496 -1.1404483206158882 0.22087299683039424 0.040707813475741365 0.07387503535892952 0.16497257657748807 0.11220753661682561 0.10030869080918756 1.4495015502599116 1.2596568402865842 -1.3075252113176796 -0.06860748504436796 0.0280978463859305 -0.02596925783621457 0.22632718166165366 0.30711167355240554 0.22915137177893427
-0.03630643956 -0.04884740334 -0.00083050596 -0.07672925304 0.33989926932000003 0.4842162738 -0.88153458822 0.31551779448 0.23018020415999998 1.30569162822 0.31551779448 0.43440777161999994 0.029120593320000002 -0.022040516519999998 0.04387084326 0.07905267306 -0.022040516519999998 -0.05151376458 0.00894534246 0.12735396072 -0.01692958608 -2.1585127815000003 -8.77020148854 0.62255244816 1.3910896582199999 2.10184032834 -0.84273878934 -0.00416386224 0.04819147091999999 0.0164279907 0.018522333539999998 0.0798370398 -0.08127464076 -0.03776346756 0.0798370398 0.18439201998 0.12232748394 0.1230756948 0.041331297419999996 0.030598937099999998 0.05248106928 -0.0348998679 0.04751206416 0.11593652741999999 0.03276882954 -0.11056845852 0.11593652741999999 -0.08936762184 0.05102404128 0.04052750364 -0.027359747999999996 -0.02384426322 -0.21072510288 -0.05940087299999999 0.026664152039999996 0.05107449762 0.0188685126 -0.43373511035999995 0.25341791202 -0.62248391388 0.18518367185999998 0.17188154586 0.07160024466 -0.6992744160600001 1.1850669782999999 -0.66212937594 0.25539947009999997 0.0652977891 0.0763037469 -0.82516568256 0.09884909664 0.48837851712 0.08368707646387355 0.09955300009019137 0.09020734630629185 -0.032007620642980225 0.11928930177493828 0.04673185039209951 0.1871383105105086 0.15343187803003777 -0.30227708348127097 -0.04864555058570278 -0.051456608636776494 -0.050439072476443046 -0.20403171883216512 -0.028524837508354352 -0.1574538717619463 1.3648144470573138 1.1575056807944306 -1.2360282737663968 0.08174074507545318 -0.007409270930484364 -0.0030657405472072365 0.48019628557314636 2.1054995917344232 1.362407697468852
0.005281186859999999 0.00623877804 -0.01198297602 -0.0782356581 0.47024256582 0.394692696 -0.9445027514400001 0.43440777161999994 0.12328129764 0.9903365352000001 0.23018020415999998 0.12328129764 -0.11830473756 0.05151376458 0.15984190764 -0.0438578919 -0.04387084326 0.15984190764 -0.06357660732 -0.01692958608 0.05666867568 3.26569540734 0.62255244816 -11.760536411999999 -0.5062381727399999 -0.84273878934 -0.01194115392 0.02246008662 0.0164279907 0.05400609192 -0.04966549758 -0.18439201998 0.07157272302 -0.06873880355999999 0.08127464076 0.07157272302 0.030523927139999997 -0.041331297419999996 0.30159562212 0.03415543452 0.0348998679 -0.03303055494 -0.03545461782 -0.08936762184 0.015601532039999998 -0.00770093262 0.03276882954 0.015601532039999998 -0.007003178099999999 0.027359747999999996 -0.018572250239999998 0.03802276458 0.05940087299999999 2.05373978676 -0.17122453416 -0.025072483859999998 0.04192813926 0.7696777392 -0.34416782172 0.9029081097 -0.12764887398 0.012385547459999998 0.00452650032 0.45811712484 -1.0233638523 0.45239451246 0.29319747462 0.1616613039 0.06049526292 -1.04962165542 0.48424379544 0.4638043908 0.05648340440421183 0.12189104264950226 0.07352643869234676 -0.021319710516177013 0.0317063790030223 0.09230529336819171 -1.493280675462463 -0.507405528812411 3.3170811314618036 0.14217053434553392 -0.016562321076682915 0.13064058021588926 -0.08028348366788919 0.012011463223897095 0.05438147792830988 -1.56434664247732 -1.3199318303519836 1.423757129314815 -0.016980955429702387 0.019856479987609903 0.007209106406179426 0.45058825157342414 1.5625941085508013 1.2736492558007197
