-3.663458 3.663458 7.374273
-3.663458 7.374273 3.663458
-7.374273 3.663458 3.663458
-11.037731 11.037731 7.326916
-11.037731 7.326916 11.037731
-7.326916 11.037731 11.037731
32 2
direct
0.125000 0.125000 0.125000 Al
0.625000 0.625000 0.625000 Al
0.375000 0.375000 0.875000 Al
0.875000 0.875000 0.375000 Al
0.375000 0.875000 0.375000 Al
0.875000 0.375000 0.875000 Al
0.750000 0.250000 0.250000 Al
0.250000 0.750000 0.750000 Al
0.875000 0.375000 0.375000 Al
0.375000 0.875000 0.875000 Al
0.250000 0.750000 0.250000 Al
0.750000 0.250000 0.750000 Al
0.250000 0.250000 0.750000 Al
0.750000 0.750000 0.250000 Al
0.000000 0.000000 0.000000 Al
0.500000 0.500000 0.500000 Al
0.625000 0.125000 0.125000 Ni
0.125000 0.625000 0.625000 Ni
0.250000 0.250000 0.250000 Ni
0.750000 0.750000 0.750000 Ni
0.000000 1.000000 0.500000 Ni
0.500000 0.500000 0.000000 Ni
0.000000 0.500000 0.000000 Ni
0.500000 0.000000 0.500000 Ni
0.125000 0.625000 0.125000 Ni
0.625000 0.125000 0.625000 Ni
0.125000 0.125000 0.625000 Ni
0.625000 0.625000 0.125000 Ni
0.375000 0.375000 0.375000 Ni
0.875000 0.875000 0.875000 Ni
0.500000 1.000000 0.000000 Ni
0.000000 0.500000 0.500000 Ni
-6.61223482272 1.46264079564 1.46264079564 0.030329926559999998 -0.0101614212 -0.0101614212 0.03696911748 -0.02077640982 -0.02077640982 0.050648182019999995 -0.0224368821 -0.0224368821 0.0217447938 -0.021406169699999998 -0.013748408279999999 -0.00786903048 0.026535987539999997 0.00128380356 1.5531462484199998 -1.83569311818 -0.0975156462 0.02064824532 0.011142486719999999 0.00489237624 0.0217447938 -0.013748408279999999 -0.021406169699999998 -0.00786903048 0.00128380356 0.026535987539999997 1.5531462484199998 -0.0975156462 -1.83569311818 0.02064824532 0.00489237624 0.011142486719999999 0.050422882319999994 0.15329337624 0.15329337624 0.029175636600000002 0.01031764698 0.01031764698 0.07313579028 -0.04118208696 -0.04118208696 0.0437351238 0.01141554456 0.01141554456 0.021153371010889807 -0.011474242333615454 0.015495042241323387 0.8586023445041285 0.9237604734914882 0.0026431267801856786 0.06523214608779843 -0.04843663135059325 -0.04843663135059325 0.1315932519279887 0.011013824133574077 0.011013824133574077 0.007371068556064335 0.046259493950051876 0.046259493950051876 -0.02934977003098683 -0.0005014061642628658 -0.0005014061642628658 0.560434801862812 0.10020602192793374 -0.6485187328575907 0.007963603300974977 0.027392694224760816 0.005266356490360925 0.021153371010889807 0.015495042241323387 -0.011474242333615454 0.8586023445041285 0.0026431267801856786 0.9237604734914882 0.039285172969995535 -0.008003795382396046 -0.008003795382396046 0.12876309268970498 -0.047251561860771965 -0.047251561860771965 -0.04141734299231334 -0.001184273607020864 -0.001184273607020864 0.14922603537123283 -0.10470673916429327 -0.10470673916429327 0.560434801862812 -0.6485187328575907 0.10020602192793374 0.007963603300974977 0.005266356490360925 0.027392694224760816
1.46264079564 -6.61223482272 -1.46264079564 -0.0101614212 0.030329926559999998 0.0101614212 -0.021406169699999998 0.0217447938 0.013748408279999999 0.026535987539999997 -0.00786903048 -0.00128380356 -0.02077640982 0.03696911748 0.02077640982 -0.0224368821 0.050648182019999995 0.0224368821 -1.83569311818 1.5531462484199998 0.0975156462 0.011142486719999999 0.02064824532 -0.00489237624 -0.013748408279999999 0.0217447938 0.021406169699999998 0.00128380356 -0.00786903048 -0.026535987539999997 0.15329337624 0.050422882319999994 -0.15329337624 0.01031764698 0.029175636600000002 -0.01031764698 -0.0975156462 1.5531462484199998 1.83569311818 0.00489237624 0.02064824532 -0.011142486719999999 -0.04118208696 0.07313579028 0.04118208696 0.01141554456 0.0437351238 -0.01141554456 -0.011474242333615454 0.021153371010889807 -0.015495042241323387 0.9237604734914882 0.8586023445041285 -0.0026431267801856786 -0.04843663135059325 0.06523214608779843 0.04843663135059325 0.011013824133574077 0.1315932519279887 -0.011013824133574077 0.10020602192793374 0.560434801862812 0.6485187328575907 0.027392694224760816 0.007963603300974977 -0.005266356490360925 0.046259493950051876 0.007371068556064335 -0.046259493950051876 -0.0005014061642628658 -0.02934977003098683 0.0005014061642628658 -0.008003795382396046 0.039285172969995535 0.008003795382396046 -0.047251561860771965 0.12876309268970498 0.047251561860771965 0.015495042241323387 0.021153371010889807 0.011474242333615454 0.0026431267801856786 0.8586023445041285 -0.9237604734914882 -0.001184273607020864 -0.04141734299231334 0.001184273607020864 -0.10470673916429327 0.14922603537123283 0.10470673916429327 -0.6485187328575907 0.560434801862812 -0.10020602192793374 0.005266356490360925 0.007963603300974977 -0.027392694224760816
1.46264079564 -1.46264079564 -6.61223482272 -0.0101614212 0.0101614212 0.030329926559999998 -0.021406169699999998 0.013748408279999999 0.0217447938 0.026535987539999997 -0.00128380356 -0.00786903048 -0.013748408279999999 0.021406169699999998 0.0217447938 0.00128380356 -0.026535987539999997 -0.00786903048 0.15329337624 -0.15329337624 0.050422882319999994 0.01031764698 -0.01031764698 0.029175636600000002 -0.02077640982 0.02077640982 0.03696911748 -0.0224368821 0.0224368821 0.050648182019999995 -1.83569311818 0.0975156462 1.5531462484199998 0.011142486719999999 -0.00489237624 0.02064824532 -0.0975156462 1.83569311818 1.5531462484199998 0.00489237624 -0.011142486719999999 0.02064824532 -0.04118208696 0.04118208696 0.07313579028 0.01141554456 -0.01141554456 0.0437351238 -0.008003795382396046 0.008003795382396046 0.039285172969995535 -0.047251561860771965 0.047251561860771965 0.12876309268970498 -0.04843663135059325 0.04843663135059325 0.06523214608779843 0.011013824133574077 -0.011013824133574077 0.1315932519279887 0.10020602192793374 0.6485187328575907 0.560434801862812 0.027392694224760816 -0.005266356490360925 0.007963603300974977 -0.6485187328575907 -0.10020602192793374 0.560434801862812 0.005266356490360925 -0.027392694224760816 0.007963603300974977 -0.011474242333615454 -0.015495042241323387 0.021153371010889807 0.9237604734914882 -0.0026431267801856786 0.8586023445041285 0.015495042241323387 0.011474242333615454 0.021153371010889807 0.0026431267801856786 -0.9237604734914882 0.8586023445041285 -0.001184273607020864 0.001184273607020864 -0.04141734299231334 -0.10470673916429327 0.10470673916429327 0.14922603537123283 0.046259493950051876 -0.046259493950051876 0.007371068556064335 -0.0005014061642628658 0.0005014061642628658 -0.02934977003098683
0.030329926559999998 -0.0101614212 -0.0101614212 -6.61223482272 1.46264079564 1.46264079564 0.050648182019999995 -0.0224368821 -0.0224368821 0.03696911748 -0.02077640982 -0.02077640982 -0.00786903048 0.026535987539999997 0.00128380356 0.0217447938 -0.021406169699999998 -0.013748408279999999 0.02064824532 0.011142486719999999 0.00489237624 1.5531462484199998 -1.83569311818 -0.0975156462 -0.00786903048 0.00128380356 0.026535987539999997 0.0217447938 -0.013748408279999999 -0.021406169699999998 0.02064824532 0.00489237624 0.011142486719999999 1.5531462484199998 -0.0975156462 -1.83569311818 0.029175636600000002 0.01031764698 0.01031764698 0.050422882319999994 0.15329337624 0.15329337624 0.0437351238 0.01141554456 0.01141554456 0.07313579028 -0.04118208696 -0.04118208696 0.8586023445041285 0.9237604734914882 0.0026431267801856786 0.021153371010889807 -0.011474242333615454 0.015495042241323387 0.1315932519279887 0.011013824133574077 0.011013824133574077 0.06523214608779843 -0.04843663135059325 -0.04843663135059325 -0.02934977003098683 -0.0005014061642628658 -0.0005014061642628658 0.007371068556064335 0.046259493950051876 0.046259493950051876 0.007963603300974977 0.027392694224760816 0.005266356490360925 0.560434801862812 0.10020602192793374 -0.6485187328575907 0.8586023445041285 0.0026431267801856786 0.9237604734914882 0.021153371010889807 0.015495042241323387 -0.011474242333615454 0.12876309268970498 -0.047251561860771965 -0.047251561860771965 0.039285172969995535 -0.008003795382396046 -0.008003795382396046 0.14922603537123283 -0.10470673916429327 -0.10470673916429327 -0.04141734299231334 -0.001184273607020864 -0.001184273607020864 0.007963603300974977 0.005266356490360925 0.027392694224760816 0.560434801862812 -0.6485187328575907 0.10020602192793374
-0.0101614212 0.030329926559999998 0.0101614212 1.46264079564 -6.61223482272 -1.46264079564 0.026535987539999997 -0.00786903048 -0.00128380356 -0.021406169699999998 0.0217447938 0.013748408279999999 -0.0224368821 0.050648182019999995 0.0224368821 -0.02077640982 0.03696911748 0.02077640982 0.011142486719999999 0.02064824532 -0.00489237624 -1.83569311818 1.5531462484199998 0.0975156462 0.00128380356 -0.00786903048 -0.026535987539999997 -0.013748408279999999 0.0217447938 0.021406169699999998 0.01031764698 0.029175636600000002 -0.01031764698 0.15329337624 0.050422882319999994 -0.15329337624 0.00489237624 0.02064824532 -0.011142486719999999 -0.0975156462 1.5531462484199998 1.83569311818 0.01141554456 0.0437351238 -0.01141554456 -0.04118208696 0.07313579028 0.04118208696 0.9237604734914882 0.8586023445041285 -0.0026431267801856786 -0.011474242333615454 0.021153371010889807 -0.015495042241323387 0.011013824133574077 0.1315932519279887 -0.011013824133574077 -0.04843663135059325 0.06523214608779843 0.04843663135059325 0.027392694224760816 0.007963603300974977 -0.005266356490360925 0.10020602192793374 0.560434801862812 0.6485187328575907 -0.0005014061642628658 -0.02934977003098683 0.0005014061642628658 0.046259493950051876 0.007371068556064335 -0.046259493950051876 -0.047251561860771965 0.12876309268970498 0.047251561860771965 -0.008003795382396046 0.039285172969995535 0.008003795382396046 0.0026431267801856786 0.8586023445041285 -0.9237604734914882 0.015495042241323387 0.021153371010889807 0.011474242333615454 -0.10470673916429327 0.14922603537123283 0.10470673916429327 -0.001184273607020864 -0.04141734299231334 0.001184273607020864 0.005266356490360925 0.007963603300974977 -0.027392694224760816 -0.6485187328575907 0.560434801862812 -0.10020602192793374
-0.0101614212 0.0101614212 0.030329926559999998 1.46264079564 -1.46264079564 -6.61223482272 0.026535987539999997 -0.00128380356 -0.00786903048 -0.021406169699999998 0.013748408279999999 0.0217447938 0.00128380356 -0.026535987539999997 -0.00786903048 -0.013748408279999999 0.021406169699999998 0.0217447938 0.01031764698 -0.01031764698 0.029175636600000002 0.15329337624 -0.15329337624 0.050422882319999994 -0.0224368821 0.0224368821 0.050648182019999995 -0.02077640982 0.02077640982 0.03696911748 0.011142486719999999 -0.00489237624 0.02064824532 -1.83569311818 0.0975156462 1.5531462484199998 0.00489237624 -0.011142486719999999 0.02064824532 -0.0975156462 1.83569311818 1.5531462484199998 0.01141554456 -0.01141554456 0.0437351238 -0.04118208696 0.04118208696 0.07313579028 -0.047251561860771965 0.047251561860771965 0.12876309268970498 -0.008003795382396046 0.008003795382396046 0.039285172969995535 0.011013824133574077 -0.011013824133574077 0.1315932519279887 -0.04843663135059325 0.04843663135059325 0.06523214608779843 0.027392694224760816 -0.005266356490360925 0.007963603300974977 0.10020602192793374 0.6485187328575907 0.560434801862812 0.005266356490360925 -0.027392694224760816 0.007963603300974977 -0.6485187328575907 -0.10020602192793374 0.560434801862812 0.9237604734914882 -0.0026431267801856786 0.8586023445041285 -0.011474242333615454 -0.015495042241323387 0.021153371010889807 0.0026431267801856786 -0.9237604734914882 0.8586023445041285 0.015495042241323387 0.011474242333615454 0.021153371010889807 -0.10470673916429327 0.10470673916429327 0.14922603537123283 -0.001184273607020864 0.001184273607020864 -0.04141734299231334 -0.0005014061642628658 0.0005014061642628658 -0.02934977003098683 0.046259493950051876 -0.046259493950051876 0.007371068556064335
0.03696911748 -0.021406169699999998 -0.021406169699999998 0.050648182019999995 0.026535987539999997 0.026535987539999997 -10.73453884668 -1.11121076862 -1.11121076862 0.0099442161 0.00937381662 0.00937381662 2.9697846227999998 3.4294920667199995 0.16190063424 0.0006974847 0.007888457520000001 0.01217616714 0.025565984639999997 -0.00388432872 -0.01029606138 1.56695509638 0.04064946228 -1.58446020852 2.9697846227999998 0.16190063424 3.4294920667199995 0.0006974847 0.01217616714 0.007888457520000001 0.025565984639999997 -0.01029606138 -0.00388432872 1.56695509638 -1.58446020852 0.04064946228 0.02451071862 -0.00531383508 -0.00531383508 0.08098431444 -0.01091502846 -0.01091502846 0.029175636600000002 0.00489237624 0.00489237624 0.050422882319999994 -0.0975156462 -0.0975156462 0.047211369779350906 0.008995863293116146 0.008181675188289302 -0.05484428377675251 -0.07466932639374593 -0.017248372050642582 0.18297743522992724 -0.11070371606543722 -0.11070371606543722 0.06876785542865205 -0.03691503399035297 -0.03691503399035297 0.11168941691375399 -0.020848547898330003 -0.020848547898330003 0.027113339361814363 0.004150926745576153 0.004150926745576153 0.4587902217731241 -0.5459958960976423 0.06957846206087702 -0.016049374611814 0.0012654536526634232 0.01042009556446281 0.047211369779350906 0.008181675188289302 0.008995863293116146 -0.05484428377675251 -0.017248372050642582 -0.07466932639374593 -0.11628922155876545 0.010176157486134926 0.010176157486134926 0.13099236041367368 -0.005571975485721149 -0.005571975485721149 0.02937842181180185 -0.011427285248390836 -0.011427285248390836 0.030906516788602963 0.008025284218007314 0.008025284218007314 0.4587902217731241 0.06957846206087702 -0.5459958960976423 -0.016049374611814 0.01042009556446281 0.0012654536526634232
-0.02077640982 0.0217447938 0.013748408279999999 -0.0224368821 -0.00786903048 -0.00128380356 -1.11121076862 -8.27961611364 -1.3674159212399999 0.00937381662 0.039969246060000005 0.01621915002 3.5733018095999998 2.9697846227999998 0.1549319931 -0.03316114782 0.0006974847 0.02236699872 0.040206417839999994 -0.00554641992 0.00388432872 0.0602332677 -0.07291858518 -0.04064946228 -0.1549319931 0.043653907980000003 -0.16190063424 -0.02236699872 0.048367663379999995 -0.01217616714 0.03196530558 0.025565984639999997 -0.040206417839999994 -1.89489081672 1.56695509638 -0.0602332677 -0.00531383508 -0.0105917841 -0.048454545419999995 -0.01091502846 0.06003656892 -0.07611595218 0.01031764698 0.02064824532 -0.011142486719999999 0.15329337624 1.5531462484199998 1.83569311818 0.03565594740009289 -0.012685575955850506 0.006129491387413429 -0.044369272299060916 0.07859581418960442 0.06803405148666734 0.07131945568678974 0.40900616084142444 0.3603522534863173 -0.031515765072322365 -0.0018078477811477771 0.010247786938172477 0.01783294796754905 0.06878934426426331 -0.014980504010853638 -0.004375763636694025 0.01623680501131226 -0.011807717226990281 -0.46565471092672284 0.521959439642241 -0.017139336106985422 0.00886175704124584 -0.004912984526975667 0.006164510230631789 -0.03716454324828378 0.06599221416219689 0.006192764070046601 -0.02884358856992146 0.04691012813939297 0.0699378031452654 0.03199210092837209 -0.05217728051255431 -0.007543775123754878 -0.06157745226828242 0.03712236145986166 -0.008910703833471501 -0.0003716772677948545 -0.009699423688684993 -0.004124264671762175 0.0269812228169451 0.7119287052738338 -0.9090398252149706 -0.021651593643951004 0.21532569371148605 0.1161666556075012 0.0034959152008327585 0.00540682980463457 0.0007023665713682207
-0.02077640982 0.013748408279999999 0.0217447938 -0.0224368821 -0.00128380356 -0.00786903048 -1.11121076862 -1.3674159212399999 -8.27961611364 0.00937381662 0.01621915002 0.039969246060000005 -0.1549319931 -0.16190063424 0.043653907980000003 -0.02236699872 -0.01217616714 0.048367663379999995 0.03196530558 -0.040206417839999994 0.025565984639999997 -1.89489081672 -0.0602332677 1.56695509638 3.5733018095999998 0.1549319931 2.9697846227999998 -0.03316114782 0.02236699872 0.0006974847 0.040206417839999994 0.00388432872 -0.00554641992 0.0602332677 -0.04064946228 -0.07291858518 -0.00531383508 -0.048454545419999995 -0.0105917841 -0.01091502846 -0.07611595218 0.06003656892 0.01031764698 -0.011142486719999999 0.02064824532 0.15329337624 1.83569311818 1.5531462484199998 -0.03716454324828378 0.006192764070046601 0.06599221416219689 -0.02884358856992146 0.0699378031452654 0.04691012813939297 0.07131945568678974 0.3603522534863173 0.40900616084142444 -0.031515765072322365 0.010247786938172477 -0.0018078477811477771 0.01783294796754905 -0.014980504010853638 0.06878934426426331 -0.004375763636694025 -0.011807717226990281 0.01623680501131226 -0.021651593643951004 0.1161666556075012 0.21532569371148605 0.0034959152008327585 0.0007023665713682207 0.00540682980463457 0.03565594740009289 0.006129491387413429 -0.012685575955850506 -0.044369272299060916 0.06803405148666734 0.07859581418960442 0.03199210092837209 -0.007543775123754878 -0.05217728051255431 -0.06157745226828242 -0.008910703833471501 0.03712236145986166 -0.0003716772677948545 -0.004124264671762175 -0.009699423688684993 0.0269812228169451 -0.9090398252149706 0.7119287052738338 -0.46565471092672284 -0.017139336106985422 0.521959439642241 0.00886175704124584 0.006164510230631789 -0.004912984526975667
0.050648182019999995 0.026535987539999997 0.026535987539999997 0.03696911748 -0.021406169699999998 -0.021406169699999998 0.0099442161 0.00937381662 0.00937381662 -10.73453884668 -1.11121076862 -1.11121076862 0.0006974847 0.007888457520000001 0.01217616714 2.9697846227999998 3.4294920667199995 0.16190063424 1.56695509638 0.04064946228 -1.58446020852 0.025565984639999997 -0.00388432872 -0.01029606138 0.0006974847 0.01217616714 0.007888457520000001 2.9697846227999998 0.16190063424 3.4294920667199995 1.56695509638 -1.58446020852 0.04064946228 0.025565984639999997 -0.01029606138 -0.00388432872 0.08098431444 -0.01091502846 -0.01091502846 0.02451071862 -0.00531383508 -0.00531383508 0.050422882319999994 -0.0975156462 -0.0975156462 0.029175636600000002 0.00489237624 0.00489237624 -0.05484428377675251 -0.07466932639374593 -0.017248372050642582 0.047211369779350906 0.008995863293116146 0.008181675188289302 0.06876785542865205 -0.03691503399035297 -0.03691503399035297 0.18297743522992724 -0.11070371606543722 -0.11070371606543722 0.027113339361814363 0.004150926745576153 0.004150926745576153 0.11168941691375399 -0.020848547898330003 -0.020848547898330003 -0.016049374611814 0.0012654536526634232 0.01042009556446281 0.4587902217731241 -0.5459958960976423 0.06957846206087702 -0.05484428377675251 -0.017248372050642582 -0.07466932639374593 0.047211369779350906 0.008181675188289302 0.008995863293116146 0.13099236041367368 -0.005571975485721149 -0.005571975485721149 -0.11628922155876545 0.010176157486134926 0.010176157486134926 0.030906516788602963 0.008025284218007314 0.008025284218007314 0.02937842181180185 -0.011427285248390836 -0.011427285248390836 -0.016049374611814 0.01042009556446281 0.0012654536526634232 0.4587902217731241 0.06957846206087702 -0.5459958960976423
-0.0224368821 -0.00786903048 -0.00128380356 -0.02077640982 0.0217447938 0.013748408279999999 0.00937381662 0.039969246060000005 0.01621915002 -1.11121076862 -8.27961611364 -1.3674159212399999 -0.03316114782 0.0006974847 0.02236699872 3.5733018095999998 2.9697846227999998 0.1549319931 0.0602332677 -0.07291858518 -0.04064946228 0.040206417839999994 -0.00554641992 0.00388432872 -0.02236699872 0.048367663379999995 -0.01217616714 -0.1549319931 0.043653907980000003 -0.16190063424 -1.89489081672 1.56695509638 -0.0602332677 0.03196530558 0.025565984639999997 -0.040206417839999994 -0.01091502846 0.06003656892 -0.07611595218 -0.00531383508 -0.0105917841 -0.048454545419999995 0.15329337624 1.5531462484199998 1.83569311818 0.01031764698 0.02064824532 -0.011142486719999999 -0.044369272299060916 0.07859581418960442 0.06803405148666734 0.03565594740009289 -0.012685575955850506 0.006129491387413429 -0.031515765072322365 -0.0018078477811477771 0.010247786938172477 0.07131945568678974 0.40900616084142444 0.3603522534863173 -0.004375763636694025 0.01623680501131226 -0.011807717226990281 0.01783294796754905 0.06878934426426331 -0.014980504010853638 0.00886175704124584 -0.004912984526975667 0.006164510230631789 -0.46565471092672284 0.521959439642241 -0.017139336106985422 -0.02884358856992146 0.04691012813939297 0.0699378031452654 -0.03716454324828378 0.06599221416219689 0.006192764070046601 -0.06157745226828242 0.03712236145986166 -0.008910703833471501 0.03199210092837209 -0.05217728051255431 -0.007543775123754878 0.0269812228169451 0.7119287052738338 -0.9090398252149706 -0.0003716772677948545 -0.009699423688684993 -0.004124264671762175 0.0034959152008327585 0.00540682980463457 0.0007023665713682207 -0.021651593643951004 0.21532569371148605 0.1161666556075012
-0.0224368821 -0.00128380356 -0.00786903048 -0.02077640982 0.013748408279999999 0.0217447938 0.00937381662 0.01621915002 0.039969246060000005 -1.11121076862 -1.3674159212399999 -8.27961611364 -0.02236699872 -0.01217616714 0.048367663379999995 -0.1549319931 -0.16190063424 0.043653907980000003 -1.89489081672 -0.0602332677 1.56695509638 0.03196530558 -0.040206417839999994 0.025565984639999997 -0.03316114782 0.02236699872 0.0006974847 3.5733018095999998 0.1549319931 2.9697846227999998 0.0602332677 -0.04064946228 -0.07291858518 0.040206417839999994 0.00388432872 -0.00554641992 -0.01091502846 -0.07611595218 0.06003656892 -0.00531383508 -0.048454545419999995 -0.0105917841 0.15329337624 1.83569311818 1.5531462484199998 0.01031764698 -0.011142486719999999 0.02064824532 -0.02884358856992146 0.0699378031452654 0.04691012813939297 -0.03716454324828378 0.006192764070046601 0.06599221416219689 -0.031515765072322365 0.010247786938172477 -0.0018078477811477771 0.07131945568678974 0.3603522534863173 0.40900616084142444 -0.004375763636694025 -0.011807717226990281 0.01623680501131226 0.01783294796754905 -0.014980504010853638 0.06878934426426331 0.0034959152008327585 0.0007023665713682207 0.00540682980463457 -0.021651593643951004 0.1161666556075012 0.21532569371148605 -0.044369272299060916 0.06803405148666734 0.07859581418960442 0.03565594740009289 0.006129491387413429 -0.012685575955850506 -0.06157745226828242 -0.008910703833471501 0.03712236145986166 0.03199210092837209 -0.007543775123754878 -0.05217728051255431 0.0269812228169451 -0.9090398252149706 0.7119287052738338 -0.0003716772677948545 -0.004124264671762175 -0.009699423688684993 0.00886175704124584 0.006164510230631789 -0.004912984526975667 -0.46565471092672284 -0.017139336106985422 0.521959439642241
0.0217447938 -0.02077640982 -0.013748408279999999 -0.00786903048 -0.0224368821 0.00128380356 2.9697846227999998 3.5733018095999998 -0.1549319931 0.0006974847 -0.03316114782 -0.02236699872 -8.27961611364 -1.11121076862 1.3674159212399999 0.039969246060000005 0.00937381662 -0.01621915002 -0.00554641992 0.040206417839999994 -0.00388432872 -0.07291858518 0.0602332677 0.04064946228 0.043653907980000003 -0.1549319931 0.16190063424 0.048367663379999995 -0.02236699872 0.01217616714 -0.0105917841 -0.00531383508 0.048454545419999995 0.06003656892 -0.01091502846 0.07611595218 0.025565984639999997 0.03196530558 0.040206417839999994 1.56695509638 -1.89489081672 0.0602332677 0.02064824532 0.01031764698 0.011142486719999999 1.5531462484199998 0.15329337624 -1.83569311818 -0.012685575955850506 0.03565594740009289 -0.006129491387413429 0.07859581418960442 -0.044369272299060916 -0.06803405148666734 0.40900616084142444 0.07131945568678974 -0.3603522534863173 -0.0018078477811477771 -0.031515765072322365 -0.010247786938172477 0.521959439642241 -0.46565471092672284 0.017139336106985422 -0.004912984526975667 0.00886175704124584 -0.006164510230631789 0.06878934426426331 0.01783294796754905 0.014980504010853638 0.01623680501131226 -0.004375763636694025 0.011807717226990281 -0.05217728051255431 0.03199210092837209 0.007543775123754878 0.03712236145986166 -0.06157745226828242 0.008910703833471501 0.06599221416219689 -0.03716454324828378 -0.006192764070046601 0.04691012813939297 -0.02884358856992146 -0.0699378031452654 -0.009699423688684993 -0.0003716772677948545 0.004124264671762175 0.7119287052738338 0.0269812228169451 0.9090398252149706 0.21532569371148605 -0.021651593643951004 -0.1161666556075012 0.00540682980463457 0.0034959152008327585 -0.0007023665713682207
-0.021406169699999998 0.03696911748 0.021406169699999998 0.026535987539999997 0.050648182019999995 -0.026535987539999997 3.4294920667199995 2.9697846227999998 -0.16190063424 0.007888457520000001 0.0006974847 -0.01217616714 -1.11121076862 -10.73453884668 1.11121076862 0.00937381662 0.0099442161 -0.00937381662 -0.00388432872 0.025565984639999997 0.01029606138 0.04064946228 1.56695509638 1.58446020852 0.16190063424 2.9697846227999998 -3.4294920667199995 0.01217616714 0.0006974847 -0.007888457520000001 -0.00531383508 0.02451071862 0.00531383508 -0.01091502846 0.08098431444 0.01091502846 -0.01029606138 0.025565984639999997 0.00388432872 -1.58446020852 1.56695509638 -0.04064946228 0.00489237624 0.029175636600000002 -0.00489237624 -0.0975156462 0.050422882319999994 0.0975156462 0.008995863293116146 0.047211369779350906 -0.008181675188289302 -0.07466932639374593 -0.05484428377675251 0.017248372050642582 -0.11070371606543722 0.18297743522992724 0.11070371606543722 -0.03691503399035297 0.06876785542865205 0.03691503399035297 -0.5459958960976423 0.4587902217731241 -0.06957846206087702 0.0012654536526634232 -0.016049374611814 -0.01042009556446281 -0.020848547898330003 0.11168941691375399 0.020848547898330003 0.004150926745576153 0.027113339361814363 -0.004150926745576153 0.010176157486134926 -0.11628922155876545 -0.010176157486134926 -0.005571975485721149 0.13099236041367368 0.005571975485721149 0.008181675188289302 0.047211369779350906 -0.008995863293116146 -0.017248372050642582 -0.05484428377675251 0.07466932639374593 -0.011427285248390836 0.02937842181180185 0.011427285248390836 0.008025284218007314 0.030906516788602963 -0.008025284218007314 0.06957846206087702 0.4587902217731241 0.5459958960976423 0.01042009556446281 -0.016049374611814 -0.0012654536526634232
-0.013748408279999999 0.02077640982 0.0217447938 0.00128380356 0.0224368821 -0.00786903048 0.16190063424 0.1549319931 0.043653907980000003 0.01217616714 0.02236699872 0.048367663379999995 1.3674159212399999 1.11121076862 -8.27961611364 -0.01621915002 -0.00937381662 0.039969246060000005 0.040206417839999994 -0.03196530558 0.025565984639999997 0.0602332677 1.89489081672 1.56695509638 -0.1549319931 -3.5733018095999998 2.9697846227999998 -0.02236699872 0.03316114782 0.0006974847 0.048454545419999995 0.00531383508 -0.0105917841 0.07611595218 0.01091502846 0.06003656892 -0.00388432872 -0.040206417839999994 -0.00554641992 0.04064946228 -0.0602332677 -0.07291858518 0.011142486719999999 -0.01031764698 0.02064824532 -1.83569311818 -0.15329337624 1.5531462484199998 -0.006192764070046601 0.03716454324828378 0.06599221416219689 -0.0699378031452654 0.02884358856992146 0.04691012813939297 -0.3603522534863173 -0.07131945568678974 0.40900616084142444 -0.010247786938172477 0.031515765072322365 -0.0018078477811477771 -0.1161666556075012 0.021651593643951004 0.21532569371148605 -0.0007023665713682207 -0.0034959152008327585 0.00540682980463457 0.014980504010853638 -0.01783294796754905 0.06878934426426331 0.011807717226990281 0.004375763636694025 0.01623680501131226 0.007543775123754878 -0.03199210092837209 -0.05217728051255431 0.008910703833471501 0.06157745226828242 0.03712236145986166 -0.006129491387413429 -0.03565594740009289 -0.012685575955850506 -0.06803405148666734 0.044369272299060916 0.07859581418960442 0.004124264671762175 0.0003716772677948545 -0.009699423688684993 0.9090398252149706 -0.0269812228169451 0.7119287052738338 0.017139336106985422 0.46565471092672284 0.521959439642241 -0.006164510230631789 -0.00886175704124584 -0.004912984526975667
-0.00786903048 -0.0224368821 0.00128380356 0.0217447938 -0.02077640982 -0.013748408279999999 0.0006974847 -0.03316114782 -0.02236699872 2.9697846227999998 3.5733018095999998 -0.1549319931 0.039969246060000005 0.00937381662 -0.01621915002 -8.27961611364 -1.11121076862 1.3674159212399999 -0.07291858518 0.0602332677 0.04064946228 -0.00554641992 0.040206417839999994 -0.00388432872 0.048367663379999995 -0.02236699872 0.01217616714 0.043653907980000003 -0.1549319931 0.16190063424 0.06003656892 -0.01091502846 0.07611595218 -0.0105917841 -0.00531383508 0.048454545419999995 1.56695509638 -1.89489081672 0.0602332677 0.025565984639999997 0.03196530558 0.040206417839999994 1.5531462484199998 0.15329337624 -1.83569311818 0.02064824532 0.01031764698 0.011142486719999999 0.07859581418960442 -0.044369272299060916 -0.06803405148666734 -0.012685575955850506 0.03565594740009289 -0.006129491387413429 -0.0018078477811477771 -0.031515765072322365 -0.010247786938172477 0.40900616084142444 0.07131945568678974 -0.3603522534863173 -0.004912984526975667 0.00886175704124584 -0.006164510230631789 0.521959439642241 -0.46565471092672284 0.017139336106985422 0.01623680501131226 -0.004375763636694025 0.011807717226990281 0.06878934426426331 0.01783294796754905 0.014980504010853638 0.03712236145986166 -0.06157745226828242 0.008910703833471501 -0.05217728051255431 0.03199210092837209 0.007543775123754878 0.04691012813939297 -0.02884358856992146 -0.0699378031452654 0.06599221416219689 -0.03716454324828378 -0.006192764070046601 0.7119287052738338 0.0269812228169451 0.9090398252149706 -0.009699423688684993 -0.0003716772677948545 0.004124264671762175 0.00540682980463457 0.0034959152008327585 -0.0007023665713682207 0.21532569371148605 -0.021651593643951004 -0.1161666556075012
0.026535987539999997 0.050648182019999995 -0.026535987539999997 -0.021406169699999998 0.03696911748 0.021406169699999998 0.007888457520000001 0.0006974847 -0.01217616714 3.4294920667199995 2.9697846227999998 -0.16190063424 0.00937381662 0.0099442161 -0.00937381662 -1.11121076862 -10.73453884668 1.11121076862 0.04064946228 1.56695509638 1.58446020852 -0.00388432872 0.025565984639999997 0.01029606138 0.01217616714 0.0006974847 -0.007888457520000001 0.16190063424 2.9697846227999998 -3.4294920667199995 -0.01091502846 0.08098431444 0.01091502846 -0.00531383508 0.02451071862 0.00531383508 -1.58446020852 1.56695509638 -0.04064946228 -0.01029606138 0.025565984639999997 0.00388432872 -0.0975156462 0.050422882319999994 0.0975156462 0.00489237624 0.029175636600000002 -0.00489237624 -0.07466932639374593 -0.05484428377675251 0.017248372050642582 0.008995863293116146 0.047211369779350906 -0.008181675188289302 -0.03691503399035297 0.06876785542865205 0.03691503399035297 -0.11070371606543722 0.18297743522992724 0.11070371606543722 0.0012654536526634232 -0.016049374611814 -0.01042009556446281 -0.5459958960976423 0.4587902217731241 -0.06957846206087702 0.004150926745576153 0.027113339361814363 -0.004150926745576153 -0.020848547898330003 0.11168941691375399 0.020848547898330003 -0.005571975485721149 0.13099236041367368 0.005571975485721149 0.010176157486134926 -0.11628922155876545 -0.010176157486134926 -0.017248372050642582 -0.05484428377675251 0.07466932639374593 0.008181675188289302 0.047211369779350906 -0.008995863293116146 0.008025284218007314 0.030906516788602963 -0.008025284218007314 -0.011427285248390836 0.02937842181180185 0.011427285248390836 0.01042009556446281 -0.016049374611814 -0.0012654536526634232 0.06957846206087702 0.4587902217731241 0.5459958960976423
0.00128380356 0.0224368821 -0.00786903048 -0.013748408279999999 0.02077640982 0.0217447938 0.01217616714 0.02236699872 0.048367663379999995 0.16190063424 0.1549319931 0.043653907980000003 -0.01621915002 -0.00937381662 0.039969246060000005 1.3674159212399999 1.11121076862 -8.27961611364 0.0602332677 1.89489081672 1.56695509638 0.040206417839999994 -0.03196530558 0.025565984639999997 -0.02236699872 0.03316114782 0.0006974847 -0.1549319931 -3.5733018095999998 2.9697846227999998 0.07611595218 0.01091502846 0.06003656892 0.048454545419999995 0.00531383508 -0.0105917841 0.04064946228 -0.0602332677 -0.07291858518 -0.00388432872 -0.040206417839999994 -0.00554641992 -1.83569311818 -0.15329337624 1.5531462484199998 0.011142486719999999 -0.01031764698 0.02064824532 -0.0699378031452654 0.02884358856992146 0.04691012813939297 -0.006192764070046601 0.03716454324828378 0.06599221416219689 -0.010247786938172477 0.031515765072322365 -0.0018078477811477771 -0.3603522534863173 -0.07131945568678974 0.40900616084142444 -0.0007023665713682207 -0.0034959152008327585 0.00540682980463457 -0.1161666556075012 0.021651593643951004 0.21532569371148605 0.011807717226990281 0.004375763636694025 0.01623680501131226 0.014980504010853638 -0.01783294796754905 0.06878934426426331 0.008910703833471501 0.06157745226828242 0.03712236145986166 0.007543775123754878 -0.03199210092837209 -0.05217728051255431 -0.06803405148666734 0.044369272299060916 0.07859581418960442 -0.006129491387413429 -0.03565594740009289 -0.012685575955850506 0.9090398252149706 -0.0269812228169451 0.7119287052738338 0.004124264671762175 0.0003716772677948545 -0.009699423688684993 -0.006164510230631789 -0.00886175704124584 -0.004912984526975667 0.017139336106985422 0.46565471092672284 0.521959439642241
1.5531462484199998 -1.83569311818 0.15329337624 0.02064824532 0.011142486719999999 0.01031764698 0.025565984639999997 0.040206417839999994 0.03196530558 1.56695509638 0.0602332677 -1.89489081672 -0.00554641992 -0.00388432872 0.040206417839999994 -0.07291858518 0.04064946228 0.0602332677 -8.27961611364 1.3674159212399999 -1.11121076862 0.039969246060000005 -0.01621915002 0.00937381662 -0.0105917841 0.048454545419999995 -0.00531383508 0.06003656892 0.07611595218 -0.01091502846 0.043653907980000003 0.16190063424 -0.1549319931 0.048367663379999995 0.01217616714 -0.02236699872 2.9697846227999998 -0.1549319931 3.5733018095999998 0.0006974847 -0.02236699872 -0.03316114782 -0.00786903048 0.00128380356 -0.0224368821 0.0217447938 -0.013748408279999999 -0.02077640982 0.01623680501131226 0.011807717226990281 -0.004375763636694025 0.06878934426426331 0.014980504010853638 0.01783294796754905 -0.009699423688684993 0.004124264671762175 -0.0003716772677948545 0.7119287052738338 0.9090398252149706 0.0269812228169451 0.04691012813939297 -0.0699378031452654 -0.02884358856992146 0.06599221416219689 -0.006192764070046601 -0.03716454324828378 0.07859581418960442 -0.06803405148666734 -0.044369272299060916 -0.012685575955850506 -0.006129491387413429 0.03565594740009289 0.00540682980463457 -0.0007023665713682207 0.0034959152008327585 0.21532569371148605 -0.1161666556075012 -0.021651593643951004 -0.004912984526975667 -0.006164510230631789 0.00886175704124584 0.521959439642241 0.017139336106985422 -0.46565471092672284 0.40900616084142444 -0.3603522534863173 0.07131945568678974 -0.0018078477811477771 -0.010247786938172477 -0.031515765072322365 0.03712236145986166 0.008910703833471501 -0.06157745226828242 -0.05217728051255431 0.007543775123754878 0.03199210092837209
-1.83569311818 1.5531462484199998 -0.15329337624 0.011142486719999999 0.02064824532 -0.01031764698 -0.00388432872 -0.00554641992 -0.040206417839999994 0.04064946228 -0.07291858518 -0.0602332677 0.040206417839999994 0.025565984639999997 -0.03196530558 0.0602332677 1.56695509638 1.89489081672 1.3674159212399999 -8.27961611364 1.11121076862 -0.01621915002 0.039969246060000005 -0.00937381662 0.048454545419999995 -0.0105917841 0.00531383508 0.07611595218 0.06003656892 0.01091502846 -0.1549319931 2.9697846227999998 -3.5733018095999998 -0.02236699872 0.0006974847 0.03316114782 0.16190063424 0.043653907980000003 0.1549319931 0.01217616714 0.048367663379999995 0.02236699872 0.00128380356 -0.00786903048 0.0224368821 -0.013748408279999999 0.0217447938 0.02077640982 0.011807717226990281 0.01623680501131226 0.004375763636694025 0.014980504010853638 0.06878934426426331 -0.01783294796754905 0.004124264671762175 -0.009699423688684993 0.0003716772677948545 0.9090398252149706 0.7119287052738338 -0.0269812228169451 -0.06803405148666734 0.07859581418960442 0.044369272299060916 -0.006129491387413429 -0.012685575955850506 -0.03565594740009289 -0.0699378031452654 0.04691012813939297 0.02884358856992146 -0.006192764070046601 0.06599221416219689 0.03716454324828378 -0.006164510230631789 -0.004912984526975667 -0.00886175704124584 0.017139336106985422 0.521959439642241 0.46565471092672284 -0.0007023665713682207 0.00540682980463457 -0.0034959152008327585 -0.1161666556075012 0.21532569371148605 0.021651593643951004 -0.3603522534863173 0.40900616084142444 -0.07131945568678974 -0.010247786938172477 -0.0018078477811477771 0.031515765072322365 0.008910703833471501 0.03712236145986166 0.06157745226828242 0.007543775123754878 -0.05217728051255431 -0.03199210092837209
-0.0975156462 0.0975156462 0.050422882319999994 0.00489237624 -0.00489237624 0.029175636600000002 -0.01029606138 0.00388432872 0.025565984639999997 -1.58446020852 -0.04064946228 1.56695509638 -0.00388432872 0.01029606138 0.025565984639999997 0.04064946228 1.58446020852 1.56695509638 -1.11121076862 1.11121076862 -10.73453884668 0.00937381662 -0.00937381662 0.0099442161 -0.00531383508 0.00531383508 0.02451071862 -0.01091502846 0.01091502846 0.08098431444 0.16190063424 -3.4294920667199995 2.9697846227999998 0.01217616714 -0.007888457520000001 0.0006974847 3.4294920667199995 -0.16190063424 2.9697846227999998 0.007888457520000001 -0.01217616714 0.0006974847 0.026535987539999997 -0.026535987539999997 0.050648182019999995 -0.021406169699999998 0.021406169699999998 0.03696911748 0.004150926745576153 -0.004150926745576153 0.027113339361814363 -0.020848547898330003 0.020848547898330003 0.11168941691375399 -0.011427285248390836 0.011427285248390836 0.02937842181180185 0.008025284218007314 -0.008025284218007314 0.030906516788602963 -0.017248372050642582 0.07466932639374593 -0.05484428377675251 0.008181675188289302 -0.008995863293116146 0.047211369779350906 -0.07466932639374593 0.017248372050642582 -0.05484428377675251 0.008995863293116146 -0.008181675188289302 0.047211369779350906 0.01042009556446281 -0.0012654536526634232 -0.016049374611814 0.06957846206087702 0.5459958960976423 0.4587902217731241 0.0012654536526634232 -0.01042009556446281 -0.016049374611814 -0.5459958960976423 -0.06957846206087702 0.4587902217731241 -0.11070371606543722 0.11070371606543722 0.18297743522992724 -0.03691503399035297 0.03691503399035297 0.06876785542865205 -0.005571975485721149 0.005571975485721149 0.13099236041367368 0.010176157486134926 -0.010176157486134926 -0.11628922155876545
