3.026374 0.000000 0.000000
0.000000 3.026374 0.000000
0.000000 0.000000 3.026374
0.000000 6.052748 6.052748
6.052748 0.000000 6.052748
6.052748 6.052748 0.000000
32 16
direct
0.000000 0.000000 0.000000 Al
0.500000 0.000000 0.000000 Al
0.000000 0.500000 0.000000 Al
0.000000 0.000000 0.500000 Al
0.250000 0.250000 0.250000 Al
0.500000 0.500000 0.000000 Al
0.500000 0.000000 0.500000 Al
0.750000 0.250000 0.250000 Al
0.000000 0.500000 0.500000 Al
0.250000 0.750000 0.250000 Al
0.250000 0.250000 0.750000 Al
0.500000 0.500000 0.500000 Al
0.750000 0.750000 0.250000 Al
0.750000 0.250000 0.750000 Al
0.250000 0.750000 0.750000 Al
0.750000 0.750000 0.750000 Al
0.125000 0.125000 0.125000 Ni
0.625000 0.125000 0.125000 Ni
0.125000 0.625000 0.125000 Ni
0.125000 0.125000 0.625000 Ni
0.375000 0.375000 0.375000 Ni
0.625000 0.625000 0.125000 Ni
0.625000 0.125000 0.625000 Ni
0.875000 0.375000 0.375000 Ni
0.125000 0.625000 0.625000 Ni
0.375000 0.875000 0.375000 Ni
0.375000 0.375000 0.875000 Ni
0.625000 0.625000 0.625000 Ni
0.875000 0.875000 0.375000 Ni
0.875000 0.375000 0.875000 Ni
0.375000 0.875000 0.875000 Ni
0.875000 0.875000 0.875000 Ni
-5.05799607312 0.0 0.0 -0.05338010952 0.0 0.0 0.10022760702 0.0 0.13415099634 0.10022760702 0.13415099634 0.0 0.22165497144000001 0.0 0.0 0.10022760702 -0.13415099634 0.0 0.10022760702 0.0 -0.13415099634 0.6990415614 -0.0 0.0 -0.05338010952 0.0 0.0 0.024114353039999998 0.0 -0.0 0.024114353039999998 -0.0 -0.0 0.01882588104 -0.0 0.0 0.024114353039999998 -0.0 -0.0 0.024114353039999998 0.0 -0.0 0.6990415614 -0.0 0.0 0.22165497144000001 0.0 0.0 0.3123668876835606 0.2772306517521402 0.2772306517521402 0.3123668876835606 -0.2772306517521402 -0.2772306517521402 0.3123668876835606 -0.2772306517521402 0.2772306517521402 0.3123668876835606 0.2772306517521402 -0.2772306517521402 0.020604211878601904 -0.008573249526094588 -0.008573249526094588 0.020604211878601904 -0.008573249526094588 0.008573249526094588 0.020604211878601904 0.008573249526094588 -0.008573249526094588 0.020604211878601904 0.008573249526094588 0.008573249526094588 0.020604211878601904 0.008573249526094588 0.008573249526094588 0.020604211878601904 0.008573249526094588 -0.008573249526094588 0.020604211878601904 -0.008573249526094588 0.008573249526094588 0.020604211878601904 -0.008573249526094588 -0.008573249526094588 0.3123668876835606 0.2772306517521402 -0.2772306517521402 0.3123668876835606 -0.2772306517521402 0.2772306517521402 0.3123668876835606 -0.2772306517521402 -0.2772306517521402 0.3123668876835606 0.2772306517521402 0.2772306517521402
0.0 -5.05799607312 0.0 0.0 0.10022760702 0.13415099634 0.0 -0.05338010952 0.0 0.13415099634 0.10022760702 0.0 0.0 0.22165497144000001 0.0 -0.13415099634 0.10022760702 0.0 0.0 -0.05338010952 0.0 -0.0 0.024114353039999998 -0.0 0.0 0.10022760702 -0.13415099634 0.0 0.6990415614 0.0 -0.0 0.024114353039999998 -0.0 -0.0 0.01882588104 -0.0 -0.0 0.024114353039999998 0.0 0.0 0.6990415614 -0.0 -0.0 0.024114353039999998 -0.0 0.0 0.22165497144000001 0.0 0.2772306517521402 0.3123668876835606 0.2772306517521402 -0.2772306517521402 0.3123668876835606 0.2772306517521402 -0.2772306517521402 0.3123668876835606 -0.2772306517521402 0.2772306517521402 0.3123668876835606 -0.2772306517521402 -0.008573249526094588 0.020604211878601904 -0.008573249526094588 -0.008573249526094588 0.020604211878601904 0.008573249526094588 0.008573249526094588 0.020604211878601904 0.008573249526094588 0.008573249526094588 0.020604211878601904 -0.008573249526094588 0.008573249526094588 0.020604211878601904 -0.008573249526094588 0.008573249526094588 0.020604211878601904 0.008573249526094588 -0.008573249526094588 0.020604211878601904 0.008573249526094588 -0.008573249526094588 0.020604211878601904 -0.008573249526094588 0.2772306517521402 0.3123668876835606 -0.2772306517521402 -0.2772306517521402 0.3123668876835606 -0.2772306517521402 -0.2772306517521402 0.3123668876835606 0.2772306517521402 0.2772306517521402 0.3123668876835606 0.2772306517521402
0.0 0.0 -5.05799607312 0.0 0.13415099634 0.10022760702 0.13415099634 0.0 0.10022760702 0.0 0.0 -0.05338010952 0.0 0.0 0.22165497144000001 0.0 0.0 -0.05338010952 -0.13415099634 0.0 0.10022760702 0.0 -0.0 0.024114353039999998 0.0 -0.13415099634 0.10022760702 -0.0 -0.0 0.024114353039999998 -0.0 0.0 0.6990415614 0.0 -0.0 0.01882588104 -0.0 -0.0 0.6990415614 -0.0 0.0 0.024114353039999998 0.0 -0.0 0.024114353039999998 0.0 0.0 0.22165497144000001 0.2772306517521402 0.2772306517521402 0.3123668876835606 -0.2772306517521402 0.2772306517521402 0.3123668876835606 0.2772306517521402 -0.2772306517521402 0.3123668876835606 -0.2772306517521402 -0.2772306517521402 0.3123668876835606 -0.008573249526094588 -0.008573249526094588 0.020604211878601904 0.008573249526094588 0.008573249526094588 0.020604211878601904 -0.008573249526094588 0.008573249526094588 0.020604211878601904 0.008573249526094588 -0.008573249526094588 0.020604211878601904 0.008573249526094588 -0.008573249526094588 0.020604211878601904 -0.008573249526094588 0.008573249526094588 0.020604211878601904 0.008573249526094588 0.008573249526094588 0.020604211878601904 -0.008573249526094588 -0.008573249526094588 0.020604211878601904 -0.2772306517521402 -0.2772306517521402 0.3123668876835606 0.2772306517521402 -0.2772306517521402 0.3123668876835606 -0.2772306517521402 0.2772306517521402 0.3123668876835606 0.2772306517521402 0.2772306517521402 0.3123668876835606
-0.05338010952 0.0 0.0 -5.05799607312 0.0 0.0 0.10022760702 -0.13415099634 0.0 0.10022760702 0.0 -0.13415099634 0.6990415614 -0.0 0.0 0.10022760702 0.0 0.13415099634 0.10022760702 0.13415099634 0.0 0.22165497144000001 0.0 0.0 0.01882588104 -0.0 0.0 0.024114353039999998 -0.0 -0.0 0.024114353039999998 0.0 -0.0 -0.05338010952 0.0 0.0 0.024114353039999998 0.0 -0.0 0.024114353039999998 -0.0 -0.0 0.22165497144000001 0.0 0.0 0.6990415614 -0.0 0.0 0.3123668876835606 -0.2772306517521402 -0.2772306517521402 0.3123668876835606 0.2772306517521402 0.2772306517521402 0.020604211878601904 -0.008573249526094588 0.008573249526094588 0.020604211878601904 0.008573249526094588 -0.008573249526094588 0.020604211878601904 0.008573249526094588 0.008573249526094588 0.3123668876835606 -0.2772306517521402 0.2772306517521402 0.3123668876835606 0.2772306517521402 -0.2772306517521402 0.020604211878601904 -0.008573249526094588 -0.008573249526094588 0.020604211878601904 -0.008573249526094588 -0.008573249526094588 0.3123668876835606 0.2772306517521402 -0.2772306517521402 0.3123668876835606 -0.2772306517521402 0.2772306517521402 0.020604211878601904 0.008573249526094588 0.008573249526094588 0.020604211878601904 0.008573249526094588 -0.008573249526094588 0.020604211878601904 -0.008573249526094588 0.008573249526094588 0.3123668876835606 0.2772306517521402 0.2772306517521402 0.3123668876835606 -0.2772306517521402 -0.2772306517521402
0.0 0.10022760702 0.13415099634 0.0 -5.05799607312 0.0 -0.13415099634 0.10022760702 0.0 0.0 -0.05338010952 0.0 -0.0 0.024114353039999998 -0.0 0.0 -0.05338010952 0.0 0.13415099634 0.10022760702 0.0 0.0 0.22165497144000001 0.0 -0.0 0.01882588104 -0.0 -0.0 0.024114353039999998 0.0 0.0 0.6990415614 -0.0 0.0 0.10022760702 -0.13415099634 0.0 0.6990415614 0.0 -0.0 0.024114353039999998 -0.0 0.0 0.22165497144000001 0.0 -0.0 0.024114353039999998 -0.0 -0.2772306517521402 0.3123668876835606 0.2772306517521402 0.2772306517521402 0.3123668876835606 0.2772306517521402 -0.008573249526094588 0.020604211878601904 0.008573249526094588 0.008573249526094588 0.020604211878601904 0.008573249526094588 0.008573249526094588 0.020604211878601904 -0.008573249526094588 -0.2772306517521402 0.3123668876835606 -0.2772306517521402 0.2772306517521402 0.3123668876835606 -0.2772306517521402 -0.008573249526094588 0.020604211878601904 -0.008573249526094588 -0.008573249526094588 0.020604211878601904 -0.008573249526094588 0.2772306517521402 0.3123668876835606 -0.2772306517521402 -0.2772306517521402 0.3123668876835606 -0.2772306517521402 0.008573249526094588 0.020604211878601904 -0.008573249526094588 0.008573249526094588 0.020604211878601904 0.008573249526094588 -0.008573249526094588 0.020604211878601904 0.008573249526094588 0.2772306517521402 0.3123668876835606 0.2772306517521402 -0.2772306517521402 0.3123668876835606 0.2772306517521402
0.0 0.13415099634 0.10022760702 0.0 0.0 -5.05799607312 0.0 0.0 -0.05338010952 -0.13415099634 0.0 0.10022760702 0.0 -0.0 0.024114353039999998 0.13415099634 0.0 0.10022760702 0.0 0.0 -0.05338010952 0.0 0.0 0.22165497144000001 0.0 -0.0 0.01882588104 -0.0 -0.0 0.6990415614 -0.0 0.0 0.024114353039999998 0.0 -0.13415099634 0.10022760702 -0.0 -0.0 0.024114353039999998 -0.0 0.0 0.6990415614 0.0 0.0 0.22165497144000001 0.0 -0.0 0.024114353039999998 -0.2772306517521402 0.2772306517521402 0.3123668876835606 0.2772306517521402 0.2772306517521402 0.3123668876835606 0.008573249526094588 0.008573249526094588 0.020604211878601904 -0.008573249526094588 0.008573249526094588 0.020604211878601904 0.008573249526094588 -0.008573249526094588 0.020604211878601904 0.2772306517521402 -0.2772306517521402 0.3123668876835606 -0.2772306517521402 -0.2772306517521402 0.3123668876835606 -0.008573249526094588 -0.008573249526094588 0.020604211878601904 -0.008573249526094588 -0.008573249526094588 0.020604211878601904 -0.2772306517521402 -0.2772306517521402 0.3123668876835606 0.2772306517521402 -0.2772306517521402 0.3123668876835606 0.008573249526094588 -0.008573249526094588 0.020604211878601904 -0.008573249526094588 0.008573249526094588 0.020604211878601904 0.008573249526094588 0.008573249526094588 0.020604211878601904 0.2772306517521402 0.2772306517521402 0.3123668876835606 -0.2772306517521402 0.2772306517521402 0.3123668876835606
0.10022760702 0.0 0.13415099634 0.10022760702 -0.13415099634 0.0 -5.05799607312 0.0 0.0 -0.05338010952 0.0 0.0 0.024114353039999998 0.0 -0.0 -0.05338010952 0.0 0.0 0.01882588104 -0.0 0.0 0.024114353039999998 -0.0 -0.0 0.10022760702 0.13415099634 0.0 0.22165497144000001 0.0 0.0 0.6990415614 -0.0 0.0 0.10022760702 0.0 -0.13415099634 0.6990415614 -0.0 0.0 0.22165497144000001 0.0 0.0 0.024114353039999998 -0.0 -0.0 0.024114353039999998 0.0 -0.0 0.3123668876835606 -0.2772306517521402 0.2772306517521402 0.020604211878601904 -0.008573249526094588 0.008573249526094588 0.3123668876835606 0.2772306517521402 0.2772306517521402 0.020604211878601904 0.008573249526094588 0.008573249526094588 0.020604211878601904 0.008573249526094588 -0.008573249526094588 0.3123668876835606 -0.2772306517521402 -0.2772306517521402 0.020604211878601904 -0.008573249526094588 -0.008573249526094588 0.3123668876835606 0.2772306517521402 -0.2772306517521402 0.3123668876835606 0.2772306517521402 -0.2772306517521402 0.020604211878601904 -0.008573249526094588 -0.008573249526094588 0.3123668876835606 -0.2772306517521402 -0.2772306517521402 0.020604211878601904 0.008573249526094588 -0.008573249526094588 0.020604211878601904 0.008573249526094588 0.008573249526094588 0.3123668876835606 0.2772306517521402 0.2772306517521402 0.020604211878601904 -0.008573249526094588 0.008573249526094588 0.3123668876835606 -0.2772306517521402 0.2772306517521402
0.0 -0.05338010952 0.0 -0.13415099634 0.10022760702 0.0 0.0 -5.05799607312 0.0 0.0 0.10022760702 -0.13415099634 0.0 0.6990415614 0.0 0.0 0.10022760702 0.13415099634 -0.0 0.01882588104 -0.0 -0.0 0.024114353039999998 0.0 0.13415099634 0.10022760702 0.0 0.0 0.22165497144000001 0.0 -0.0 0.024114353039999998 -0.0 0.0 -0.05338010952 0.0 -0.0 0.024114353039999998 -0.0 0.0 0.22165497144000001 0.0 -0.0 0.024114353039999998 -0.0 0.0 0.6990415614 -0.0 -0.2772306517521402 0.3123668876835606 -0.2772306517521402 -0.008573249526094588 0.020604211878601904 0.008573249526094588 0.2772306517521402 0.3123668876835606 0.2772306517521402 0.008573249526094588 0.020604211878601904 -0.008573249526094588 0.008573249526094588 0.020604211878601904 0.008573249526094588 -0.2772306517521402 0.3123668876835606 0.2772306517521402 -0.008573249526094588 0.020604211878601904 -0.008573249526094588 0.2772306517521402 0.3123668876835606 -0.2772306517521402 0.2772306517521402 0.3123668876835606 -0.2772306517521402 -0.008573249526094588 0.020604211878601904 -0.008573249526094588 -0.2772306517521402 0.3123668876835606 0.2772306517521402 0.008573249526094588 0.020604211878601904 0.008573249526094588 0.008573249526094588 0.020604211878601904 -0.008573249526094588 0.2772306517521402 0.3123668876835606 0.2772306517521402 -0.008573249526094588 0.020604211878601904 0.008573249526094588 -0.2772306517521402 0.3123668876835606 -0.2772306517521402
0.13415099634 0.0 0.10022760702 0.0 0.0 -0.05338010952 0.0 0.0 -5.05799607312 0.0 -0.13415099634 0.10022760702 -0.0 -0.0 0.024114353039999998 0.0 0.13415099634 0.10022760702 0.0 -0.0 0.01882588104 -0.0 -0.0 0.6990415614 0.0 0.0 -0.05338010952 0.0 0.0 0.22165497144000001 0.0 -0.0 0.024114353039999998 -0.13415099634 0.0 0.10022760702 0.0 -0.0 0.024114353039999998 0.0 0.0 0.22165497144000001 -0.0 0.0 0.6990415614 -0.0 0.0 0.024114353039999998 0.2772306517521402 -0.2772306517521402 0.3123668876835606 0.008573249526094588 0.008573249526094588 0.020604211878601904 0.2772306517521402 0.2772306517521402 0.3123668876835606 0.008573249526094588 -0.008573249526094588 0.020604211878601904 -0.008573249526094588 0.008573249526094588 0.020604211878601904 -0.2772306517521402 0.2772306517521402 0.3123668876835606 -0.008573249526094588 -0.008573249526094588 0.020604211878601904 -0.2772306517521402 -0.2772306517521402 0.3123668876835606 -0.2772306517521402 -0.2772306517521402 0.3123668876835606 -0.008573249526094588 -0.008573249526094588 0.020604211878601904 -0.2772306517521402 0.2772306517521402 0.3123668876835606 -0.008573249526094588 0.008573249526094588 0.020604211878601904 0.008573249526094588 -0.008573249526094588 0.020604211878601904 0.2772306517521402 0.2772306517521402 0.3123668876835606 0.008573249526094588 0.008573249526094588 0.020604211878601904 0.2772306517521402 -0.2772306517521402 0.3123668876835606
0.10022760702 0.13415099634 0.0 0.10022760702 0.0 -0.13415099634 -0.05338010952 0.0 0.0 -5.05799607312 0.0 0.0 0.024114353039999998 -0.0 -0.0 0.01882588104 -0.0 0.0 -0.05338010952 0.0 0.0 0.024114353039999998 0.0 -0.0 0.10022760702 0.0 0.13415099634 0.6990415614 -0.0 0.0 0.22165497144000001 0.0 0.0 0.10022760702 -0.13415099634 0.0 0.22165497144000001 0.0 0.0 0.6990415614 -0.0 0.0 0.024114353039999998 0.0 -0.0 0.024114353039999998 -0.0 -0.0 0.3123668876835606 0.2772306517521402 -0.2772306517521402 0.020604211878601904 0.008573249526094588 -0.008573249526094588 0.020604211878601904 0.008573249526094588 0.008573249526094588 0.3123668876835606 0.2772306517521402 0.2772306517521402 0.020604211878601904 -0.008573249526094588 0.008573249526094588 0.020604211878601904 -0.008573249526094588 -0.008573249526094588 0.3123668876835606 -0.2772306517521402 -0.2772306517521402 0.3123668876835606 -0.2772306517521402 0.2772306517521402 0.3123668876835606 -0.2772306517521402 0.2772306517521402 0.3123668876835606 -0.2772306517521402 -0.2772306517521402 0.020604211878601904 -0.008573249526094588 -0.008573249526094588 0.020604211878601904 -0.008573249526094588 0.008573249526094588 0.3123668876835606 0.2772306517521402 0.2772306517521402 0.020604211878601904 0.008573249526094588 0.008573249526094588 0.020604211878601904 0.008573249526094588 -0.008573249526094588 0.3123668876835606 0.2772306517521402 -0.2772306517521402
0.13415099634 0.10022760702 0.0 0.0 -0.05338010952 0.0 0.0 0.10022760702 -0.13415099634 0.0 -5.05799607312 0.0 -0.0 0.024114353039999998 -0.0 -0.0 0.01882588104 -0.0 0.0 0.10022760702 0.13415099634 0.0 0.6990415614 -0.0 0.0 -0.05338010952 0.0 -0.0 0.024114353039999998 -0.0 0.0 0.22165497144000001 0.0 -0.13415099634 0.10022760702 0.0 0.0 0.22165497144000001 0.0 -0.0 0.024114353039999998 -0.0 0.0 0.6990415614 0.0 -0.0 0.024114353039999998 0.0 0.2772306517521402 0.3123668876835606 -0.2772306517521402 0.008573249526094588 0.020604211878601904 0.008573249526094588 0.008573249526094588 0.020604211878601904 -0.008573249526094588 0.2772306517521402 0.3123668876835606 0.2772306517521402 -0.008573249526094588 0.020604211878601904 0.008573249526094588 -0.008573249526094588 0.020604211878601904 -0.008573249526094588 -0.2772306517521402 0.3123668876835606 0.2772306517521402 -0.2772306517521402 0.3123668876835606 -0.2772306517521402 -0.2772306517521402 0.3123668876835606 -0.2772306517521402 -0.2772306517521402 0.3123668876835606 0.2772306517521402 -0.008573249526094588 0.020604211878601904 -0.008573249526094588 -0.008573249526094588 0.020604211878601904 0.008573249526094588 0.2772306517521402 0.3123668876835606 0.2772306517521402 0.008573249526094588 0.020604211878601904 -0.008573249526094588 0.008573249526094588 0.020604211878601904 0.008573249526094588 0.2772306517521402 0.3123668876835606 -0.2772306517521402
0.0 0.0 -0.05338010952 -0.13415099634 0.0 0.10022760702 0.0 -0.13415099634 0.10022760702 0.0 0.0 -5.05799607312 -0.0 0.0 0.6990415614 0.0 -0.0 0.01882588104 0.0 0.13415099634 0.10022760702 -0.0 0.0 0.024114353039999998 0.13415099634 0.0 0.10022760702 0.0 -0.0 0.024114353039999998 0.0 0.0 0.22165497144000001 0.0 0.0 -0.05338010952 0.0 0.0 0.22165497144000001 0.0 -0.0 0.024114353039999998 -0.0 -0.0 0.024114353039999998 -0.0 -0.0 0.6990415614 -0.2772306517521402 -0.2772306517521402 0.3123668876835606 -0.008573249526094588 0.008573249526094588 0.020604211878601904 0.008573249526094588 -0.008573249526094588 0.020604211878601904 0.2772306517521402 0.2772306517521402 0.3123668876835606 0.008573249526094588 0.008573249526094588 0.020604211878601904 -0.008573249526094588 -0.008573249526094588 0.020604211878601904 -0.2772306517521402 0.2772306517521402 0.3123668876835606 0.2772306517521402 -0.2772306517521402 0.3123668876835606 0.2772306517521402 -0.2772306517521402 0.3123668876835606 -0.2772306517521402 0.2772306517521402 0.3123668876835606 -0.008573249526094588 -0.008573249526094588 0.020604211878601904 0.008573249526094588 0.008573249526094588 0.020604211878601904 0.2772306517521402 0.2772306517521402 0.3123668876835606 0.008573249526094588 -0.008573249526094588 0.020604211878601904 -0.008573249526094588 0.008573249526094588 0.020604211878601904 -0.2772306517521402 -0.2772306517521402 0.3123668876835606
0.22165497144000001 0.0 0.0 0.6990415614 -0.0 0.0 0.024114353039999998 0.0 -0.0 0.024114353039999998 -0.0 -0.0 -5.05799607312 0.0 0.0 0.024114353039999998 -0.0 -0.0 0.024114353039999998 0.0 -0.0 -0.05338010952 0.0 0.0 0.6990415614 -0.0 0.0 0.10022760702 0.0 0.13415099634 0.10022760702 0.13415099634 0.0 0.22165497144000001 0.0 0.0 0.10022760702 -0.13415099634 0.0 0.10022760702 0.0 -0.13415099634 -0.05338010952 0.0 0.0 0.01882588104 -0.0 0.0 0.3123668876835606 0.2772306517521402 0.2772306517521402 0.3123668876835606 -0.2772306517521402 -0.2772306517521402 0.3123668876835606 -0.2772306517521402 0.2772306517521402 0.3123668876835606 0.2772306517521402 -0.2772306517521402 0.3123668876835606 0.2772306517521402 0.2772306517521402 0.020604211878601904 -0.008573249526094588 0.008573249526094588 0.020604211878601904 0.008573249526094588 -0.008573249526094588 0.3123668876835606 -0.2772306517521402 -0.2772306517521402 0.020604211878601904 0.008573249526094588 0.008573249526094588 0.3123668876835606 -0.2772306517521402 0.2772306517521402 0.3123668876835606 0.2772306517521402 -0.2772306517521402 0.020604211878601904 -0.008573249526094588 -0.008573249526094588 0.020604211878601904 -0.008573249526094588 0.008573249526094588 0.020604211878601904 0.008573249526094588 -0.008573249526094588 0.020604211878601904 0.008573249526094588 0.008573249526094588 0.020604211878601904 -0.008573249526094588 -0.008573249526094588
0.0 0.22165497144000001 0.0 -0.0 0.024114353039999998 -0.0 0.0 0.6990415614 -0.0 -0.0 0.024114353039999998 0.0 0.0 -5.05799607312 0.0 -0.0 0.024114353039999998 -0.0 0.0 0.6990415614 0.0 0.0 0.10022760702 0.13415099634 -0.0 0.024114353039999998 -0.0 0.0 -0.05338010952 0.0 0.13415099634 0.10022760702 0.0 0.0 0.22165497144000001 0.0 -0.13415099634 0.10022760702 0.0 0.0 -0.05338010952 0.0 0.0 0.10022760702 -0.13415099634 -0.0 0.01882588104 -0.0 0.2772306517521402 0.3123668876835606 0.2772306517521402 -0.2772306517521402 0.3123668876835606 0.2772306517521402 -0.2772306517521402 0.3123668876835606 -0.2772306517521402 0.2772306517521402 0.3123668876835606 -0.2772306517521402 0.2772306517521402 0.3123668876835606 0.2772306517521402 -0.008573249526094588 0.020604211878601904 0.008573249526094588 0.008573249526094588 0.020604211878601904 0.008573249526094588 -0.2772306517521402 0.3123668876835606 0.2772306517521402 0.008573249526094588 0.020604211878601904 -0.008573249526094588 -0.2772306517521402 0.3123668876835606 -0.2772306517521402 0.2772306517521402 0.3123668876835606 -0.2772306517521402 -0.008573249526094588 0.020604211878601904 -0.008573249526094588 -0.008573249526094588 0.020604211878601904 0.008573249526094588 0.008573249526094588 0.020604211878601904 0.008573249526094588 0.008573249526094588 0.020604211878601904 -0.008573249526094588 -0.008573249526094588 0.020604211878601904 -0.008573249526094588
0.0 0.0 0.22165497144000001 0.0 -0.0 0.024114353039999998 -0.0 0.0 0.024114353039999998 -0.0 -0.0 0.6990415614 0.0 0.0 -5.05799607312 -0.0 0.0 0.6990415614 -0.0 -0.0 0.024114353039999998 0.0 0.13415099634 0.10022760702 0.0 -0.0 0.024114353039999998 0.13415099634 0.0 0.10022760702 0.0 0.0 -0.05338010952 0.0 0.0 0.22165497144000001 0.0 0.0 -0.05338010952 -0.13415099634 0.0 0.10022760702 0.0 -0.13415099634 0.10022760702 0.0 -0.0 0.01882588104 0.2772306517521402 0.2772306517521402 0.3123668876835606 -0.2772306517521402 0.2772306517521402 0.3123668876835606 0.2772306517521402 -0.2772306517521402 0.3123668876835606 -0.2772306517521402 -0.2772306517521402 0.3123668876835606 0.2772306517521402 0.2772306517521402 0.3123668876835606 0.008573249526094588 0.008573249526094588 0.020604211878601904 -0.008573249526094588 0.008573249526094588 0.020604211878601904 -0.2772306517521402 0.2772306517521402 0.3123668876835606 0.008573249526094588 -0.008573249526094588 0.020604211878601904 0.2772306517521402 -0.2772306517521402 0.3123668876835606 -0.2772306517521402 -0.2772306517521402 0.3123668876835606 -0.008573249526094588 -0.008573249526094588 0.020604211878601904 0.008573249526094588 0.008573249526094588 0.020604211878601904 -0.008573249526094588 0.008573249526094588 0.020604211878601904 0.008573249526094588 -0.008573249526094588 0.020604211878601904 -0.008573249526094588 -0.008573249526094588 0.020604211878601904
0.10022760702 -0.13415099634 0.0 0.10022760702 0.0 0.13415099634 -0.05338010952 0.0 0.0 0.01882588104 -0.0 0.0 0.024114353039999998 -0.0 -0.0 -5.05799607312 0.0 0.0 -0.05338010952 0.0 0.0 0.024114353039999998 0.0 -0.0 0.10022760702 0.0 -0.13415099634 0.6990415614 -0.0 0.0 0.22165497144000001 0.0 0.0 0.10022760702 0.13415099634 0.0 0.22165497144000001 0.0 0.0 0.6990415614 -0.0 0.0 0.024114353039999998 0.0 -0.0 0.024114353039999998 -0.0 -0.0 0.020604211878601904 -0.008573249526094588 0.008573249526094588 0.3123668876835606 -0.2772306517521402 0.2772306517521402 0.3123668876835606 -0.2772306517521402 -0.2772306517521402 0.020604211878601904 -0.008573249526094588 -0.008573249526094588 0.3123668876835606 0.2772306517521402 -0.2772306517521402 0.3123668876835606 0.2772306517521402 0.2772306517521402 0.020604211878601904 0.008573249526094588 0.008573249526094588 0.020604211878601904 0.008573249526094588 -0.008573249526094588 0.020604211878601904 0.008573249526094588 -0.008573249526094588 0.020604211878601904 0.008573249526094588 0.008573249526094588 0.3123668876835606 0.2772306517521402 0.2772306517521402 0.3123668876835606 0.2772306517521402 -0.2772306517521402 0.020604211878601904 -0.008573249526094588 -0.008573249526094588 0.3123668876835606 -0.2772306517521402 -0.2772306517521402 0.3123668876835606 -0.2772306517521402 0.2772306517521402 0.020604211878601904 -0.008573249526094588 0.008573249526094588
-0.13415099634 0.10022760702 0.0 0.0 -0.05338010952 0.0 0.0 0.10022760702 0.13415099634 -0.0 0.01882588104 -0.0 -0.0 0.024114353039999998 0.0 0.0 -5.05799607312 0.0 0.0 0.10022760702 -0.13415099634 0.0 0.6990415614 0.0 0.0 -0.05338010952 0.0 -0.0 0.024114353039999998 -0.0 0.0 0.22165497144000001 0.0 0.13415099634 0.10022760702 0.0 0.0 0.22165497144000001 0.0 -0.0 0.024114353039999998 -0.0 0.0 0.6990415614 -0.0 -0.0 0.024114353039999998 -0.0 -0.008573249526094588 0.020604211878601904 0.008573249526094588 -0.2772306517521402 0.3123668876835606 -0.2772306517521402 -0.2772306517521402 0.3123668876835606 0.2772306517521402 -0.008573249526094588 0.020604211878601904 -0.008573249526094588 0.2772306517521402 0.3123668876835606 -0.2772306517521402 0.2772306517521402 0.3123668876835606 0.2772306517521402 0.008573249526094588 0.020604211878601904 -0.008573249526094588 0.008573249526094588 0.020604211878601904 0.008573249526094588 0.008573249526094588 0.020604211878601904 0.008573249526094588 0.008573249526094588 0.020604211878601904 -0.008573249526094588 0.2772306517521402 0.3123668876835606 0.2772306517521402 0.2772306517521402 0.3123668876835606 -0.2772306517521402 -0.008573249526094588 0.020604211878601904 -0.008573249526094588 -0.2772306517521402 0.3123668876835606 0.2772306517521402 -0.2772306517521402 0.3123668876835606 -0.2772306517521402 -0.008573249526094588 0.020604211878601904 0.008573249526094588
0.0 0.0 -0.05338010952 0.13415099634 0.0 0.10022760702 0.0 0.13415099634 0.10022760702 0.0 -0.0 0.01882588104 -0.0 -0.0 0.6990415614 0.0 0.0 -5.05799607312 0.0 -0.13415099634 0.10022760702 -0.0 -0.0 0.024114353039999998 -0.13415099634 0.0 0.10022760702 0.0 -0.0 0.024114353039999998 0.0 0.0 0.22165497144000001 0.0 0.0 -0.05338010952 0.0 0.0 0.22165497144000001 0.0 -0.0 0.024114353039999998 -0.0 0.0 0.024114353039999998 -0.0 0.0 0.6990415614 0.008573249526094588 0.008573249526094588 0.020604211878601904 0.2772306517521402 -0.2772306517521402 0.3123668876835606 -0.2772306517521402 0.2772306517521402 0.3123668876835606 -0.008573249526094588 -0.008573249526094588 0.020604211878601904 -0.2772306517521402 -0.2772306517521402 0.3123668876835606 0.2772306517521402 0.2772306517521402 0.3123668876835606 0.008573249526094588 -0.008573249526094588 0.020604211878601904 -0.008573249526094588 0.008573249526094588 0.020604211878601904 -0.008573249526094588 0.008573249526094588 0.020604211878601904 0.008573249526094588 -0.008573249526094588 0.020604211878601904 0.2772306517521402 0.2772306517521402 0.3123668876835606 -0.2772306517521402 -0.2772306517521402 0.3123668876835606 -0.008573249526094588 -0.008573249526094588 0.020604211878601904 -0.2772306517521402 0.2772306517521402 0.3123668876835606 0.2772306517521402 -0.2772306517521402 0.3123668876835606 0.008573249526094588 0.008573249526094588 0.020604211878601904
0.10022760702 0.0 -0.13415099634 0.10022760702 0.13415099634 0.0 0.01882588104 -0.0 0.0 -0.05338010952 0.0 0.0 0.024114353039999998 0.0 -0.0 -0.05338010952 0.0 0.0 -5.05799607312 0.0 0.0 0.024114353039999998 -0.0 -0.0 0.10022760702 -0.13415099634 0.0 0.22165497144000001 0.0 0.0 0.6990415614 -0.0 0.0 0.10022760702 0.0 0.13415099634 0.6990415614 -0.0 0.0 0.22165497144000001 0.0 0.0 0.024114353039999998 -0.0 -0.0 0.024114353039999998 0.0 -0.0 0.020604211878601904 0.008573249526094588 -0.008573249526094588 0.3123668876835606 0.2772306517521402 -0.2772306517521402 0.020604211878601904 -0.008573249526094588 -0.008573249526094588 0.3123668876835606 -0.2772306517521402 -0.2772306517521402 0.3123668876835606 -0.2772306517521402 0.2772306517521402 0.020604211878601904 0.008573249526094588 0.008573249526094588 0.3123668876835606 0.2772306517521402 0.2772306517521402 0.020604211878601904 -0.008573249526094588 0.008573249526094588 0.020604211878601904 -0.008573249526094588 0.008573249526094588 0.3123668876835606 0.2772306517521402 0.2772306517521402 0.020604211878601904 0.008573249526094588 0.008573249526094588 0.3123668876835606 -0.2772306517521402 0.2772306517521402 0.3123668876835606 -0.2772306517521402 -0.2772306517521402 0.020604211878601904 -0.008573249526094588 -0.008573249526094588 0.3123668876835606 0.2772306517521402 -0.2772306517521402 0.020604211878601904 0.008573249526094588 -0.008573249526094588
0.0 -0.05338010952 0.0 0.13415099634 0.10022760702 0.0 -0.0 0.01882588104 -0.0 0.0 0.10022760702 0.13415099634 0.0 0.6990415614 -0.0 0.0 0.10022760702 -0.13415099634 0.0 -5.05799607312 0.0 -0.0 0.024114353039999998 -0.0 -0.13415099634 0.10022760702 0.0 0.0 0.22165497144000001 0.0 -0.0 0.024114353039999998 -0.0 0.0 -0.05338010952 0.0 -0.0 0.024114353039999998 -0.0 0.0 0.22165497144000001 0.0 -0.0 0.024114353039999998 0.0 0.0 0.6990415614 0.0 0.008573249526094588 0.020604211878601904 0.008573249526094588 0.2772306517521402 0.3123668876835606 -0.2772306517521402 -0.008573249526094588 0.020604211878601904 -0.008573249526094588 -0.2772306517521402 0.3123668876835606 0.2772306517521402 -0.2772306517521402 0.3123668876835606 -0.2772306517521402 0.008573249526094588 0.020604211878601904 -0.008573249526094588 0.2772306517521402 0.3123668876835606 0.2772306517521402 -0.008573249526094588 0.020604211878601904 0.008573249526094588 -0.008573249526094588 0.020604211878601904 0.008573249526094588 0.2772306517521402 0.3123668876835606 0.2772306517521402 0.008573249526094588 0.020604211878601904 -0.008573249526094588 -0.2772306517521402 0.3123668876835606 -0.2772306517521402 -0.2772306517521402 0.3123668876835606 0.2772306517521402 -0.008573249526094588 0.020604211878601904 -0.008573249526094588 0.2772306517521402 0.3123668876835606 -0.2772306517521402 0.008573249526094588 0.020604211878601904 0.008573249526094588
-0.13415099634 0.0 0.10022760702 0.0 0.0 -0.05338010952 0.0 -0.0 0.01882588104 0.0 0.13415099634 0.10022760702 -0.0 0.0 0.024114353039999998 0.0 -0.13415099634 0.10022760702 0.0 0.0 -5.05799607312 -0.0 0.0 0.6990415614 0.0 0.0 -0.05338010952 0.0 0.0 0.22165497144000001 0.0 -0.0 0.024114353039999998 0.13415099634 0.0 0.10022760702 0.0 -0.0 0.024114353039999998 0.0 0.0 0.22165497144000001 -0.0 -0.0 0.6990415614 -0.0 -0.0 0.024114353039999998 -0.008573249526094588 0.008573249526094588 0.020604211878601904 -0.2772306517521402 -0.2772306517521402 0.3123668876835606 -0.008573249526094588 -0.008573249526094588 0.020604211878601904 -0.2772306517521402 0.2772306517521402 0.3123668876835606 0.2772306517521402 -0.2772306517521402 0.3123668876835606 0.008573249526094588 -0.008573249526094588 0.020604211878601904 0.2772306517521402 0.2772306517521402 0.3123668876835606 0.008573249526094588 0.008573249526094588 0.020604211878601904 0.008573249526094588 0.008573249526094588 0.020604211878601904 0.2772306517521402 0.2772306517521402 0.3123668876835606 0.008573249526094588 -0.008573249526094588 0.020604211878601904 0.2772306517521402 -0.2772306517521402 0.3123668876835606 -0.2772306517521402 0.2772306517521402 0.3123668876835606 -0.008573249526094588 -0.008573249526094588 0.020604211878601904 -0.2772306517521402 -0.2772306517521402 0.3123668876835606 -0.008573249526094588 0.008573249526094588 0.020604211878601904
0.6990415614 -0.0 0.0 0.22165497144000001 0.0 0.0 0.024114353039999998 -0.0 -0.0 0.024114353039999998 0.0 -0.0 -0.05338010952 0.0 0.0 0.024114353039999998 0.0 -0.0 0.024114353039999998 -0.0 -0.0 -5.05799607312 0.0 0.0 0.22165497144000001 0.0 0.0 0.10022760702 -0.13415099634 0.0 0.10022760702 0.0 -0.13415099634 0.6990415614 -0.0 0.0 0.10022760702 0.0 0.13415099634 0.10022760702 0.13415099634 0.0 0.01882588104 -0.0 0.0 -0.05338010952 0.0 0.0 0.3123668876835606 -0.2772306517521402 -0.2772306517521402 0.3123668876835606 0.2772306517521402 0.2772306517521402 0.020604211878601904 -0.008573249526094588 0.008573249526094588 0.020604211878601904 0.008573249526094588 -0.008573249526094588 0.3123668876835606 -0.2772306517521402 -0.2772306517521402 0.3123668876835606 -0.2772306517521402 0.2772306517521402 0.3123668876835606 0.2772306517521402 -0.2772306517521402 0.3123668876835606 0.2772306517521402 0.2772306517521402 0.020604211878601904 -0.008573249526094588 -0.008573249526094588 0.020604211878601904 -0.008573249526094588 0.008573249526094588 0.020604211878601904 0.008573249526094588 -0.008573249526094588 0.020604211878601904 0.008573249526094588 0.008573249526094588 0.3123668876835606 -0.2772306517521402 0.2772306517521402 0.3123668876835606 0.2772306517521402 -0.2772306517521402 0.020604211878601904 -0.008573249526094588 -0.008573249526094588 0.020604211878601904 0.008573249526094588 0.008573249526094588
-0.0 0.024114353039999998 -0.0 0.0 0.22165497144000001 0.0 -0.0 0.024114353039999998 -0.0 0.0 0.6990415614 0.0 0.0 0.10022760702 0.13415099634 0.0 0.6990415614 -0.0 -0.0 0.024114353039999998 0.0 0.0 -5.05799607312 0.0 0.0 0.22165497144000001 0.0 -0.13415099634 0.10022760702 0.0 0.0 -0.05338010952 0.0 -0.0 0.024114353039999998 -0.0 0.0 -0.05338010952 0.0 0.13415099634 0.10022760702 0.0 -0.0 0.01882588104 -0.0 0.0 0.10022760702 -0.13415099634 -0.2772306517521402 0.3123668876835606 0.2772306517521402 0.2772306517521402 0.3123668876835606 0.2772306517521402 -0.008573249526094588 0.020604211878601904 0.008573249526094588 0.008573249526094588 0.020604211878601904 0.008573249526094588 -0.2772306517521402 0.3123668876835606 0.2772306517521402 -0.2772306517521402 0.3123668876835606 -0.2772306517521402 0.2772306517521402 0.3123668876835606 -0.2772306517521402 0.2772306517521402 0.3123668876835606 0.2772306517521402 -0.008573249526094588 0.020604211878601904 -0.008573249526094588 -0.008573249526094588 0.020604211878601904 0.008573249526094588 0.008573249526094588 0.020604211878601904 0.008573249526094588 0.008573249526094588 0.020604211878601904 -0.008573249526094588 -0.2772306517521402 0.3123668876835606 -0.2772306517521402 0.2772306517521402 0.3123668876835606 -0.2772306517521402 -0.008573249526094588 0.020604211878601904 -0.008573249526094588 0.008573249526094588 0.020604211878601904 -0.008573249526094588
0.0 -0.0 0.024114353039999998 0.0 0.0 0.22165497144000001 -0.0 0.0 0.6990415614 -0.0 -0.0 0.024114353039999998 0.0 0.13415099634 0.10022760702 -0.0 0.0 0.024114353039999998 -0.0 -0.0 0.6990415614 0.0 0.0 -5.05799607312 0.0 0.0 0.22165497144000001 0.0 0.0 -0.05338010952 -0.13415099634 0.0 0.10022760702 0.0 -0.0 0.024114353039999998 0.13415099634 0.0 0.10022760702 0.0 0.0 -0.05338010952 0.0 -0.0 0.01882588104 0.0 -0.13415099634 0.10022760702 -0.2772306517521402 0.2772306517521402 0.3123668876835606 0.2772306517521402 0.2772306517521402 0.3123668876835606 0.008573249526094588 0.008573249526094588 0.020604211878601904 -0.008573249526094588 0.008573249526094588 0.020604211878601904 -0.2772306517521402 0.2772306517521402 0.3123668876835606 0.2772306517521402 -0.2772306517521402 0.3123668876835606 -0.2772306517521402 -0.2772306517521402 0.3123668876835606 0.2772306517521402 0.2772306517521402 0.3123668876835606 -0.008573249526094588 -0.008573249526094588 0.020604211878601904 0.008573249526094588 0.008573249526094588 0.020604211878601904 -0.008573249526094588 0.008573249526094588 0.020604211878601904 0.008573249526094588 -0.008573249526094588 0.020604211878601904 0.2772306517521402 -0.2772306517521402 0.3123668876835606 -0.2772306517521402 -0.2772306517521402 0.3123668876835606 -0.008573249526094588 -0.008573249526094588 0.020604211878601904 0.008573249526094588 -0.008573249526094588 0.020604211878601904
-0.05338010952 0.0 0.0 0.01882588104 -0.0 0.0 0.10022760702 0.13415099634 0.0 0.10022760702 0.0 0.13415099634 0.6990415614 -0.0 0.0 0.10022760702 0.0 -0.13415099634 0.10022760702 -0.13415099634 0.0 0.22165497144000001 0.0 0.0 -5.05799607312 0.0 0.0 0.024114353039999998 -0.0 -0.0 0.024114353039999998 0.0 -0.0 -0.05338010952 0.0 0.0 0.024114353039999998 0.0 -0.0 0.024114353039999998 -0.0 -0.0 0.22165497144000001 0.0 0.0 0.6990415614 -0.0 0.0 0.020604211878601904 0.008573249526094588 0.008573249526094588 0.020604211878601904 -0.008573249526094588 -0.008573249526094588 0.3123668876835606 0.2772306517521402 -0.2772306517521402 0.3123668876835606 -0.2772306517521402 0.2772306517521402 0.3123668876835606 -0.2772306517521402 -0.2772306517521402 0.020604211878601904 0.008573249526094588 -0.008573249526094588 0.020604211878601904 -0.008573249526094588 0.008573249526094588 0.3123668876835606 0.2772306517521402 0.2772306517521402 0.3123668876835606 0.2772306517521402 0.2772306517521402 0.020604211878601904 -0.008573249526094588 0.008573249526094588 0.020604211878601904 0.008573249526094588 -0.008573249526094588 0.3123668876835606 -0.2772306517521402 -0.2772306517521402 0.3123668876835606 -0.2772306517521402 0.2772306517521402 0.3123668876835606 0.2772306517521402 -0.2772306517521402 0.020604211878601904 -0.008573249526094588 -0.008573249526094588 0.020604211878601904 0.008573249526094588 0.008573249526094588
0.0 0.10022760702 -0.13415099634 -0.0 0.01882588104 -0.0 0.13415099634 0.10022760702 0.0 0.0 -0.05338010952 0.0 -0.0 0.024114353039999998 -0.0 0.0 -0.05338010952 0.0 -0.13415099634 0.10022760702 0.0 0.0 0.22165497144000001 0.0 0.0 -5.05799607312 0.0 -0.0 0.024114353039999998 -0.0 0.0 0.6990415614 0.0 0.0 0.10022760702 0.13415099634 0.0 0.6990415614 -0.0 -0.0 0.024114353039999998 0.0 0.0 0.22165497144000001 0.0 -0.0 0.024114353039999998 -0.0 0.008573249526094588 0.020604211878601904 -0.008573249526094588 -0.008573249526094588 0.020604211878601904 -0.008573249526094588 0.2772306517521402 0.3123668876835606 -0.2772306517521402 -0.2772306517521402 0.3123668876835606 -0.2772306517521402 -0.2772306517521402 0.3123668876835606 0.2772306517521402 0.008573249526094588 0.020604211878601904 0.008573249526094588 -0.008573249526094588 0.020604211878601904 0.008573249526094588 0.2772306517521402 0.3123668876835606 0.2772306517521402 0.2772306517521402 0.3123668876835606 0.2772306517521402 -0.008573249526094588 0.020604211878601904 0.008573249526094588 0.008573249526094588 0.020604211878601904 0.008573249526094588 -0.2772306517521402 0.3123668876835606 0.2772306517521402 -0.2772306517521402 0.3123668876835606 -0.2772306517521402 0.2772306517521402 0.3123668876835606 -0.2772306517521402 -0.008573249526094588 0.020604211878601904 -0.008573249526094588 0.008573249526094588 0.020604211878601904 -0.008573249526094588
0.0 -0.13415099634 0.10022760702 0.0 -0.0 0.01882588104 0.0 0.0 -0.05338010952 0.13415099634 0.0 0.10022760702 0.0 -0.0 0.024114353039999998 -0.13415099634 0.0 0.10022760702 0.0 0.0 -0.05338010952 0.0 0.0 0.22165497144000001 0.0 0.0 -5.05799607312 -0.0 0.0 0.6990415614 -0.0 -0.0 0.024114353039999998 0.0 0.13415099634 0.10022760702 -0.0 0.0 0.024114353039999998 -0.0 -0.0 0.6990415614 0.0 0.0 0.22165497144000001 0.0 -0.0 0.024114353039999998 0.008573249526094588 -0.008573249526094588 0.020604211878601904 -0.008573249526094588 -0.008573249526094588 0.020604211878601904 -0.2772306517521402 -0.2772306517521402 0.3123668876835606 0.2772306517521402 -0.2772306517521402 0.3123668876835606 -0.2772306517521402 0.2772306517521402 0.3123668876835606 -0.008573249526094588 0.008573249526094588 0.020604211878601904 0.008573249526094588 0.008573249526094588 0.020604211878601904 0.2772306517521402 0.2772306517521402 0.3123668876835606 0.2772306517521402 0.2772306517521402 0.3123668876835606 0.008573249526094588 0.008573249526094588 0.020604211878601904 -0.008573249526094588 0.008573249526094588 0.020604211878601904 -0.2772306517521402 0.2772306517521402 0.3123668876835606 0.2772306517521402 -0.2772306517521402 0.3123668876835606 -0.2772306517521402 -0.2772306517521402 0.3123668876835606 -0.008573249526094588 -0.008573249526094588 0.020604211878601904 0.008573249526094588 -0.008573249526094588 0.020604211878601904
