1.676029 1.695170 -3.280005
0.014973 -5.214616 -1.693252
-6.828166 1.751616 -1.673352
-6.813193 -3.463000 -3.366604
-5.152137 3.446786 -4.953357
1.691002 -3.519446 -4.973257
32 2
direct
0.125000 0.187500 0.062500 Ni
0.625000 0.687500 0.562500 Ni
0.125000 0.937500 0.312500 Ni
0.625000 0.437500 0.812500 Ni
0.250000 0.625000 0.875000 Ni
0.750000 0.125000 0.375000 Ni
0.250000 0.375000 0.125000 Ni
0.750000 0.875000 0.625000 Ni
0.250000 0.125000 0.375000 Ni
0.750000 0.625000 0.875000 Ni
0.250000 0.875000 0.625000 Ni
0.750000 0.375000 0.125000 Ni
0.875000 0.562500 0.187500 Ni
0.375000 0.062500 0.687500 Ni
0.875000 0.312500 0.437500 Ni
0.375000 0.812500 0.937500 Ni
0.375000 0.562500 0.187500 Ni
0.875000 0.062500 0.687500 Ni
0.375000 0.312500 0.437500 Ni
0.875000 0.812500 0.937500 Ni
0.500000 0.750000 0.250000 Ni
0.000000 0.250000 0.750000 Ni
0.000000 0.000000 0.000000 Ni
0.500000 0.500000 0.500000 Ni
0.625000 0.187500 0.062500 Al
0.125000 0.687500 0.562500 Al
0.625000 0.937500 0.312500 Al
0.125000 0.437500 0.812500 Al
0.500000 0.250000 0.750000 Al
0.000000 0.750000 0.250000 Al
0.500000 0.000000 0.000000 Al
0.000000 0.500000 0.500000 Al
-14.414596185399999 -0.14007777059999998 0.6364860071999999 0.0815726441 -0.09928645989999998 -0.1282088919 1.3403939126 -1.6024887800999998 0.027279112 0.029407211399999997 0.0278390146 -0.0627290458 0.088322581 -0.0749952558 0.08331925849999999 0.1374449372 -0.0610405345 0.0026140525999999997 2.0877916949 0.0239079584 2.3454983110999996 0.095130621 0.048700962 -0.0239249785 0.0003715077 0.034212748599999995 0.06503614969999999 -0.0208097133 0.0464149865 0.0190912701 -0.13053477659999999 -0.007840983999999999 0.0197849859 1.4218174841 1.6945105917999999 -0.041476223 -0.14261669999999999 0.07483796659999999 0.0380000143 1.9880985133 -0.019760923 -2.6303425964 1.9263325704 -0.0671877251 -2.2399191093999997 -0.010251969199999999 0.053677874 -0.0665127901 0.0818590513 -0.0225234613 0.051847332899999994 0.1461298834 -0.032423877399999995 0.0322947594 0.144529994 -0.0563183371 0.0500408547 0.0840599263 -0.0202985234 0.07885177569999999 -0.048345887500000004 -0.0394854582 0.0476703656 0.0895891112 0.07631460699999999 -0.12226359489999998 1.9197469655000001 -0.038408496699999996 1.8351341793999998 0.05327760819999999 0.0857408079 -0.0471439163 0.10992414886242853 0.10195099496784854 0.07100269433222367 0.10071459103740035 -0.05443838354853972 0.015536826088345293 0.18032356403193592 0.04363706012267705 -0.086938257703578 1.2627337231929974 -1.560142789525516 0.07848200294914476 0.006055872228374834 -0.005711254975794167 0.042879777638080034 0.1594507417081932 -0.021923785561693703 0.06653659799768229 1.4621186802949262 1.697128943309132 0.0025440393715337314 -0.013760813619214206 0.007396536805677688 -0.07824284016761937
-0.14007777059999998 -14.231143570299999 1.1232655623999999 -0.09928645989999998 0.10975264759999999 -0.1738491704 -1.5985594846 1.2965243113999998 0.0453362643 0.0545951987 0.0529747678 0.0422315633 0.0139465047 -0.018915786999999996 -0.046271195999999994 0.0010928078 -0.0570325944 -0.027013246299999998 0.018221484299999997 -0.0240423585 0.0181363838 0.0573489335 0.0112714145 0.0058267432 -0.06751991049999999 1.7425982433 1.7693561881 -0.006840906399999999 0.16252317419999998 0.0385939571 -0.07722254129999999 -0.0647561984 -0.025835338 1.5224121441 1.2845227933 -0.0142387809 0.0664494049 1.9013511719 -2.3034334274 -0.007943104599999999 -0.2999229201 0.039679722099999995 -0.09592000149999999 0.1743591865 0.1167707978 -0.042712821299999995 2.1346392267 -2.2648570773 -0.0774396943 0.1511995256 -0.022981830199999997 -0.0618974085 0.0712308792 0.0251105165 0.0430526364 0.0202556797 0.0092348715 -0.027333106799999996 0.0195120774 0.0202615487 0.0770505796 0.17724262619999998 -0.00022536959999999996 0.07150906979999999 1.8121658479 1.7408674752 -0.038408496699999996 0.15964853799999998 -0.0283924613 0.0857408079 -0.010748486600000001 -0.0279223544 0.06919604037527652 0.02389120784432514 0.10445802578916287 -0.015310397431626587 0.11416580624725226 -0.01755279722180218 -0.015415851902681871 0.2226112048665055 -0.038539032844604366 -1.5575589560139615 1.4299486995606607 -0.06837548520804634 -0.06444143652558389 -0.07561165162943996 0.007412852403086242 -0.018462889204079305 0.13712782092209025 -0.08958576183916597 1.7977173869226664 1.5680041218866376 -0.055297141090189926 0.06656326007149627 0.007630924290400567 0.0990137894929087
0.6364860071999999 1.1232655623999999 -15.470499713399999 -0.1282088919 -0.1738491704 0.2241676288 0.13973678169999998 -0.0099954939 -0.10103072669999999 -0.0447693189 -0.009094602399999999 0.21938087239999998 0.1399134386 -0.1410549591 0.10811108829999999 0.0453591534 -0.0137633919 -0.07557511299999999 2.0471072 -0.0773158584 2.0269559885 0.0237348229 0.0418935089 0.025966803599999998 -0.16006934529999997 1.6033427196 1.4589342139 0.0339768148 0.0289077595 0.0400306883 -0.0781709717 0.07279144629999999 0.0992518328 -0.0728096402 -0.0242395569 0.0092724331 0.11681129389999999 -2.0699329148 1.9041465766 -2.6447509914 0.1418707501 2.0188790706999997 -1.9746203548 0.2300806463 1.9579412437 0.0042738058 -2.1785692786 1.8702108447999999 0.0039451417999999995 -0.0756883847 0.0832617423 0.0038529984999999996 0.0694449425 0.09957169329999999 -0.0404538432 0.0235041712 0.0218778713 0.0551245825 -0.0543504614 0.08019695049999999 0.025530149999999998 -0.11573609309999999 0.0549966383 -0.0212680822 1.7285566608 1.4664336220999998 1.8351341793999998 -0.0283924613 1.6150554829 -0.0471439163 -0.0279223544 0.0846468263 0.10340586872701127 0.10999219684186419 0.014846397758983332 -0.0008901949122666912 -0.11238621230551928 0.04490649318934255 -0.05636760345675112 0.006931343308833806 0.24287875832053096 -0.009682312208476021 -0.02839232302208488 -0.1392723271278145 0.005226960291740272 0.05806641529424174 -0.0650284000908916 0.15249950132934897 -0.059264218908869695 0.1733440698136769 -0.09931304142586558 0.01915252165064085 -0.20817030939433478 -0.05644321232279076 -0.0059671312961283125 0.16428135236532568
0.0815726441 -0.09928645989999998 -0.1282088919 -14.414596185399999 -0.14007777059999998 0.6364860071999999 0.029407211399999997 0.0278390146 -0.0627290458 1.3403939126 -1.6024887800999998 0.027279112 0.1374449372 -0.0610405345 0.0026140525999999997 0.088322581 -0.0749952558 0.08331925849999999 0.095130621 0.048700962 -0.0239249785 2.0877916949 0.0239079584 2.3454983110999996 -0.0208097133 0.0464149865 0.0190912701 0.0003715077 0.034212748599999995 0.06503614969999999 1.4218174841 1.6945105917999999 -0.041476223 -0.13053477659999999 -0.007840983999999999 0.0197849859 1.9880985133 -0.019760923 -2.6303425964 -0.14261669999999999 0.07483796659999999 0.0380000143 -0.010251969199999999 0.053677874 -0.0665127901 1.9263325704 -0.0671877251 -2.2399191093999997 0.1461298834 -0.032423877399999995 0.0322947594 0.0818590513 -0.0225234613 0.051847332899999994 0.0840599263 -0.0202985234 0.07885177569999999 0.144529994 -0.0563183371 0.0500408547 0.0895891112 0.07631460699999999 -0.12226359489999998 -0.048345887500000004 -0.0394854582 0.0476703656 0.05327760819999999 0.0857408079 -0.0471439163 1.9197469655000001 -0.038408496699999996 1.8351341793999998 0.10071459103740035 -0.05443838354853972 0.015536826088345293 0.10992414886242853 0.10195099496784854 0.07100269433222367 1.2627337231929974 -1.560142789525516 0.07848200294914476 0.18032356403193592 0.04363706012267705 -0.086938257703578 0.1594507417081932 -0.021923785561693703 0.06653659799768229 0.006055872228374834 -0.005711254975794167 0.042879777638080034 -0.013760813619214206 0.007396536805677688 -0.07824284016761937 1.4621186802949262 1.697128943309132 0.0025440393715337314
-0.09928645989999998 0.10975264759999999 -0.1738491704 -0.14007777059999998 -14.231143570299999 1.1232655623999999 0.0545951987 0.0529747678 0.0422315633 -1.5985594846 1.2965243113999998 0.0453362643 0.0010928078 -0.0570325944 -0.027013246299999998 0.0139465047 -0.018915786999999996 -0.046271195999999994 0.0573489335 0.0112714145 0.0058267432 0.018221484299999997 -0.0240423585 0.0181363838 -0.006840906399999999 0.16252317419999998 0.0385939571 -0.06751991049999999 1.7425982433 1.7693561881 1.5224121441 1.2845227933 -0.0142387809 -0.07722254129999999 -0.0647561984 -0.025835338 -0.007943104599999999 -0.2999229201 0.039679722099999995 0.0664494049 1.9013511719 -2.3034334274 -0.042712821299999995 2.1346392267 -2.2648570773 -0.09592000149999999 0.1743591865 0.1167707978 -0.0618974085 0.0712308792 0.0251105165 -0.0774396943 0.1511995256 -0.022981830199999997 -0.027333106799999996 0.0195120774 0.0202615487 0.0430526364 0.0202556797 0.0092348715 0.07150906979999999 1.8121658479 1.7408674752 0.0770505796 0.17724262619999998 -0.00022536959999999996 0.0857408079 -0.010748486600000001 -0.0279223544 -0.038408496699999996 0.15964853799999998 -0.0283924613 -0.015310397431626587 0.11416580624725226 -0.01755279722180218 0.06919604037527652 0.02389120784432514 0.10445802578916287 -1.5575589560139615 1.4299486995606607 -0.06837548520804634 -0.015415851902681871 0.2226112048665055 -0.038539032844604366 -0.018462889204079305 0.13712782092209025 -0.08958576183916597 -0.06444143652558389 -0.07561165162943996 0.007412852403086242 0.06656326007149627 0.007630924290400567 0.0990137894929087 1.7977173869226664 1.5680041218866376 -0.055297141090189926
-0.1282088919 -0.1738491704 0.2241676288 0.6364860071999999 1.1232655623999999 -15.470499713399999 -0.0447693189 -0.009094602399999999 0.21938087239999998 0.13973678169999998 -0.0099954939 -0.10103072669999999 0.0453591534 -0.0137633919 -0.07557511299999999 0.1399134386 -0.1410549591 0.10811108829999999 0.0237348229 0.0418935089 0.025966803599999998 2.0471072 -0.0773158584 2.0269559885 0.0339768148 0.0289077595 0.0400306883 -0.16006934529999997 1.6033427196 1.4589342139 -0.0728096402 -0.0242395569 0.0092724331 -0.0781709717 0.07279144629999999 0.0992518328 -2.6447509914 0.1418707501 2.0188790706999997 0.11681129389999999 -2.0699329148 1.9041465766 0.0042738058 -2.1785692786 1.8702108447999999 -1.9746203548 0.2300806463 1.9579412437 0.0038529984999999996 0.0694449425 0.09957169329999999 0.0039451417999999995 -0.0756883847 0.0832617423 0.0551245825 -0.0543504614 0.08019695049999999 -0.0404538432 0.0235041712 0.0218778713 -0.0212680822 1.7285566608 1.4664336220999998 0.025530149999999998 -0.11573609309999999 0.0549966383 -0.0471439163 -0.0279223544 0.0846468263 1.8351341793999998 -0.0283924613 1.6150554829 -0.0008901949122666912 -0.11238621230551928 0.04490649318934255 0.10340586872701127 0.10999219684186419 0.014846397758983332 -0.009682312208476021 -0.02839232302208488 -0.1392723271278145 -0.05636760345675112 0.006931343308833806 0.24287875832053096 0.15249950132934897 -0.059264218908869695 0.1733440698136769 0.005226960291740272 0.05806641529424174 -0.0650284000908916 -0.05644321232279076 -0.0059671312961283125 0.16428135236532568 -0.09931304142586558 0.01915252165064085 -0.20817030939433478
1.3403939126 -1.5985594846 0.13973678169999998 0.029407211399999997 0.0545951987 -0.0447693189 -14.837101974 -0.4038124367 0.6573027633 0.08528243899999999 -0.0174209527 -0.13267813539999998 -0.0008486574 0.0110613043 -0.0512451735 1.6016483393 1.6316089973999999 -0.1415978416 0.050666490099999996 0.037162508 -0.0450786152 0.2637974644 0.0681666743 -0.0385423099 1.8499352104999998 -0.06798297460000001 1.9284477579999997 0.1040790853 0.06887799709999999 -0.0690364601 -0.0728307686 -0.020279742599999998 -0.060647898400000004 -0.0496658256 0.0661946903 -0.0701762199 0.063185654 0.05902746749999999 -0.0847448386 0.13976730049999997 0.018217376 0.0198272427 0.29364309009999995 0.0449665173 0.030188375299999997 2.0656755421999997 -0.044954192399999995 -2.1385685222 -0.49209217400000005 -0.1802628136 0.2233031251 2.0630614896 0.2067337643 -2.33562724 0.0983732435 0.0770758163 0.046478958599999995 0.0720050003 -0.053235938299999994 0.027559650199999997 1.6114167029 1.5348896381 0.0070580594 -0.11828206529999999 -0.024966725999999998 -0.051967060499999995 0.0895891112 0.07150906979999999 -0.0212680822 -0.048345887500000004 0.0770505796 0.025530149999999998 0.16781984729598076 0.07578157260732904 -0.1033143422049633 1.2464268804952483 -1.385834905640534 0.19540793074824403 0.15524609287358887 0.1774575900676334 0.13440908527586493 0.11848068484971436 -0.04869688502632969 0.02035231497226985 0.10235132401645841 0.08723671375373448 -0.062238830875429155 1.683679319864881 -0.189529142442962 1.8719123671673636 0.11479216601118061 -0.01451411668980913 -0.01711943903697499 0.23454904893136402 -0.09147916702135861 0.11483872515500503
-1.6024887800999998 1.2965243113999998 -0.0099954939 0.0278390146 0.0529747678 -0.009094602399999999 -0.4038124367 -14.508719686 1.1187769511999999 -0.0174209527 0.1129436229 -0.1401170929 -0.0959047421 -0.09632496249999999 0.07200265269999999 1.7366288833999999 1.5521697347999999 -0.021738775999999998 -0.0146455026 0.1021335118 0.048747327099999994 -0.0274105776 -0.038578110799999996 0.016721954799999997 -0.0101381106 -0.024172650299999997 0.033469733200000004 0.0525345928 0.0416358598 0.019130592399999997 0.0149360181 1.7224992659 1.9104686634 0.0551662524 0.1983851118 -0.0059094961 0.032430333299999996 0.0986121118 -0.05174638609999999 -0.0449054797 0.049434587 0.0210198235 0.1282411714 2.0762373945999997 -2.1697358466999996 0.039520672199999995 0.12731269559999997 0.0821912367 0.2697996907 2.1049362177 -2.5125681996 -0.016222502899999998 -0.0547935709 0.23970991459999996 0.023191353499999998 -0.0053014677 -0.0029391952 0.0061207801 0.0644510104 0.0550635449 1.5348896381 1.3112173529 -0.0801564544 -0.024966725999999998 -0.0086045409 -0.0262913593 0.07631460699999999 1.8121658479 1.7285566608 -0.0394854582 0.17724262619999998 -0.11573609309999999 -0.024650877977323397 0.254621213157887 -0.1330871239443719 -1.6205315908313753 1.3336492683585752 -0.029056885160433282 0.12179314906505093 0.09130964398486974 0.0613040665263391 -0.055542670934118646 0.1171861814748357 0.0025575693791408246 0.00022443894971766373 0.11697964988812742 -0.04633152134348963 0.03093278092101673 -0.21185683852586748 0.10485755895497234 0.0464035487369274 -0.08892119970081759 -0.029678071686158942 -0.07073686947688432 0.04755160967652927 -0.15413623430840703
0.027279112 0.0453362643 -0.10103072669999999 -0.0627290458 0.0422315633 0.21938087239999998 0.6573027633 1.1187769511999999 -14.826281885599998 -0.13267813539999998 -0.1401170929 0.1687231858 0.1386750796 0.0391063208 0.0713776042 0.058788012300000005 0.12762727399999999 0.033877628699999995 0.0937437763 -0.0433061772 0.082259904 0.0781662765 0.0278754024 -0.09441988509999999 2.0427570972 -0.043330826999999995 1.6277231325 -0.0332602099 -0.0150287483 -0.006121953899999999 -0.0741207748 1.8299113562999998 1.5482515903999998 0.07395057379999999 -0.0543604387 0.026540791799999998 -0.0180876711 -0.0553317582 0.0342368115 -0.0055280111 0.0527887205 0.09392043319999999 0.0319537705 -2.0746169637 1.9696041204999999 -2.1000467537999996 0.1169040241 1.8179198155 -0.1800280536 -2.5878903586999997 2.0435746489 -2.5180786037 0.1169591927 1.979367202 0.052732965 -0.08459048389999999 0.09670762129999999 -0.011588927399999999 0.026147568799999996 0.030640875199999997 0.0070580594 -0.0801564544 0.1216473499 -0.051967060499999995 -0.0262913593 0.0964634709 -0.12226359489999998 1.7408674752 1.4664336220999998 0.0476703656 -0.00022536959999999996 0.0549966383 -0.09002787473479776 -0.09465593321922405 0.20174952490196865 -0.016616839048511498 0.11037422058606448 -0.12510322563198625 0.09994855384199874 0.08513120580523065 0.04776371244284047 -0.007071418681707242 -0.02993315212369267 -0.002368547214041728 -0.00017270656769054267 -0.005518253396692984 0.0985294948088548 2.1340081136453692 -0.04439593437287489 1.5276878827487013 -0.035088482963395395 -0.010183718372738886 -0.11398593673435795 -0.03162599484018016 -0.10551853962071886 0.09266145092137844
0.029407211399999997 0.0545951987 -0.0447693189 1.3403939126 -1.5985594846 0.13973678169999998 0.08528243899999999 -0.0174209527 -0.13267813539999998 -14.837101974 -0.4038124367 0.6573027633 1.6016483393 1.6316089973999999 -0.1415978416 -0.0008486574 0.0110613043 -0.0512451735 0.2637974644 0.0681666743 -0.0385423099 0.050666490099999996 0.037162508 -0.0450786152 0.1040790853 0.06887799709999999 -0.0690364601 1.8499352104999998 -0.06798297460000001 1.9284477579999997 -0.0496658256 0.0661946903 -0.0701762199 -0.0728307686 -0.020279742599999998 -0.060647898400000004 0.13976730049999997 0.018217376 0.0198272427 0.063185654 0.05902746749999999 -0.0847448386 2.0656755421999997 -0.044954192399999995 -2.1385685222 0.29364309009999995 0.0449665173 0.030188375299999997 2.0630614896 0.2067337643 -2.33562724 -0.49209217400000005 -0.1802628136 0.2233031251 0.0720050003 -0.053235938299999994 0.027559650199999997 0.0983732435 0.0770758163 0.046478958599999995 -0.11828206529999999 -0.024966725999999998 -0.051967060499999995 1.6114167029 1.5348896381 0.0070580594 -0.048345887500000004 0.0770505796 0.025530149999999998 0.0895891112 0.07150906979999999 -0.0212680822 1.2464268804952483 -1.385834905640534 0.19540793074824403 0.16781984729598076 0.07578157260732904 -0.1033143422049633 0.11848068484971436 -0.04869688502632969 0.02035231497226985 0.15524609287358887 0.1774575900676334 0.13440908527586493 1.683679319864881 -0.189529142442962 1.8719123671673636 0.10235132401645841 0.08723671375373448 -0.062238830875429155 0.23454904893136402 -0.09147916702135861 0.11483872515500503 0.11479216601118061 -0.01451411668980913 -0.01711943903697499
0.0278390146 0.0529747678 -0.009094602399999999 -1.6024887800999998 1.2965243113999998 -0.0099954939 -0.0174209527 0.1129436229 -0.1401170929 -0.4038124367 -14.508719686 1.1187769511999999 1.7366288833999999 1.5521697347999999 -0.021738775999999998 -0.0959047421 -0.09632496249999999 0.07200265269999999 -0.0274105776 -0.038578110799999996 0.016721954799999997 -0.0146455026 0.1021335118 0.048747327099999994 0.0525345928 0.0416358598 0.019130592399999997 -0.0101381106 -0.024172650299999997 0.033469733200000004 0.0551662524 0.1983851118 -0.0059094961 0.0149360181 1.7224992659 1.9104686634 -0.0449054797 0.049434587 0.0210198235 0.032430333299999996 0.0986121118 -0.05174638609999999 0.039520672199999995 0.12731269559999997 0.0821912367 0.1282411714 2.0762373945999997 -2.1697358466999996 -0.016222502899999998 -0.0547935709 0.23970991459999996 0.2697996907 2.1049362177 -2.5125681996 0.0061207801 0.0644510104 0.0550635449 0.023191353499999998 -0.0053014677 -0.0029391952 -0.024966725999999998 -0.0086045409 -0.0262913593 1.5348896381 1.3112173529 -0.0801564544 -0.0394854582 0.17724262619999998 -0.11573609309999999 0.07631460699999999 1.8121658479 1.7285566608 -1.6205315908313753 1.3336492683585752 -0.029056885160433282 -0.024650877977323397 0.254621213157887 -0.1330871239443719 -0.055542670934118646 0.1171861814748357 0.0025575693791408246 0.12179314906505093 0.09130964398486974 0.0613040665263391 0.03093278092101673 -0.21185683852586748 0.10485755895497234 0.00022443894971766373 0.11697964988812742 -0.04633152134348963 -0.07073686947688432 0.04755160967652927 -0.15413623430840703 0.0464035487369274 -0.08892119970081759 -0.029678071686158942
-0.0627290458 0.0422315633 0.21938087239999998 0.027279112 0.0453362643 -0.10103072669999999 -0.13267813539999998 -0.1401170929 0.1687231858 0.6573027633 1.1187769511999999 -14.826281885599998 0.058788012300000005 0.12762727399999999 0.033877628699999995 0.1386750796 0.0391063208 0.0713776042 0.0781662765 0.0278754024 -0.09441988509999999 0.0937437763 -0.0433061772 0.082259904 -0.0332602099 -0.0150287483 -0.006121953899999999 2.0427570972 -0.043330826999999995 1.6277231325 0.07395057379999999 -0.0543604387 0.026540791799999998 -0.0741207748 1.8299113562999998 1.5482515903999998 -0.0055280111 0.0527887205 0.09392043319999999 -0.0180876711 -0.0553317582 0.0342368115 -2.1000467537999996 0.1169040241 1.8179198155 0.0319537705 -2.0746169637 1.9696041204999999 -2.5180786037 0.1169591927 1.979367202 -0.1800280536 -2.5878903586999997 2.0435746489 -0.011588927399999999 0.026147568799999996 0.030640875199999997 0.052732965 -0.08459048389999999 0.09670762129999999 -0.051967060499999995 -0.0262913593 0.0964634709 0.0070580594 -0.0801564544 0.1216473499 0.0476703656 -0.00022536959999999996 0.0549966383 -0.12226359489999998 1.7408674752 1.4664336220999998 -0.016616839048511498 0.11037422058606448 -0.12510322563198625 -0.09002787473479776 -0.09465593321922405 0.20174952490196865 -0.007071418681707242 -0.02993315212369267 -0.002368547214041728 0.09994855384199874 0.08513120580523065 0.04776371244284047 2.1340081136453692 -0.04439593437287489 1.5276878827487013 -0.00017270656769054267 -0.005518253396692984 0.0985294948088548 -0.03162599484018016 -0.10551853962071886 0.09266145092137844 -0.035088482963395395 -0.010183718372738886 -0.11398593673435795
0.088322581 0.0139465047 0.1399134386 0.1374449372 0.0010928078 0.0453591534 -0.0008486574 -0.0959047421 0.1386750796 1.6016483393 1.7366288833999999 0.058788012300000005 -14.915329875000001 -0.3981928692 0.7996811819 0.11592507489999998 0.05912782739999999 -0.0143162517 1.7136652471 -1.9844609070999997 -0.1358620679 -0.0112943036 0.045188952399999996 0.019903539699999997 -0.0529929617 -0.0718453635 -0.0670732796 0.0131084115 0.0538222514 0.12186039459999999 1.3736236036999998 -1.6682573809999999 0.0910094092 0.1057405992 0.0423530516 -0.08477183599999999 0.0246990996 0.054436735699999995 -0.0025624054 0.1370165002 0.0147523184 0.1073316851 0.06986633669999999 0.1071027941 -0.0426371112 1.8347738227999997 -0.0007741211 2.0900952773999997 -0.06749995589999999 -0.0641669508 -0.0523655656 -0.0067029849 0.0037039258999999997 -0.008287027999999998 -0.0125590731 0.0163234497 0.0524817718 1.9955016699 2.1486068597999997 -0.3063277598 0.13976730049999997 -0.0449054797 -0.0055280111 0.063185654 0.032430333299999996 -0.0180876711 -0.14261669999999999 0.0664494049 0.11681129389999999 1.9880985133 -0.007943104599999999 -2.6447509914 0.07805302211971987 0.008293098780347717 0.08660040545480088 -0.09600694427293234 -0.15863695154476656 -0.14270218405621266 0.06260414108082067 0.15564920751200023 0.02559877439262034 1.5863746886858685 -0.048132604120833866 1.9557391210627104 -0.13349779946938717 0.22427658962637861 -0.11205552300194592 2.0847282444677337 -0.10430561423288298 -2.3857625569561534 0.13175163260527173 -0.021497988263470477 0.07454676044248168 0.026194890610132863 -0.0036650402959214237 0.07657228216954357
-0.0749952558 -0.018915786999999996 -0.1410549591 -0.0610405345 -0.0570325944 -0.0137633919 0.0110613043 -0.09632496249999999 0.0391063208 1.6316089973999999 1.5521697347999999 0.12762727399999999 -0.3981928692 -14.6277477012 0.9210902503999999 0.05912782739999999 0.0165370813 -0.06514531309999999 -2.054044358 2.0687943287999997 0.15928407309999998 0.0246656463 0.0627202423 0.1269130167 -0.006940679399999999 0.044680697 -0.0080493335 0.0461532291 0.031336351699999994 0.0086121706 -1.4934527374 1.5084222087999999 -0.10913698949999999 0.0484480081 0.1192651228 -0.0450557261 0.054436735699999995 0.0808836235 -0.0282093485 0.0147523184 0.0383903028 -0.017734944199999998 0.069177903 0.0621832288 0.009657439499999998 -0.06699228739999999 0.0008551132999999999 0.038242990899999996 -0.0494334132 1.6475603525 1.6287372957 -0.0050232771 0.2389833324 0.036538046399999996 -0.0006303306 -0.042890651999999994 -0.0087360065 2.0562370164 1.9208233400999999 -0.3382873993 0.018217376 0.049434587 0.0527887205 0.05902746749999999 0.0986121118 -0.0553317582 0.07483796659999999 1.9013511719 -2.0699329148 -0.019760923 -0.2999229201 0.1418707501 0.0875518833426997 0.165025900725116 0.08264765352652863 0.04766144150298685 1.6565548381438608 1.8794975281967403 0.054935412357400286 0.026846718623674586 0.08491989892171987 -0.03379358164711653 0.02354619265034426 -0.043951433828841854 -0.13022234380427 1.8112645060099684 -2.3236809129338063 -0.02026994110242666 -0.33911690654698445 -0.008759884042792432 -0.038865742734175646 0.03936237360163601 -0.04968218793324624 0.017148488759190218 0.14137107007251482 0.0835366546145947
0.08331925849999999 -0.046271195999999994 0.10811108829999999 0.0026140525999999997 -0.027013246299999998 -0.07557511299999999 -0.0512451735 0.07200265269999999 0.0713776042 -0.1415978416 -0.021738775999999998 0.033877628699999995 0.7996811819 0.9210902503999999 -13.818736569999999 -0.0143162517 -0.06514531309999999 0.0267808339 0.42172110329999996 -0.026229734799999998 -0.268101789 0.07991230399999999 0.0356706082 0.0154818351 0.0036288027 -0.0253036066 -0.05002031319999999 -0.0011661703000000001 -0.029988242399999997 0.044080885199999996 -0.0149172373 -0.0235587529 -0.0359581892 -0.1095666003 -0.0219406696 0.0940900473 -0.0025624054 -0.0282093485 -0.0793647263 0.1073316851 -0.017734944199999998 0.1505234168 -0.06903293869999999 -0.0330207547 0.0189169608 1.9793842221 0.0316755799 1.5630872486 0.050168212 1.8688128489999998 1.495474021 0.0435397634 0.0013927137 -0.038447819 -0.1382395998 -0.0118618359 0.2777703796 0.1201231706 0.1023582945 -0.3767774751 0.0198272427 0.0210198235 0.09392043319999999 -0.0847448386 -0.05174638609999999 0.0342368115 0.0380000143 -2.3034334274 1.9041465766 -2.6303425964 0.039679722099999995 2.0188790706999997 -0.0034847728416269176 -0.024576064994084178 -0.08857021538583358 0.04845135518240097 1.7658729222537715 1.4510598887831287 -0.08516980612105089 -0.018048234265061917 -0.020693748693648848 1.5972110309549494 -0.202606690678018 1.5710829945000517 0.21872252150366683 -1.9491161823390382 1.645274791213547 -2.370462506000932 0.01914854223663876 1.7838833520858137 0.10711189698715418 0.011943813185861631 0.10462675294285133 0.009134744841788956 0.13394389177902105 0.3009881512859952
0.1374449372 0.0010928078 0.0453591534 0.088322581 0.0139465047 0.1399134386 1.6016483393 1.7366288833999999 0.058788012300000005 -0.0008486574 -0.0959047421 0.1386750796 0.11592507489999998 0.05912782739999999 -0.0143162517 -14.915329875000001 -0.3981928692 0.7996811819 -0.0112943036 0.045188952399999996 0.019903539699999997 1.7136652471 -1.9844609070999997 -0.1358620679 0.0131084115 0.0538222514 0.12186039459999999 -0.0529929617 -0.0718453635 -0.0670732796 0.1057405992 0.0423530516 -0.08477183599999999 1.3736236036999998 -1.6682573809999999 0.0910094092 0.1370165002 0.0147523184 0.1073316851 0.0246990996 0.054436735699999995 -0.0025624054 1.8347738227999997 -0.0007741211 2.0900952773999997 0.06986633669999999 0.1071027941 -0.0426371112 -0.0067029849 0.0037039258999999997 -0.008287027999999998 -0.06749995589999999 -0.0641669508 -0.0523655656 1.9955016699 2.1486068597999997 -0.3063277598 -0.0125590731 0.0163234497 0.0524817718 0.063185654 0.032430333299999996 -0.0180876711 0.13976730049999997 -0.0449054797 -0.0055280111 1.9880985133 -0.007943104599999999 -2.6447509914 -0.14261669999999999 0.0664494049 0.11681129389999999 -0.09600694427293234 -0.15863695154476656 -0.14270218405621266 0.07805302211971987 0.008293098780347717 0.08660040545480088 1.5863746886858685 -0.048132604120833866 1.9557391210627104 0.06260414108082067 0.15564920751200023 0.02559877439262034 2.0847282444677337 -0.10430561423288298 -2.3857625569561534 -0.13349779946938717 0.22427658962637861 -0.11205552300194592 0.026194890610132863 -0.0036650402959214237 0.07657228216954357 0.13175163260527173 -0.021497988263470477 0.07454676044248168
-0.0610405345 -0.0570325944 -0.0137633919 -0.0749952558 -0.018915786999999996 -0.1410549591 1.6316089973999999 1.5521697347999999 0.12762727399999999 0.0110613043 -0.09632496249999999 0.0391063208 0.05912782739999999 0.0165370813 -0.06514531309999999 -0.3981928692 -14.6277477012 0.9210902503999999 0.0246656463 0.0627202423 0.1269130167 -2.054044358 2.0687943287999997 0.15928407309999998 0.0461532291 0.031336351699999994 0.0086121706 -0.006940679399999999 0.044680697 -0.0080493335 0.0484480081 0.1192651228 -0.0450557261 -1.4934527374 1.5084222087999999 -0.10913698949999999 0.0147523184 0.0383903028 -0.017734944199999998 0.054436735699999995 0.0808836235 -0.0282093485 -0.06699228739999999 0.0008551132999999999 0.038242990899999996 0.069177903 0.0621832288 0.009657439499999998 -0.0050232771 0.2389833324 0.036538046399999996 -0.0494334132 1.6475603525 1.6287372957 2.0562370164 1.9208233400999999 -0.3382873993 -0.0006303306 -0.042890651999999994 -0.0087360065 0.05902746749999999 0.0986121118 -0.0553317582 0.018217376 0.049434587 0.0527887205 -0.019760923 -0.2999229201 0.1418707501 0.07483796659999999 1.9013511719 -2.0699329148 0.04766144150298685 1.6565548381438608 1.8794975281967403 0.0875518833426997 0.165025900725116 0.08264765352652863 -0.03379358164711653 0.02354619265034426 -0.043951433828841854 0.054935412357400286 0.026846718623674586 0.08491989892171987 -0.02026994110242666 -0.33911690654698445 -0.008759884042792432 -0.13022234380427 1.8112645060099684 -2.3236809129338063 0.017148488759190218 0.14137107007251482 0.0835366546145947 -0.038865742734175646 0.03936237360163601 -0.04968218793324624
0.0026140525999999997 -0.027013246299999998 -0.07557511299999999 0.08331925849999999 -0.046271195999999994 0.10811108829999999 -0.1415978416 -0.021738775999999998 0.033877628699999995 -0.0512451735 0.07200265269999999 0.0713776042 -0.0143162517 -0.06514531309999999 0.0267808339 0.7996811819 0.9210902503999999 -13.818736569999999 0.07991230399999999 0.0356706082 0.0154818351 0.42172110329999996 -0.026229734799999998 -0.268101789 -0.0011661703000000001 -0.029988242399999997 0.044080885199999996 0.0036288027 -0.0253036066 -0.05002031319999999 -0.1095666003 -0.0219406696 0.0940900473 -0.0149172373 -0.0235587529 -0.0359581892 0.1073316851 -0.017734944199999998 0.1505234168 -0.0025624054 -0.0282093485 -0.0793647263 1.9793842221 0.0316755799 1.5630872486 -0.06903293869999999 -0.0330207547 0.0189169608 0.0435397634 0.0013927137 -0.038447819 0.050168212 1.8688128489999998 1.495474021 0.1201231706 0.1023582945 -0.3767774751 -0.1382395998 -0.0118618359 0.2777703796 -0.0847448386 -0.05174638609999999 0.0342368115 0.0198272427 0.0210198235 0.09392043319999999 -2.6303425964 0.039679722099999995 2.0188790706999997 0.0380000143 -2.3034334274 1.9041465766 0.04845135518240097 1.7658729222537715 1.4510598887831287 -0.0034847728416269176 -0.024576064994084178 -0.08857021538583358 1.5972110309549494 -0.202606690678018 1.5710829945000517 -0.08516980612105089 -0.018048234265061917 -0.020693748693648848 -2.370462506000932 0.01914854223663876 1.7838833520858137 0.21872252150366683 -1.9491161823390382 1.645274791213547 0.009134744841788956 0.13394389177902105 0.3009881512859952 0.10711189698715418 0.011943813185861631 0.10462675294285133
2.0877916949 0.018221484299999997 2.0471072 0.095130621 0.0573489335 0.0237348229 0.050666490099999996 -0.0146455026 0.0937437763 0.2637974644 -0.0274105776 0.0781662765 1.7136652471 -2.054044358 0.42172110329999996 -0.0112943036 0.0246656463 0.07991230399999999 -16.129901818 0.5009643413 -0.49531308119999995 0.0090259351 0.056119378 -0.0452945944 1.7641650575999999 -1.8012982205999999 0.0744746755 0.0854039273 0.036577955599999996 0.0560929675 0.06306240499999999 -0.1134923744 0.012919429699999999 0.1003370109 0.0733572179 0.05389150559999999 1.9955016699 2.0562370164 0.1201231706 -0.0125590731 -0.0006303306 -0.1382395998 0.1092496743 0.040537183 -0.0155023766 -0.06197194479999999 -0.0813531435 0.0259028315 2.1981230258999997 -0.27485113899999997 2.2253411002999997 0.166908491 0.0816295734 -0.0745697533 -0.22158116049999999 -0.0949164025 -0.0321057776 0.076831079 -0.023704891 0.0613744806 0.0983732435 0.023191353499999998 0.052732965 0.0720050003 0.0061207801 -0.011588927399999999 0.0840599263 -0.027333106799999996 0.0551245825 0.144529994 0.0430526364 -0.0404538432 1.4669910747990806 1.6406431512565192 -0.34048622290510233 -0.08019792626684434 -0.05494774854080675 -0.03625007391060436 -0.009654854251861628 0.027865050666808455 0.0432060895862511 -0.11148407915124633 0.25938695936678546 -0.0247615056865814 1.7403091667043697 0.13759341236033434 -2.1754007842708694 -0.14813527799326098 -0.3745762708953743 0.2947818572083415 -0.18136656844188273 -0.3388594384610495 0.17570784173091608 2.075370652441828 0.021024040055822004 -2.519156891661486
0.0239079584 -0.0240423585 -0.0773158584 0.048700962 0.0112714145 0.0418935089 0.037162508 0.1021335118 -0.0433061772 0.0681666743 -0.038578110799999996 0.0278754024 -1.9844609070999997 2.0687943287999997 -0.026229734799999998 0.045188952399999996 0.0627202423 0.0356706082 0.5009643413 -15.197751437099999 -0.1769867378 0.056119378 0.018214441499999998 -0.1095912501 -1.9467056300999999 1.8998105593999999 0.0642767011 -0.0118231005 0.0158909044 0.1057564455 -0.0712179674 0.0289435604 0.0156966405 0.03127531409999999 0.008867472099999999 0.0139963912 2.1486068597999997 1.9208233400999999 0.1023582945 0.0163234497 -0.042890651999999994 -0.0118618359 0.0175841109 -0.0188694219 0.0079618854 0.0168751357 -0.04454571 -0.0279200068 -0.1511214679 -0.2048997018 0.1019638977 0.0186405309 -0.0153040044 0.0009666242999999999 -0.0949164025 1.9696516594 2.1672080684 -0.023704891 0.2869594729 -0.0082295118 0.0770758163 -0.0053014677 -0.08459048389999999 -0.053235938299999994 0.0644510104 0.026147568799999996 -0.0202985234 0.0195120774 -0.0543504614 -0.0563183371 0.0202556797 0.0235041712 1.5584356209186212 1.4864436442654787 -0.2552646844020244 -0.027666079966704143 -0.06449595449741247 0.0248307474902177 0.03780761655102091 0.26722521112669473 -0.021292252559562616 -0.04584404312823407 1.6672646350476756 1.9201938013718753 -0.13385992614357703 0.0513595109351256 0.1996352622426602 0.02737239921335018 1.871724140885065 -2.2828274529055887 0.1470429288496883 1.9107709469563354 -2.158416247368565 -0.2681524145891808 -0.22441427735085082 0.22599131911987758
2.3454983110999996 0.0181363838 2.0269559885 -0.0239249785 0.0058267432 0.025966803599999998 -0.0450786152 0.048747327099999994 0.082259904 -0.0385423099 0.016721954799999997 -0.09441988509999999 -0.1358620679 0.15928407309999998 -0.268101789 0.019903539699999997 0.1269130167 0.0154818351 -0.49531308119999995 -0.1769867378 -14.9060838524 -0.0452945944 -0.1095912501 0.3500694168 -0.0106328673 0.1440399325 -0.20642270729999998 0.1407691388 0.0572914173 0.022553393199999997 0.0202509845 -0.11286615209999999 0.0185378234 0.0900603919 0.018675157999999997 0.058550904699999996 -0.3063277598 -0.3382873993 -0.3767774751 0.0524817718 -0.0087360065 0.2777703796 0.0558112555 0.0210421257 -0.0461250579 0.0114345727 -0.0407549229 0.0712449648 2.5613266778 0.052959508399999994 2.2250388468 0.0134570301 0.040857043499999995 -0.0751601747 -0.0321057776 2.1672080684 1.7056669738999999 0.0613744806 -0.0082295118 -0.08710417659999999 0.046478958599999995 -0.0029391952 0.09670762129999999 0.027559650199999997 0.0550635449 0.030640875199999997 0.07885177569999999 0.0202615487 0.08019695049999999 0.0500408547 0.0092348715 0.0218778713 0.21093838977418597 0.3772297441519654 -0.08709226102545874 0.01934830881954349 -0.06485370381620002 0.13588465198783853 0.052149026673139504 -0.09735914915084123 -0.02812649816674552 -0.20713566175379236 1.8358003789226316 1.5575183659911405 -1.9465956215101168 0.0931079411724125 1.6492092378374097 -0.13707171118466083 -2.143112216999342 1.7921533702649493 -0.299511390749821 -2.076492847190416 1.7023869430300886 -2.152287153922552 -0.0797812816208259 1.8032714550453781
0.095130621 0.0573489335 0.0237348229 2.0877916949 0.018221484299999997 2.0471072 0.2637974644 -0.0274105776 0.0781662765 0.050666490099999996 -0.0146455026 0.0937437763 -0.0112943036 0.0246656463 0.07991230399999999 1.7136652471 -2.054044358 0.42172110329999996 0.0090259351 0.056119378 -0.0452945944 -16.129901818 0.5009643413 -0.49531308119999995 0.0854039273 0.036577955599999996 0.0560929675 1.7641650575999999 -1.8012982205999999 0.0744746755 0.1003370109 0.0733572179 0.05389150559999999 0.06306240499999999 -0.1134923744 0.012919429699999999 -0.0125590731 -0.0006303306 -0.1382395998 1.9955016699 2.0562370164 0.1201231706 -0.06197194479999999 -0.0813531435 0.0259028315 0.1092496743 0.040537183 -0.0155023766 0.166908491 0.0816295734 -0.0745697533 2.1981230258999997 -0.27485113899999997 2.2253411002999997 0.076831079 -0.023704891 0.0613744806 -0.22158116049999999 -0.0949164025 -0.0321057776 0.0720050003 0.0061207801 -0.011588927399999999 0.0983732435 0.023191353499999998 0.052732965 0.144529994 0.0430526364 -0.0404538432 0.0840599263 -0.027333106799999996 0.0551245825 -0.08019792626684434 -0.05494774854080675 -0.03625007391060436 1.4669910747990806 1.6406431512565192 -0.34048622290510233 -0.11148407915124633 0.25938695936678546 -0.0247615056865814 -0.009654854251861628 0.027865050666808455 0.0432060895862511 -0.14813527799326098 -0.3745762708953743 0.2947818572083415 1.7403091667043697 0.13759341236033434 -2.1754007842708694 2.075370652441828 0.021024040055822004 -2.519156891661486 -0.18136656844188273 -0.3388594384610495 0.17570784173091608
0.048700962 0.0112714145 0.0418935089 0.0239079584 -0.0240423585 -0.0773158584 0.0681666743 -0.038578110799999996 0.0278754024 0.037162508 0.1021335118 -0.0433061772 0.045188952399999996 0.0627202423 0.0356706082 -1.9844609070999997 2.0687943287999997 -0.026229734799999998 0.056119378 0.018214441499999998 -0.1095912501 0.5009643413 -15.197751437099999 -0.1769867378 -0.0118231005 0.0158909044 0.1057564455 -1.9467056300999999 1.8998105593999999 0.0642767011 0.03127531409999999 0.008867472099999999 0.0139963912 -0.0712179674 0.0289435604 0.0156966405 0.0163234497 -0.042890651999999994 -0.0118618359 2.1486068597999997 1.9208233400999999 0.1023582945 0.0168751357 -0.04454571 -0.0279200068 0.0175841109 -0.0188694219 0.0079618854 0.0186405309 -0.0153040044 0.0009666242999999999 -0.1511214679 -0.2048997018 0.1019638977 -0.023704891 0.2869594729 -0.0082295118 -0.0949164025 1.9696516594 2.1672080684 -0.053235938299999994 0.0644510104 0.026147568799999996 0.0770758163 -0.0053014677 -0.08459048389999999 -0.0563183371 0.0202556797 0.0235041712 -0.0202985234 0.0195120774 -0.0543504614 -0.027666079966704143 -0.06449595449741247 0.0248307474902177 1.5584356209186212 1.4864436442654787 -0.2552646844020244 -0.04584404312823407 1.6672646350476756 1.9201938013718753 0.03780761655102091 0.26722521112669473 -0.021292252559562616 0.02737239921335018 1.871724140885065 -2.2828274529055887 -0.13385992614357703 0.0513595109351256 0.1996352622426602 -0.2681524145891808 -0.22441427735085082 0.22599131911987758 0.1470429288496883 1.9107709469563354 -2.158416247368565
