-3.758679 3.758679 7.597045
-3.758679 7.597045 3.758679
-7.597045 3.758679 3.758679
-11.355724 11.355724 7.517358
-11.355724 7.517358 11.355724
-7.517358 11.355724 11.355724
32 2
direct
0.125000 0.125000 0.125000 Al
0.625000 0.625000 0.625000 Al
0.375000 0.375000 0.875000 Al
0.875000 0.875000 0.375000 Al
0.375000 0.875000 0.375000 Al
0.875000 0.375000 0.875000 Al
0.750000 0.250000 0.250000 Al
0.250000 0.750000 0.750000 Al
0.875000 0.375000 0.375000 Al
0.375000 0.875000 0.875000 Al
0.250000 0.750000 0.250000 Al
0.750000 0.250000 0.750000 Al
0.250000 0.250000 0.750000 Al
0.750000 0.750000 0.250000 Al
0.000000 0.000000 0.000000 Al
0.500000 0.500000 0.500000 Al
0.625000 0.125000 0.125000 Ni
0.125000 0.625000 0.625000 Ni
0.250000 0.250000 0.250000 Ni
0.750000 0.750000 0.750000 Ni
0.000000 0.000000 0.500000 Ni
0.500000 0.500000 1.000000 Ni
0.000000 0.500000 0.000000 Ni
0.500000 0.000000 0.500000 Ni
0.125000 0.625000 0.125000 Ni
0.625000 0.125000 0.625000 Ni
0.125000 0.125000 0.625000 Ni
0.625000 0.625000 0.125000 Ni
0.375000 0.375000 0.375000 Ni
0.875000 0.875000 0.875000 Ni
0.500000 0.000000 0.000000 Ni
0.000000 0.500000 0.500000 Ni
-4.46307724026 1.27901533428 1.27901533428 0.02838884148 -0.0112730796 -0.0112730796 0.03326718708 -0.01132002828 -0.01132002828 0.03512327886 -0.024178840019999998 -0.024178840019999998 0.013724124479999999 -0.00734692878 -0.00609280542 0.00013922712 0.0315473544 -0.00907728444 1.16785596996 -1.3771094745599999 -0.0649564668 0.01422302166 0.01029741048 0.01242305244 0.013724124479999999 -0.00609280542 -0.00734692878 0.00013922712 -0.00907728444 0.0315473544 1.16785596996 -0.0649564668 -1.3771094745599999 0.01422302166 0.01242305244 0.01029741048 0.054454262940000005 0.13974679331999998 0.13974679331999998 0.019735444260000002 0.0097512948 0.0097512948 0.08578036493999999 -0.05253881076 -0.05253881076 0.0231316686 0.00157655826 0.00157655826 -0.0003338728347750352 0.004592243758407517 -0.0028735348509064712 0.37234262581600336 0.35729845118111625 -0.0026112914681689883 0.057828844278317186 -0.05048324397186621 -0.05048324397186621 0.1319116050481556 0.02294530113602924 0.02294530113602924 0.061748567070372136 0.031423044726073754 0.031423044726073754 -0.007558896896962807 -0.005732743811405433 -0.005732743811405433 0.3237921832249504 0.06484614292959606 -0.35319726711056626 0.010214359860554953 0.008036824518613364 0.0013394707531022272 -0.0003338728347750352 -0.0028735348509064712 0.004592243758407517 0.37234262581600336 -0.0026112914681689883 0.35729845118111625 0.04270707107038949 0.004832600364133526 0.004832600364133526 0.17090110755779614 -0.010531519156521224 -0.010531519156521224 -0.04351847358541487 -0.003772484473977752 -0.003772484473977752 0.11207144065795425 -0.08623628907361 -0.08623628907361 0.3237921832249504 -0.35319726711056626 0.06484614292959606 0.010214359860554953 0.0013394707531022272 0.008036824518613364
1.27901533428 -4.46307724026 -1.27901533428 -0.0112730796 0.02838884148 0.0112730796 -0.00734692878 0.013724124479999999 0.00609280542 0.0315473544 0.00013922712 0.00907728444 -0.01132002828 0.03326718708 0.01132002828 -0.024178840019999998 0.03512327886 0.024178840019999998 -1.3771094745599999 1.16785596996 0.0649564668 0.01029741048 0.01422302166 -0.01242305244 -0.00609280542 0.013724124479999999 0.00734692878 -0.00907728444 0.00013922712 -0.0315473544 0.13974679331999998 0.054454262940000005 -0.13974679331999998 0.0097512948 0.019735444260000002 -0.0097512948 -0.0649564668 1.16785596996 1.3771094745599999 0.01242305244 0.01422302166 -0.01029741048 -0.05253881076 0.08578036493999999 0.05253881076 0.00157655826 0.0231316686 -0.00157655826 0.004592243758407517 -0.0003338728347750352 0.0028735348509064712 0.35729845118111625 0.37234262581600336 0.0026112914681689883 -0.05048324397186621 0.057828844278317186 0.05048324397186621 0.02294530113602924 0.1319116050481556 -0.02294530113602924 0.06484614292959606 0.3237921832249504 0.35319726711056626 0.008036824518613364 0.010214359860554953 -0.0013394707531022272 0.031423044726073754 0.061748567070372136 -0.031423044726073754 -0.005732743811405433 -0.007558896896962807 0.005732743811405433 0.004832600364133526 0.04270707107038949 -0.004832600364133526 -0.010531519156521224 0.17090110755779614 0.010531519156521224 -0.0028735348509064712 -0.0003338728347750352 -0.004592243758407517 -0.0026112914681689883 0.37234262581600336 -0.35729845118111625 -0.003772484473977752 -0.04351847358541487 0.003772484473977752 -0.08623628907361 0.11207144065795425 0.08623628907361 -0.35319726711056626 0.3237921832249504 -0.06484614292959606 0.0013394707531022272 0.010214359860554953 -0.008036824518613364
1.27901533428 -1.27901533428 -4.46307724026 -0.0112730796 0.0112730796 0.02838884148 -0.00734692878 0.00609280542 0.013724124479999999 0.0315473544 0.00907728444 0.00013922712 -0.00609280542 0.00734692878 0.013724124479999999 -0.00907728444 -0.0315473544 0.00013922712 0.13974679331999998 -0.13974679331999998 0.054454262940000005 0.0097512948 -0.0097512948 0.019735444260000002 -0.01132002828 0.01132002828 0.03326718708 -0.024178840019999998 0.024178840019999998 0.03512327886 -1.3771094745599999 0.0649564668 1.16785596996 0.01029741048 -0.01242305244 0.01422302166 -0.0649564668 1.3771094745599999 1.16785596996 0.01242305244 -0.01029741048 0.01422302166 -0.05253881076 0.05253881076 0.08578036493999999 0.00157655826 -0.00157655826 0.0231316686 0.004832600364133526 -0.004832600364133526 0.04270707107038949 -0.010531519156521224 0.010531519156521224 0.17090110755779614 -0.05048324397186621 0.05048324397186621 0.057828844278317186 0.02294530113602924 -0.02294530113602924 0.1319116050481556 0.06484614292959606 0.35319726711056626 0.3237921832249504 0.008036824518613364 -0.0013394707531022272 0.010214359860554953 -0.35319726711056626 -0.06484614292959606 0.3237921832249504 0.0013394707531022272 -0.008036824518613364 0.010214359860554953 0.004592243758407517 0.0028735348509064712 -0.0003338728347750352 0.35729845118111625 0.0026112914681689883 0.37234262581600336 -0.0028735348509064712 -0.004592243758407517 -0.0003338728347750352 -0.0026112914681689883 -0.35729845118111625 0.37234262581600336 -0.003772484473977752 0.003772484473977752 -0.04351847358541487 -0.08623628907361 0.08623628907361 0.11207144065795425 0.031423044726073754 -0.031423044726073754 0.061748567070372136 -0.005732743811405433 0.005732743811405433 -0.007558896896962807
0.02838884148 -0.0112730796 -0.0112730796 -4.46307724026 1.27901533428 1.27901533428 0.03512327886 -0.024178840019999998 -0.024178840019999998 0.03326718708 -0.01132002828 -0.01132002828 0.00013922712 0.0315473544 -0.00907728444 0.013724124479999999 -0.00734692878 -0.00609280542 0.01422302166 0.01029741048 0.01242305244 1.16785596996 -1.3771094745599999 -0.0649564668 0.00013922712 -0.00907728444 0.0315473544 0.013724124479999999 -0.00609280542 -0.00734692878 0.01422302166 0.01242305244 0.01029741048 1.16785596996 -0.0649564668 -1.3771094745599999 0.019735444260000002 0.0097512948 0.0097512948 0.054454262940000005 0.13974679331999998 0.13974679331999998 0.0231316686 0.00157655826 0.00157655826 0.08578036493999999 -0.05253881076 -0.05253881076 0.37234262581600336 0.35729845118111625 -0.0026112914681689883 -0.0003338728347750352 0.004592243758407517 -0.0028735348509064712 0.1319116050481556 0.02294530113602924 0.02294530113602924 0.057828844278317186 -0.05048324397186621 -0.05048324397186621 -0.007558896896962807 -0.005732743811405433 -0.005732743811405433 0.061748567070372136 0.031423044726073754 0.031423044726073754 0.010214359860554953 0.008036824518613364 0.0013394707531022272 0.3237921832249504 0.06484614292959606 -0.35319726711056626 0.37234262581600336 -0.0026112914681689883 0.35729845118111625 -0.0003338728347750352 -0.0028735348509064712 0.004592243758407517 0.17090110755779614 -0.010531519156521224 -0.010531519156521224 0.04270707107038949 0.004832600364133526 0.004832600364133526 0.11207144065795425 -0.08623628907361 -0.08623628907361 -0.04351847358541487 -0.003772484473977752 -0.003772484473977752 0.010214359860554953 0.0013394707531022272 0.008036824518613364 0.3237921832249504 -0.35319726711056626 0.06484614292959606
-0.0112730796 0.02838884148 0.0112730796 1.27901533428 -4.46307724026 -1.27901533428 0.0315473544 0.00013922712 0.00907728444 -0.00734692878 0.013724124479999999 0.00609280542 -0.024178840019999998 0.03512327886 0.024178840019999998 -0.01132002828 0.03326718708 0.01132002828 0.01029741048 0.01422302166 -0.01242305244 -1.3771094745599999 1.16785596996 0.0649564668 -0.00907728444 0.00013922712 -0.0315473544 -0.00609280542 0.013724124479999999 0.00734692878 0.0097512948 0.019735444260000002 -0.0097512948 0.13974679331999998 0.054454262940000005 -0.13974679331999998 0.01242305244 0.01422302166 -0.01029741048 -0.0649564668 1.16785596996 1.3771094745599999 0.00157655826 0.0231316686 -0.00157655826 -0.05253881076 0.08578036493999999 0.05253881076 0.35729845118111625 0.37234262581600336 0.0026112914681689883 0.004592243758407517 -0.0003338728347750352 0.0028735348509064712 0.02294530113602924 0.1319116050481556 -0.02294530113602924 -0.05048324397186621 0.057828844278317186 0.05048324397186621 0.008036824518613364 0.010214359860554953 -0.0013394707531022272 0.06484614292959606 0.3237921832249504 0.35319726711056626 -0.005732743811405433 -0.007558896896962807 0.005732743811405433 0.031423044726073754 0.061748567070372136 -0.031423044726073754 -0.010531519156521224 0.17090110755779614 0.010531519156521224 0.004832600364133526 0.04270707107038949 -0.004832600364133526 -0.0026112914681689883 0.37234262581600336 -0.35729845118111625 -0.0028735348509064712 -0.0003338728347750352 -0.004592243758407517 -0.08623628907361 0.11207144065795425 0.08623628907361 -0.003772484473977752 -0.04351847358541487 0.003772484473977752 0.0013394707531022272 0.010214359860554953 -0.008036824518613364 -0.35319726711056626 0.3237921832249504 -0.06484614292959606
-0.0112730796 0.0112730796 0.02838884148 1.27901533428 -1.27901533428 -4.46307724026 0.0315473544 0.00907728444 0.00013922712 -0.00734692878 0.00609280542 0.013724124479999999 -0.00907728444 -0.0315473544 0.00013922712 -0.00609280542 0.00734692878 0.013724124479999999 0.0097512948 -0.0097512948 0.019735444260000002 0.13974679331999998 -0.13974679331999998 0.054454262940000005 -0.024178840019999998 0.024178840019999998 0.03512327886 -0.01132002828 0.01132002828 0.03326718708 0.01029741048 -0.01242305244 0.01422302166 -1.3771094745599999 0.0649564668 1.16785596996 0.01242305244 -0.01029741048 0.01422302166 -0.0649564668 1.3771094745599999 1.16785596996 0.00157655826 -0.00157655826 0.0231316686 -0.05253881076 0.05253881076 0.08578036493999999 -0.010531519156521224 0.010531519156521224 0.17090110755779614 0.004832600364133526 -0.004832600364133526 0.04270707107038949 0.02294530113602924 -0.02294530113602924 0.1319116050481556 -0.05048324397186621 0.05048324397186621 0.057828844278317186 0.008036824518613364 -0.0013394707531022272 0.010214359860554953 0.06484614292959606 0.35319726711056626 0.3237921832249504 0.0013394707531022272 -0.008036824518613364 0.010214359860554953 -0.35319726711056626 -0.06484614292959606 0.3237921832249504 0.35729845118111625 0.0026112914681689883 0.37234262581600336 0.004592243758407517 0.0028735348509064712 -0.0003338728347750352 -0.0026112914681689883 -0.35729845118111625 0.37234262581600336 -0.0028735348509064712 -0.004592243758407517 -0.0003338728347750352 -0.08623628907361 0.08623628907361 0.11207144065795425 -0.003772484473977752 0.003772484473977752 -0.04351847358541487 -0.005732743811405433 0.005732743811405433 -0.007558896896962807 0.031423044726073754 -0.031423044726073754 0.061748567070372136
0.03326718708 -0.00734692878 -0.00734692878 0.03512327886 0.0315473544 0.0315473544 -7.805071537739999 -0.81399756294 -0.81399756294 0.02170378116 -0.00927290394 -0.00927290394 2.1681394194599997 2.4399153446399997 0.09985147794 0.017217214199999997 -0.00164158488 -0.00551161314 0.02269078272 -0.00547221942 -0.00759354426 1.21104875556 0.02643264648 -1.1511263205 2.1681394194599997 0.09985147794 2.4399153446399997 0.017217214199999997 -0.00551161314 -0.00164158488 0.02269078272 -0.00759354426 -0.00547221942 1.21104875556 -1.1511263205 0.02643264648 0.028611982619999997 -0.01288552392 -0.01288552392 0.09592020054 -0.0122714136 -0.0122714136 0.019735444260000002 0.01242305244 0.01242305244 0.054454262940000005 -0.0649564668 -0.0649564668 0.05631626901612421 -0.0068489694389906215 0.00873202814477783 -0.054576071273011895 -0.09373828035034297 -0.005896695668291385 0.12272950517974184 -0.10889427651868862 -0.10889427651868862 0.05390434618945974 -0.03278917755298996 -0.03278917755298996 0.12372276691466254 -0.0051055881646766416 -0.0051055881646766416 0.027744474422545243 0.004899454519368574 0.004899454519368574 0.19510111792868318 -0.2627101679999277 0.06106092433081163 -0.016976180132899886 -0.00046041820004137754 0.008288721424945421 0.05631626901612421 0.00873202814477783 -0.0068489694389906215 -0.054576071273011895 -0.005896695668291385 -0.09373828035034297 -0.09647293365257663 -0.002452910790885956 -0.002452910790885956 0.10065808335857072 -0.009719718700095633 -0.009719718700095633 0.023362741664848086 -0.01099870236036615 -0.01099870236036615 -0.006662334922292777 -0.006224201440663083 -0.006224201440663083 0.19510111792868318 0.06106092433081163 -0.2627101679999277 -0.016976180132899886 0.008288721424945421 -0.00046041820004137754
-0.01132002828 0.013724124479999999 0.00609280542 -0.024178840019999998 0.00013922712 0.00907728444 -0.81399756294 -5.85040695678 -1.2193195480199999 -0.00927290394 0.05265969012 0.03555040392 2.5786729778399997 2.1681394194599997 0.11797906481999998 -0.0443327751 0.017217214199999997 0.03827153862 0.03028027968 8.823114e-05 0.00547221942 0.03909799728 -0.02966697882 -0.02643264648 -0.11797906481999998 0.06333916571999999 -0.09985147794 -0.03827153862 0.05885475732 0.00551161314 0.027037313099999998 0.02269078272 -0.03028027968 -1.4356285758 1.21104875556 -0.03909799728 -0.01288552392 -0.00200017566 -0.029449503900000003 -0.0122714136 0.07708946274 -0.05165515026 0.0097512948 0.01422302166 -0.01029741048 0.13974679331999998 1.16785596996 1.3771094745599999 0.02337348608265372 -0.007571631021769483 -0.003738659454960019 -0.050324863294583175 0.07538363120712041 0.05348292624663881 0.0473912392922452 0.19365181534912337 0.1691692665840882 -0.011259353977502799 -0.012733328923875539 -0.0066225407822719145 0.014390754855744457 0.05632860519953068 -0.016466019257832427 0.01112007448742978 0.004563989918992705 -0.013529211724292787 -0.19476565332830728 0.28155786653800874 -0.037597901433110974 0.012111346515349461 -0.01761686578723577 0.000912479630678374 -0.035203090086655474 0.04358771538905118 0.0044489848543324126 -0.028518072504550806 0.036101641768326545 0.06720951690543507 0.032947956171673204 -0.048562778774459386 -0.00420982207280703 -0.041789020260108195 0.026123659099495516 0.0005157320546703763 -0.013613973242537224 0.003566350828669685 0.012781081891900574 -0.017753359687507325 0.26901793713463457 -0.4236635364353087 -0.03498820173054282 0.17471179440619392 0.09281266865345772 0.007333264123044516 -0.00549636661968151 -0.013115750609476026
-0.01132002828 0.00609280542 0.013724124479999999 -0.024178840019999998 0.00907728444 0.00013922712 -0.81399756294 -1.2193195480199999 -5.85040695678 -0.00927290394 0.03555040392 0.05265969012 -0.11797906481999998 -0.09985147794 0.06333916571999999 -0.03827153862 0.00551161314 0.05885475732 0.027037313099999998 -0.03028027968 0.02269078272 -1.4356285758 -0.03909799728 1.21104875556 2.5786729778399997 0.11797906481999998 2.1681394194599997 -0.0443327751 0.03827153862 0.017217214199999997 0.03028027968 0.00547221942 8.823114e-05 0.03909799728 -0.02643264648 -0.02966697882 -0.01288552392 -0.029449503900000003 -0.00200017566 -0.0122714136 -0.05165515026 0.07708946274 0.0097512948 -0.01029741048 0.01422302166 0.13974679331999998 1.3771094745599999 1.16785596996 -0.035203090086655474 0.0044489848543324126 0.04358771538905118 -0.028518072504550806 0.06720951690543507 0.036101641768326545 0.0473912392922452 0.1691692665840882 0.19365181534912337 -0.011259353977502799 -0.0066225407822719145 -0.012733328923875539 0.014390754855744457 -0.016466019257832427 0.05632860519953068 0.01112007448742978 -0.013529211724292787 0.004563989918992705 -0.03498820173054282 0.09281266865345772 0.17471179440619392 0.007333264123044516 -0.013115750609476026 -0.00549636661968151 0.02337348608265372 -0.003738659454960019 -0.007571631021769483 -0.050324863294583175 0.05348292624663881 0.07538363120712041 0.032947956171673204 -0.00420982207280703 -0.048562778774459386 -0.041789020260108195 0.0005157320546703763 0.026123659099495516 -0.013613973242537224 0.012781081891900574 0.003566350828669685 -0.017753359687507325 -0.4236635364353087 0.26901793713463457 -0.19476565332830728 -0.037597901433110974 0.28155786653800874 0.012111346515349461 0.000912479630678374 -0.01761686578723577
0.03512327886 0.0315473544 0.0315473544 0.03326718708 -0.00734692878 -0.00734692878 0.02170378116 -0.00927290394 -0.00927290394 -7.805071537739999 -0.81399756294 -0.81399756294 0.017217214199999997 -0.00164158488 -0.00551161314 2.1681394194599997 2.4399153446399997 0.09985147794 1.21104875556 0.02643264648 -1.1511263205 0.02269078272 -0.00547221942 -0.00759354426 0.017217214199999997 -0.00551161314 -0.00164158488 2.1681394194599997 0.09985147794 2.4399153446399997 1.21104875556 -1.1511263205 0.02643264648 0.02269078272 -0.00759354426 -0.00547221942 0.09592020054 -0.0122714136 -0.0122714136 0.028611982619999997 -0.01288552392 -0.01288552392 0.054454262940000005 -0.0649564668 -0.0649564668 0.019735444260000002 0.01242305244 0.01242305244 -0.054576071273011895 -0.09373828035034297 -0.005896695668291385 0.05631626901612421 -0.0068489694389906215 0.00873202814477783 0.05390434618945974 -0.03278917755298996 -0.03278917755298996 0.12272950517974184 -0.10889427651868862 -0.10889427651868862 0.027744474422545243 0.004899454519368574 0.004899454519368574 0.12372276691466254 -0.0051055881646766416 -0.0051055881646766416 -0.016976180132899886 -0.00046041820004137754 0.008288721424945421 0.19510111792868318 -0.2627101679999277 0.06106092433081163 -0.054576071273011895 -0.005896695668291385 -0.09373828035034297 0.05631626901612421 0.00873202814477783 -0.0068489694389906215 0.10065808335857072 -0.009719718700095633 -0.009719718700095633 -0.09647293365257663 -0.002452910790885956 -0.002452910790885956 -0.006662334922292777 -0.006224201440663083 -0.006224201440663083 0.023362741664848086 -0.01099870236036615 -0.01099870236036615 -0.016976180132899886 0.008288721424945421 -0.00046041820004137754 0.19510111792868318 0.06106092433081163 -0.2627101679999277
-0.024178840019999998 0.00013922712 0.00907728444 -0.01132002828 0.013724124479999999 0.00609280542 -0.00927290394 0.05265969012 0.03555040392 -0.81399756294 -5.85040695678 -1.2193195480199999 -0.0443327751 0.017217214199999997 0.03827153862 2.5786729778399997 2.1681394194599997 0.11797906481999998 0.03909799728 -0.02966697882 -0.02643264648 0.03028027968 8.823114e-05 0.00547221942 -0.03827153862 0.05885475732 0.00551161314 -0.11797906481999998 0.06333916571999999 -0.09985147794 -1.4356285758 1.21104875556 -0.03909799728 0.027037313099999998 0.02269078272 -0.03028027968 -0.0122714136 0.07708946274 -0.05165515026 -0.01288552392 -0.00200017566 -0.029449503900000003 0.13974679331999998 1.16785596996 1.3771094745599999 0.0097512948 0.01422302166 -0.01029741048 -0.050324863294583175 0.07538363120712041 0.05348292624663881 0.02337348608265372 -0.007571631021769483 -0.003738659454960019 -0.011259353977502799 -0.012733328923875539 -0.0066225407822719145 0.0473912392922452 0.19365181534912337 0.1691692665840882 0.01112007448742978 0.004563989918992705 -0.013529211724292787 0.014390754855744457 0.05632860519953068 -0.016466019257832427 0.012111346515349461 -0.01761686578723577 0.000912479630678374 -0.19476565332830728 0.28155786653800874 -0.037597901433110974 -0.028518072504550806 0.036101641768326545 0.06720951690543507 -0.035203090086655474 0.04358771538905118 0.0044489848543324126 -0.041789020260108195 0.026123659099495516 0.0005157320546703763 0.032947956171673204 -0.048562778774459386 -0.00420982207280703 -0.017753359687507325 0.26901793713463457 -0.4236635364353087 -0.013613973242537224 0.003566350828669685 0.012781081891900574 0.007333264123044516 -0.00549636661968151 -0.013115750609476026 -0.03498820173054282 0.17471179440619392 0.09281266865345772
-0.024178840019999998 0.00907728444 0.00013922712 -0.01132002828 0.00609280542 0.013724124479999999 -0.00927290394 0.03555040392 0.05265969012 -0.81399756294 -1.2193195480199999 -5.85040695678 -0.03827153862 0.00551161314 0.05885475732 -0.11797906481999998 -0.09985147794 0.06333916571999999 -1.4356285758 -0.03909799728 1.21104875556 0.027037313099999998 -0.03028027968 0.02269078272 -0.0443327751 0.03827153862 0.017217214199999997 2.5786729778399997 0.11797906481999998 2.1681394194599997 0.03909799728 -0.02643264648 -0.02966697882 0.03028027968 0.00547221942 8.823114e-05 -0.0122714136 -0.05165515026 0.07708946274 -0.01288552392 -0.029449503900000003 -0.00200017566 0.13974679331999998 1.3771094745599999 1.16785596996 0.0097512948 -0.01029741048 0.01422302166 -0.028518072504550806 0.06720951690543507 0.036101641768326545 -0.035203090086655474 0.0044489848543324126 0.04358771538905118 -0.011259353977502799 -0.0066225407822719145 -0.012733328923875539 0.0473912392922452 0.1691692665840882 0.19365181534912337 0.01112007448742978 -0.013529211724292787 0.004563989918992705 0.014390754855744457 -0.016466019257832427 0.05632860519953068 0.007333264123044516 -0.013115750609476026 -0.00549636661968151 -0.03498820173054282 0.09281266865345772 0.17471179440619392 -0.050324863294583175 0.05348292624663881 0.07538363120712041 0.02337348608265372 -0.003738659454960019 -0.007571631021769483 -0.041789020260108195 0.0005157320546703763 0.026123659099495516 0.032947956171673204 -0.00420982207280703 -0.048562778774459386 -0.017753359687507325 -0.4236635364353087 0.26901793713463457 -0.013613973242537224 0.012781081891900574 0.003566350828669685 0.012111346515349461 0.000912479630678374 -0.01761686578723577 -0.19476565332830728 -0.037597901433110974 0.28155786653800874
0.013724124479999999 -0.01132002828 -0.00609280542 0.00013922712 -0.024178840019999998 -0.00907728444 2.1681394194599997 2.5786729778399997 -0.11797906481999998 0.017217214199999997 -0.0443327751 -0.03827153862 -5.85040695678 -0.81399756294 1.2193195480199999 0.05265969012 -0.00927290394 -0.03555040392 8.823114e-05 0.03028027968 -0.00547221942 -0.02966697882 0.03909799728 0.02643264648 0.06333916571999999 -0.11797906481999998 0.09985147794 0.05885475732 -0.03827153862 -0.00551161314 -0.00200017566 -0.01288552392 0.029449503900000003 0.07708946274 -0.0122714136 0.05165515026 0.02269078272 0.027037313099999998 0.03028027968 1.21104875556 -1.4356285758 0.03909799728 0.01422302166 0.0097512948 0.01029741048 1.16785596996 0.13974679331999998 -1.3771094745599999 -0.007571631021769483 0.02337348608265372 0.003738659454960019 0.07538363120712041 -0.050324863294583175 -0.05348292624663881 0.19365181534912337 0.0473912392922452 -0.1691692665840882 -0.012733328923875539 -0.011259353977502799 0.0066225407822719145 0.28155786653800874 -0.19476565332830728 0.037597901433110974 -0.01761686578723577 0.012111346515349461 -0.000912479630678374 0.05632860519953068 0.014390754855744457 0.016466019257832427 0.004563989918992705 0.01112007448742978 0.013529211724292787 -0.048562778774459386 0.032947956171673204 0.00420982207280703 0.026123659099495516 -0.041789020260108195 -0.0005157320546703763 0.04358771538905118 -0.035203090086655474 -0.0044489848543324126 0.036101641768326545 -0.028518072504550806 -0.06720951690543507 0.003566350828669685 -0.013613973242537224 -0.012781081891900574 0.26901793713463457 -0.017753359687507325 0.4236635364353087 0.17471179440619392 -0.03498820173054282 -0.09281266865345772 -0.00549636661968151 0.007333264123044516 0.013115750609476026
-0.00734692878 0.03326718708 0.00734692878 0.0315473544 0.03512327886 -0.0315473544 2.4399153446399997 2.1681394194599997 -0.09985147794 -0.00164158488 0.017217214199999997 0.00551161314 -0.81399756294 -7.805071537739999 0.81399756294 -0.00927290394 0.02170378116 0.00927290394 -0.00547221942 0.02269078272 0.00759354426 0.02643264648 1.21104875556 1.1511263205 0.09985147794 2.1681394194599997 -2.4399153446399997 -0.00551161314 0.017217214199999997 0.00164158488 -0.01288552392 0.028611982619999997 0.01288552392 -0.0122714136 0.09592020054 0.0122714136 -0.00759354426 0.02269078272 0.00547221942 -1.1511263205 1.21104875556 -0.02643264648 0.01242305244 0.019735444260000002 -0.01242305244 -0.0649564668 0.054454262940000005 0.0649564668 -0.0068489694389906215 0.05631626901612421 -0.00873202814477783 -0.09373828035034297 -0.054576071273011895 0.005896695668291385 -0.10889427651868862 0.12272950517974184 0.10889427651868862 -0.03278917755298996 0.05390434618945974 0.03278917755298996 -0.2627101679999277 0.19510111792868318 -0.06106092433081163 -0.00046041820004137754 -0.016976180132899886 -0.008288721424945421 -0.0051055881646766416 0.12372276691466254 0.0051055881646766416 0.004899454519368574 0.027744474422545243 -0.004899454519368574 -0.002452910790885956 -0.09647293365257663 0.002452910790885956 -0.009719718700095633 0.10065808335857072 0.009719718700095633 0.00873202814477783 0.05631626901612421 0.0068489694389906215 -0.005896695668291385 -0.054576071273011895 0.09373828035034297 -0.01099870236036615 0.023362741664848086 0.01099870236036615 -0.006224201440663083 -0.006662334922292777 0.006224201440663083 0.06106092433081163 0.19510111792868318 0.2627101679999277 0.008288721424945421 -0.016976180132899886 0.00046041820004137754
-0.00609280542 0.01132002828 0.013724124479999999 -0.00907728444 0.024178840019999998 0.00013922712 0.09985147794 0.11797906481999998 0.06333916571999999 -0.00551161314 0.03827153862 0.05885475732 1.2193195480199999 0.81399756294 -5.85040695678 -0.03555040392 0.00927290394 0.05265969012 0.03028027968 -0.027037313099999998 0.02269078272 0.03909799728 1.4356285758 1.21104875556 -0.11797906481999998 -2.5786729778399997 2.1681394194599997 -0.03827153862 0.0443327751 0.017217214199999997 0.029449503900000003 0.01288552392 -0.00200017566 0.05165515026 0.0122714136 0.07708946274 -0.00547221942 -0.03028027968 8.823114e-05 0.02643264648 -0.03909799728 -0.02966697882 0.01029741048 -0.0097512948 0.01422302166 -1.3771094745599999 -0.13974679331999998 1.16785596996 -0.0044489848543324126 0.035203090086655474 0.04358771538905118 -0.06720951690543507 0.028518072504550806 0.036101641768326545 -0.1691692665840882 -0.0473912392922452 0.19365181534912337 0.0066225407822719145 0.011259353977502799 -0.012733328923875539 -0.09281266865345772 0.03498820173054282 0.17471179440619392 0.013115750609476026 -0.007333264123044516 -0.00549636661968151 0.016466019257832427 -0.014390754855744457 0.05632860519953068 0.013529211724292787 -0.01112007448742978 0.004563989918992705 0.00420982207280703 -0.032947956171673204 -0.048562778774459386 -0.0005157320546703763 0.041789020260108195 0.026123659099495516 0.003738659454960019 -0.02337348608265372 -0.007571631021769483 -0.05348292624663881 0.050324863294583175 0.07538363120712041 -0.012781081891900574 0.013613973242537224 0.003566350828669685 0.4236635364353087 0.017753359687507325 0.26901793713463457 0.037597901433110974 0.19476565332830728 0.28155786653800874 -0.000912479630678374 -0.012111346515349461 -0.01761686578723577
0.00013922712 -0.024178840019999998 -0.00907728444 0.013724124479999999 -0.01132002828 -0.00609280542 0.017217214199999997 -0.0443327751 -0.03827153862 2.1681394194599997 2.5786729778399997 -0.11797906481999998 0.05265969012 -0.00927290394 -0.03555040392 -5.85040695678 -0.81399756294 1.2193195480199999 -0.02966697882 0.03909799728 0.02643264648 8.823114e-05 0.03028027968 -0.00547221942 0.05885475732 -0.03827153862 -0.00551161314 0.06333916571999999 -0.11797906481999998 0.09985147794 0.07708946274 -0.0122714136 0.05165515026 -0.00200017566 -0.01288552392 0.029449503900000003 1.21104875556 -1.4356285758 0.03909799728 0.02269078272 0.027037313099999998 0.03028027968 1.16785596996 0.13974679331999998 -1.3771094745599999 0.01422302166 0.0097512948 0.01029741048 0.07538363120712041 -0.050324863294583175 -0.05348292624663881 -0.007571631021769483 0.02337348608265372 0.003738659454960019 -0.012733328923875539 -0.011259353977502799 0.0066225407822719145 0.19365181534912337 0.0473912392922452 -0.1691692665840882 -0.01761686578723577 0.012111346515349461 -0.000912479630678374 0.28155786653800874 -0.19476565332830728 0.037597901433110974 0.004563989918992705 0.01112007448742978 0.013529211724292787 0.05632860519953068 0.014390754855744457 0.016466019257832427 0.026123659099495516 -0.041789020260108195 -0.0005157320546703763 -0.048562778774459386 0.032947956171673204 0.00420982207280703 0.036101641768326545 -0.028518072504550806 -0.06720951690543507 0.04358771538905118 -0.035203090086655474 -0.0044489848543324126 0.26901793713463457 -0.017753359687507325 0.4236635364353087 0.003566350828669685 -0.013613973242537224 -0.012781081891900574 -0.00549636661968151 0.007333264123044516 0.013115750609476026 0.17471179440619392 -0.03498820173054282 -0.09281266865345772
0.0315473544 0.03512327886 -0.0315473544 -0.00734692878 0.03326718708 0.00734692878 -0.00164158488 0.017217214199999997 0.00551161314 2.4399153446399997 2.1681394194599997 -0.09985147794 -0.00927290394 0.02170378116 0.00927290394 -0.81399756294 -7.805071537739999 0.81399756294 0.02643264648 1.21104875556 1.1511263205 -0.00547221942 0.02269078272 0.00759354426 -0.00551161314 0.017217214199999997 0.00164158488 0.09985147794 2.1681394194599997 -2.4399153446399997 -0.0122714136 0.09592020054 0.0122714136 -0.01288552392 0.028611982619999997 0.01288552392 -1.1511263205 1.21104875556 -0.02643264648 -0.00759354426 0.02269078272 0.00547221942 -0.0649564668 0.054454262940000005 0.0649564668 0.01242305244 0.019735444260000002 -0.01242305244 -0.09373828035034297 -0.054576071273011895 0.005896695668291385 -0.0068489694389906215 0.05631626901612421 -0.00873202814477783 -0.03278917755298996 0.05390434618945974 0.03278917755298996 -0.10889427651868862 0.12272950517974184 0.10889427651868862 -0.00046041820004137754 -0.016976180132899886 -0.008288721424945421 -0.2627101679999277 0.19510111792868318 -0.06106092433081163 0.004899454519368574 0.027744474422545243 -0.004899454519368574 -0.0051055881646766416 0.12372276691466254 0.0051055881646766416 -0.009719718700095633 0.10065808335857072 0.009719718700095633 -0.002452910790885956 -0.09647293365257663 0.002452910790885956 -0.005896695668291385 -0.054576071273011895 0.09373828035034297 0.00873202814477783 0.05631626901612421 0.0068489694389906215 -0.006224201440663083 -0.006662334922292777 0.006224201440663083 -0.01099870236036615 0.023362741664848086 0.01099870236036615 0.008288721424945421 -0.016976180132899886 0.00046041820004137754 0.06106092433081163 0.19510111792868318 0.2627101679999277
-0.00907728444 0.024178840019999998 0.00013922712 -0.00609280542 0.01132002828 0.013724124479999999 -0.00551161314 0.03827153862 0.05885475732 0.09985147794 0.11797906481999998 0.06333916571999999 -0.03555040392 0.00927290394 0.05265969012 1.2193195480199999 0.81399756294 -5.85040695678 0.03909799728 1.4356285758 1.21104875556 0.03028027968 -0.027037313099999998 0.02269078272 -0.03827153862 0.0443327751 0.017217214199999997 -0.11797906481999998 -2.5786729778399997 2.1681394194599997 0.05165515026 0.0122714136 0.07708946274 0.029449503900000003 0.01288552392 -0.00200017566 0.02643264648 -0.03909799728 -0.02966697882 -0.00547221942 -0.03028027968 8.823114e-05 -1.3771094745599999 -0.13974679331999998 1.16785596996 0.01029741048 -0.0097512948 0.01422302166 -0.06720951690543507 0.028518072504550806 0.036101641768326545 -0.0044489848543324126 0.035203090086655474 0.04358771538905118 0.0066225407822719145 0.011259353977502799 -0.012733328923875539 -0.1691692665840882 -0.0473912392922452 0.19365181534912337 0.013115750609476026 -0.007333264123044516 -0.00549636661968151 -0.09281266865345772 0.03498820173054282 0.17471179440619392 0.013529211724292787 -0.01112007448742978 0.004563989918992705 0.016466019257832427 -0.014390754855744457 0.05632860519953068 -0.0005157320546703763 0.041789020260108195 0.026123659099495516 0.00420982207280703 -0.032947956171673204 -0.048562778774459386 -0.05348292624663881 0.050324863294583175 0.07538363120712041 0.003738659454960019 -0.02337348608265372 -0.007571631021769483 0.4236635364353087 0.017753359687507325 0.26901793713463457 -0.012781081891900574 0.013613973242537224 0.003566350828669685 -0.000912479630678374 -0.012111346515349461 -0.01761686578723577 0.037597901433110974 0.19476565332830728 0.28155786653800874
1.16785596996 -1.3771094745599999 0.13974679331999998 0.01422302166 0.01029741048 0.0097512948 0.02269078272 0.03028027968 0.027037313099999998 1.21104875556 0.03909799728 -1.4356285758 8.823114e-05 -0.00547221942 0.03028027968 -0.02966697882 0.02643264648 0.03909799728 -5.85040695678 1.2193195480199999 -0.81399756294 0.05265969012 -0.03555040392 -0.00927290394 -0.00200017566 0.029449503900000003 -0.01288552392 0.07708946274 0.05165515026 -0.0122714136 0.06333916571999999 0.09985147794 -0.11797906481999998 0.05885475732 -0.00551161314 -0.03827153862 2.1681394194599997 -0.11797906481999998 2.5786729778399997 0.017217214199999997 -0.03827153862 -0.0443327751 0.00013922712 -0.00907728444 -0.024178840019999998 0.013724124479999999 -0.00609280542 -0.01132002828 0.004563989918992705 0.013529211724292787 0.01112007448742978 0.05632860519953068 0.016466019257832427 0.014390754855744457 0.003566350828669685 -0.012781081891900574 -0.013613973242537224 0.26901793713463457 0.4236635364353087 -0.017753359687507325 0.036101641768326545 -0.06720951690543507 -0.028518072504550806 0.04358771538905118 -0.0044489848543324126 -0.035203090086655474 0.07538363120712041 -0.05348292624663881 -0.050324863294583175 -0.007571631021769483 0.003738659454960019 0.02337348608265372 -0.00549636661968151 0.013115750609476026 0.007333264123044516 0.17471179440619392 -0.09281266865345772 -0.03498820173054282 -0.01761686578723577 -0.000912479630678374 0.012111346515349461 0.28155786653800874 0.037597901433110974 -0.19476565332830728 0.19365181534912337 -0.1691692665840882 0.0473912392922452 -0.012733328923875539 0.0066225407822719145 -0.011259353977502799 0.026123659099495516 -0.0005157320546703763 -0.041789020260108195 -0.048562778774459386 0.00420982207280703 0.032947956171673204
-1.3771094745599999 1.16785596996 -0.13974679331999998 0.01029741048 0.01422302166 -0.0097512948 -0.00547221942 8.823114e-05 -0.03028027968 0.02643264648 -0.02966697882 -0.03909799728 0.03028027968 0.02269078272 -0.027037313099999998 0.03909799728 1.21104875556 1.4356285758 1.2193195480199999 -5.85040695678 0.81399756294 -0.03555040392 0.05265969012 0.00927290394 0.029449503900000003 -0.00200017566 0.01288552392 0.05165515026 0.07708946274 0.0122714136 -0.11797906481999998 2.1681394194599997 -2.5786729778399997 -0.03827153862 0.017217214199999997 0.0443327751 0.09985147794 0.06333916571999999 0.11797906481999998 -0.00551161314 0.05885475732 0.03827153862 -0.00907728444 0.00013922712 0.024178840019999998 -0.00609280542 0.013724124479999999 0.01132002828 0.013529211724292787 0.004563989918992705 -0.01112007448742978 0.016466019257832427 0.05632860519953068 -0.014390754855744457 -0.012781081891900574 0.003566350828669685 0.013613973242537224 0.4236635364353087 0.26901793713463457 0.017753359687507325 -0.05348292624663881 0.07538363120712041 0.050324863294583175 0.003738659454960019 -0.007571631021769483 -0.02337348608265372 -0.06720951690543507 0.036101641768326545 0.028518072504550806 -0.0044489848543324126 0.04358771538905118 0.035203090086655474 -0.000912479630678374 -0.01761686578723577 -0.012111346515349461 0.037597901433110974 0.28155786653800874 0.19476565332830728 0.013115750609476026 -0.00549636661968151 -0.007333264123044516 -0.09281266865345772 0.17471179440619392 0.03498820173054282 -0.1691692665840882 0.19365181534912337 -0.0473912392922452 0.0066225407822719145 -0.012733328923875539 0.011259353977502799 -0.0005157320546703763 0.026123659099495516 0.041789020260108195 0.00420982207280703 -0.048562778774459386 -0.032947956171673204
-0.0649564668 0.0649564668 0.054454262940000005 0.01242305244 -0.01242305244 0.019735444260000002 -0.00759354426 0.00547221942 0.02269078272 -1.1511263205 -0.02643264648 1.21104875556 -0.00547221942 0.00759354426 0.02269078272 0.02643264648 1.1511263205 1.21104875556 -0.81399756294 0.81399756294 -7.805071537739999 -0.00927290394 0.00927290394 0.02170378116 -0.01288552392 0.01288552392 0.028611982619999997 -0.0122714136 0.0122714136 0.09592020054 0.09985147794 -2.4399153446399997 2.1681394194599997 -0.00551161314 0.00164158488 0.017217214199999997 2.4399153446399997 -0.09985147794 2.1681394194599997 -0.00164158488 0.00551161314 0.017217214199999997 0.0315473544 -0.0315473544 0.03512327886 -0.00734692878 0.00734692878 0.03326718708 0.004899454519368574 -0.004899454519368574 0.027744474422545243 -0.0051055881646766416 0.0051055881646766416 0.12372276691466254 -0.01099870236036615 0.01099870236036615 0.023362741664848086 -0.006224201440663083 0.006224201440663083 -0.006662334922292777 -0.005896695668291385 0.09373828035034297 -0.054576071273011895 0.00873202814477783 0.0068489694389906215 0.05631626901612421 -0.09373828035034297 0.005896695668291385 -0.054576071273011895 -0.0068489694389906215 -0.00873202814477783 0.05631626901612421 0.008288721424945421 0.00046041820004137754 -0.016976180132899886 0.06106092433081163 0.2627101679999277 0.19510111792868318 -0.00046041820004137754 -0.008288721424945421 -0.016976180132899886 -0.2627101679999277 -0.06106092433081163 0.19510111792868318 -0.10889427651868862 0.10889427651868862 0.12272950517974184 -0.03278917755298996 0.03278917755298996 0.05390434618945974 -0.009719718700095633 0.009719718700095633 0.10065808335857072 -0.002452910790885956 0.002452910790885956 -0.09647293365257663
