4.542322 0.000000 0.000000
0.000000 6.266514 0.000000
0.000000 0.000000 6.998064
0.000000 0.000000 6.998064
-4.542322 6.266514 0.000000
-4.542322 -6.266514 0.000000
32 2
direct
0.250000 0.049135 0.036793 Al
0.250000 0.549135 0.536793 Al
0.444565 0.403014 0.228383 Al
0.444565 0.903013 0.728383 Al
0.055435 0.403014 0.228383 Al
0.055435 0.903013 0.728383 Al
0.555435 0.228383 0.903014 Al
0.555435 0.728383 0.403013 Al
0.444565 0.771617 0.096987 Al
0.444565 0.271617 0.596986 Al
0.944565 0.596987 0.771616 Al
0.944565 0.096987 0.271616 Al
0.055435 0.771617 0.096987 Al
0.055435 0.271617 0.596986 Al
0.555435 0.596987 0.771616 Al
0.555435 0.096987 0.271616 Al
0.944565 0.228383 0.903014 Al
0.944565 0.728383 0.403013 Al
0.250000 0.463206 0.950865 Al
0.250000 0.963206 0.450865 Al
0.750000 0.950865 0.963206 Al
0.750000 0.450865 0.463206 Al
0.750000 0.536794 0.049136 Al
0.750000 0.036793 0.549135 Al
0.250000 0.716426 0.842385 Ni
0.250000 0.216426 0.342385 Ni
0.250000 0.657615 0.283574 Ni
0.250000 0.157615 0.783574 Ni
0.750000 0.283574 0.157615 Ni
0.750000 0.783574 0.657615 Ni
0.750000 0.342385 0.716426 Ni
0.750000 0.842385 0.216426 Ni
-12.25229658318 -3.14389326294 0.0 0.44499308003999993 0.02281166208 0.0 0.49187052755999994 -0.30590113986 -0.35365523256 1.60135930494 0.9470182833 1.20193639452 0.49187052755999994 -0.30590113986 0.35365523256 1.60135930494 0.9470182833 -1.20193639452 -0.0809136216 -0.11309424354 -0.10376953416 0.046436831459999994 -0.03931736094 0.0046676161800000004 0.11122762877999999 -0.8171296334999999 0.52489379736 0.24598275209999998 0.20187015012 -0.13381426098 0.1716959097 -0.024733589939999998 -0.1820327139 0.36070967646 0.5010449471999999 0.86656416516 0.11122762877999999 -0.8171296334999999 -0.52489379736 0.24598275209999998 0.20187015012 0.13381426098 0.1716959097 -0.024733589939999998 0.1820327139 0.36070967646 0.5010449471999999 -0.86656416516 -0.0809136216 -0.11309424354 0.10376953416 0.046436831459999994 -0.03931736094 -0.0046676161800000004 0.10306071702 -0.20301067926 -0.0 0.10306071702 0.20642552118 0.0 0.09775362743999999 0.01250723628 0.0 -0.0465318081 0.06208234416 0.0 0.048041720819999995 0.02157939414 0.0 0.048041720819999995 -0.027650344139999998 -0.0 0.9666139869971544 -0.3232354632060585 0.0 4.0317166341398565 1.463716415016764 0.0 0.011378338456165175 0.01630644475634877 0.0 0.3427003688558631 1.1488281706214816 0.0 0.09255917998152481 0.06042779956307971 0.0 -0.010609117729561905 -0.05861995178193194 -0.0 0.1654505041991386 0.017611294607632846 0.0 0.03512867504481646 0.041539511002177384 0.0
-3.14389326294 -10.742680935 0.0 0.02281166208 0.0121864203 0.0 -0.39327533154 0.0770093262 0.20728894518 0.8601845410800001 0.12087504287999999 0.5585578896600001 -0.39327533154 0.0770093262 -0.20728894518 0.8601845410800001 0.12087504287999999 -0.5585578896600001 -0.11981950704000001 0.41511887946 0.59166750186 0.015057035279999999 -0.05388521256 0.00720878094 -0.7067473507800001 1.4074550506799999 -1.2088969410600001 0.10626833718 0.1934272125 0.007784307000000001 -0.12911615514 0.06045236154 0.02782815552 0.15176403648 0.29655727326 0.43040526174000004 -0.7067473507800001 1.4074550506799999 1.2088969410600001 0.10626833718 0.1934272125 -0.007784307000000001 -0.12911615514 0.06045236154 -0.02782815552 0.15176403648 0.29655727326 -0.43040526174000004 -0.11981950704000001 0.41511887946 -0.59166750186 0.015057035279999999 -0.05388521256 -0.00720878094 -0.20642552118 0.25369771535999996 0.0 0.20301067926 0.25369771535999996 -0.0 0.01250723628 -0.03581752572 0.0 0.06208234416 0.09672048666000001 -0.0 0.027650344139999998 -0.08090390807999999 0.0 -0.02157939414 -0.08090390807999999 0.0 -0.3453745350652651 0.3312531865374619 0.0 2.2536444203212893 0.8270233067491729 0.0 -0.030333879113702757 0.2558353323699235 0.0 1.1430154405886341 3.997343251872636 0.0 -0.03457036326032376 -1.7111480208970816e-05 0.0 -0.019482415071413794 -0.05965101794987247 0.0 0.029782332333013604 -0.10537448483384333 0.0 0.02010041806593779 0.19436691604529827 0.0
0.0 0.0 -5.60995632414 0.0 0.0 0.09624128634000001 -0.33283160424 0.09998611812 0.08395881012 1.2701830464 0.5739497715599999 0.54310664736 0.33283160424 -0.09998611812 0.08395881012 -1.2701830464 -0.5739497715599999 0.54310664736 -0.06645909438 0.6020150988599999 0.51496684974 -0.010197577079999999 -0.0030287295 -0.0156036906 0.35360612532 -0.81301245012 0.53302428342 -0.04014274032 0.08272249488 0.00855842058 -0.10975279266 -0.01573914024 0.0414187191 0.59429419956 0.7326883852199999 1.028742714 -0.35360612532 0.81301245012 0.53302428342 0.04014274032 -0.08272249488 0.00855842058 0.10975279266 0.01573914024 0.0414187191 -0.59429419956 -0.7326883852199999 1.028742714 0.06645909438 -0.6020150988599999 0.51496684974 0.010197577079999999 0.0030287295 -0.0156036906 0.0 0.0 -0.07835950548 -0.0 0.0 -0.07835950548 0.0 0.0 -0.19035288341999998 0.0 -0.0 -0.12308217047999999 -0.0 0.0 0.02398052232 0.0 0.0 0.02398052232 -0.0 -0.0 0.043333430834317864 0.0 -0.0 -0.22575852340075553 0.0 0.0 0.04780748599686342 0.0 0.0 -0.10276717277967642 -0.0 0.0 0.4038683394233309 0.0 0.0 -0.03473869247261201 0.0 0.0 -0.0246047167748992 0.0 0.0 0.41144474574190293
0.44499308003999993 0.02281166208 0.0 -12.25229658318 -3.14389326294 0.0 1.60135930494 0.9470182833 1.20193639452 0.49187052755999994 -0.30590113986 -0.35365523256 1.60135930494 0.9470182833 -1.20193639452 0.49187052755999994 -0.30590113986 0.35365523256 0.046436831459999994 -0.03931736094 0.0046676161800000004 -0.0809136216 -0.11309424354 -0.10376953416 0.24598275209999998 0.20187015012 -0.13381426098 0.11122762877999999 -0.8171296334999999 0.52489379736 0.36070967646 0.5010449471999999 0.86656416516 0.1716959097 -0.024733589939999998 -0.1820327139 0.24598275209999998 0.20187015012 0.13381426098 0.11122762877999999 -0.8171296334999999 -0.52489379736 0.36070967646 0.5010449471999999 -0.86656416516 0.1716959097 -0.024733589939999998 0.1820327139 0.046436831459999994 -0.03931736094 -0.0046676161800000004 -0.0809136216 -0.11309424354 0.10376953416 0.10306071702 0.20642552118 0.0 0.10306071702 -0.20301067926 -0.0 -0.0465318081 0.06208234416 0.0 0.09775362743999999 0.01250723628 0.0 0.048041720819999995 -0.027650344139999998 -0.0 0.048041720819999995 0.02157939414 0.0 4.0317166341398565 1.463716415016764 0.0 0.9666139869971544 -0.3232354632060585 0.0 0.3427003688558631 1.1488281706214816 0.0 0.011378338456165175 0.01630644475634877 0.0 -0.010609117729561905 -0.05861995178193194 -0.0 0.09255917998152481 0.06042779956307971 0.0 0.03512867504481646 0.041539511002177384 0.0 0.1654505041991386 0.017611294607632846 0.0
0.02281166208 0.0121864203 0.0 -3.14389326294 -10.742680935 0.0 0.8601845410800001 0.12087504287999999 0.5585578896600001 -0.39327533154 0.0770093262 0.20728894518 0.8601845410800001 0.12087504287999999 -0.5585578896600001 -0.39327533154 0.0770093262 -0.20728894518 0.015057035279999999 -0.05388521256 0.00720878094 -0.11981950704000001 0.41511887946 0.59166750186 0.10626833718 0.1934272125 0.007784307000000001 -0.7067473507800001 1.4074550506799999 -1.2088969410600001 0.15176403648 0.29655727326 0.43040526174000004 -0.12911615514 0.06045236154 0.02782815552 0.10626833718 0.1934272125 -0.007784307000000001 -0.7067473507800001 1.4074550506799999 1.2088969410600001 0.15176403648 0.29655727326 -0.43040526174000004 -0.12911615514 0.06045236154 -0.02782815552 0.015057035279999999 -0.05388521256 -0.00720878094 -0.11981950704000001 0.41511887946 -0.59166750186 0.20301067926 0.25369771535999996 -0.0 -0.20642552118 0.25369771535999996 0.0 0.06208234416 0.09672048666000001 -0.0 0.01250723628 -0.03581752572 0.0 -0.02157939414 -0.08090390807999999 0.0 0.027650344139999998 -0.08090390807999999 0.0 2.2536444203212893 0.8270233067491729 0.0 -0.3453745350652651 0.3312531865374619 0.0 1.1430154405886341 3.997343251872636 0.0 -0.030333879113702757 0.2558353323699235 0.0 -0.019482415071413794 -0.05965101794987247 0.0 -0.03457036326032376 -1.7111480208970816e-05 0.0 0.02010041806593779 0.19436691604529827 0.0 0.029782332333013604 -0.10537448483384333 0.0
0.0 0.0 0.09624128634000001 0.0 0.0 -5.60995632414 1.2701830464 0.5739497715599999 0.54310664736 -0.33283160424 0.09998611812 0.08395881012 -1.2701830464 -0.5739497715599999 0.54310664736 0.33283160424 -0.09998611812 0.08395881012 -0.010197577079999999 -0.0030287295 -0.0156036906 -0.06645909438 0.6020150988599999 0.51496684974 -0.04014274032 0.08272249488 0.00855842058 0.35360612532 -0.81301245012 0.53302428342 0.59429419956 0.7326883852199999 1.028742714 -0.10975279266 -0.01573914024 0.0414187191 0.04014274032 -0.08272249488 0.00855842058 -0.35360612532 0.81301245012 0.53302428342 -0.59429419956 -0.7326883852199999 1.028742714 0.10975279266 0.01573914024 0.0414187191 0.010197577079999999 0.0030287295 -0.0156036906 0.06645909438 -0.6020150988599999 0.51496684974 -0.0 0.0 -0.07835950548 0.0 0.0 -0.07835950548 0.0 -0.0 -0.12308217047999999 0.0 0.0 -0.19035288341999998 0.0 0.0 0.02398052232 -0.0 0.0 0.02398052232 0.0 -0.0 -0.22575852340075553 -0.0 -0.0 0.043333430834317864 0.0 0.0 -0.10276717277967642 0.0 0.0 0.04780748599686342 0.0 0.0 -0.03473869247261201 -0.0 0.0 0.4038683394233309 0.0 0.0 0.41144474574190293 0.0 0.0 -0.0246047167748992
0.49187052755999994 -0.39327533154 -0.33283160424 1.60135930494 0.8601845410800001 1.2701830464 -12.02306668506 2.58337728954 -3.8733146676000003 0.15799957668 -0.00647864802 0.06456711654 -0.24940353005999996 0.02597611104 0.023281418699999997 0.12638881458 -0.0557164809 -0.00706982364 2.9252807818199997 1.57825111068 1.23165625806 2.9252807818199997 -1.08140995908 -1.13954051952 -0.00951466266 -0.12760975008 -0.00627898122 -0.00951466266 0.06278117796 -0.03532375512 -0.054425122379999996 -0.03061134882 0.033902883 0.12719962367999998 -0.13565902032 0.0262696752 -0.046933839899999996 -0.0403488828 0.0701154252 -0.046933839899999996 0.032119372800000004 0.054044406360000005 0.10674888660000001 0.00201339684 -0.02403205794 0.4175491482 -1.57837873554 0.5642030637000001 0.03516995772 0.08937976373999999 0.03808428354 0.03516995772 0.0279020862 0.12172659479999999 0.11122762877999999 0.7067473507800001 -0.35360612532 0.24598275209999998 -0.10626833718 0.04014274032 0.1716959097 -0.12911615514 0.10975279266 0.36070967646 0.15176403648 -0.59429419956 -0.0809136216 0.11981950704000001 0.06645909438 0.046436831459999994 -0.015057035279999999 0.010197577079999999 -0.06170917087175148 -0.031027888915666595 0.026881737466892944 0.19708405992592273 -0.4010067428144307 -0.28449785760275004 1.79459593457943 -1.5836758501096535 1.6452791685689496 0.1673514702679352 -0.1307711049951577 -0.0891894122045582 0.525955567183136 -0.3327132335348273 1.4382947245472364 0.2469369647198585 -0.047011205255045964 -0.0870580380650408 0.010276836660387706 -0.05762111886740828 0.027999952801479176 0.013849554551460728 0.050119923473475735 -0.014359715426528185
-0.30590113986 0.0770093262 0.09998611812 0.9470182833 0.12087504287999999 0.5739497715599999 2.58337728954 -10.37166467418 0.58112698356 -0.00647864802 0.14466129479999998 -0.0137419326 0.02597611104 -0.2379056904 -0.06946003242 -0.0557164809 0.05300748809999999 -0.0287830485 1.08140995908 0.35775217944 0.31227806574 -1.57825111068 0.35775217944 0.51453945486 -0.06278117796 0.11766121686 0.02987878752 0.12760975008 0.11766121686 -0.09210062862 -0.03061134882 0.055091307959999995 -0.04219499124 -0.13565902032 0.1367204922 0.04558851738 -0.032119372800000004 0.08115025374 -0.08617403232 0.0403488828 0.08115025374 0.202756239 0.00201339684 0.04250636352 0.0246156786 -1.57837873554 2.4392726334 -0.97364600964 -0.0279020862 -0.02333376378 0.040848859259999995 -0.08937976373999999 -0.02333376378 -0.05397776082 0.8171296334999999 1.4074550506799999 -0.81301245012 -0.20187015012 0.1934272125 0.08272249488 -0.024733589939999998 0.06045236154 0.01573914024 0.5010449471999999 0.29655727326 -0.7326883852199999 0.11309424354 0.41511887946 0.6020150988599999 0.03931736094 -0.05388521256 -0.0030287295 -0.10013598424149701 -0.006317717669712109 -0.0040406969777183645 -0.6154100083602332 2.6842584012526416 1.81954566654831 -1.7137230996978317 1.3691858333386056 -1.5519638999270284 0.18611918258457433 -0.03599419759027021 -0.1664131244462433 -0.23692237144220826 0.11786467156219141 -0.41791447702649465 0.06180786033900322 -0.05913966325060439 -0.061235620605503215 0.04888272366022712 0.14871945596876723 0.06689474525787005 -0.09784861707309785 0.11436517488875676 0.10503504081946538
-0.35365523256 0.20728894518 0.08395881012 1.20193639452 0.5585578896600001 0.54310664736 -3.8733146676000003 0.58112698356 -13.946655826799999 0.06456711654 -0.0137419326 0.04914528462 -0.023281418699999997 0.06946003242 2.4334294114799997 0.00706982364 0.0287830485 -0.01653214122 1.13954051952 0.51453945486 0.11809454778 -1.23165625806 0.31227806574 0.11809454778 0.03532375512 -0.09210062862 0.0111543588 0.00627898122 0.02987878752 0.0111543588 -0.033902883 0.04219499124 -0.03180341358 -0.0262696752 -0.04558851738 0.32785423469999997 0.054044406360000005 -0.202756239 0.08068589352 0.0701154252 0.08617403232 0.08068589352 -0.02403205794 0.0246156786 0.04530466674 0.5642030637000001 -0.97364600964 -0.0184759245 0.12172659479999999 0.05397776082 0.19297445453999998 0.03808428354 -0.040848859259999995 0.19297445453999998 -0.52489379736 -1.2088969410600001 0.53302428342 0.13381426098 0.007784307000000001 0.00855842058 0.1820327139 -0.02782815552 0.0414187191 -0.86656416516 -0.43040526174000004 1.028742714 0.10376953416 0.59166750186 0.51496684974 -0.0046676161800000004 0.00720878094 -0.0156036906 0.012726961861472203 0.009687485446678733 0.007819548514099455 -0.55369765395728 2.025925239641706 1.5504294378878238 1.8909244155037308 -1.622117387311207 1.679872214489085 0.09016516451786974 0.016753332948783055 0.0519918398200571 1.813892113075546 -0.6619062774434091 4.053909826029492 -0.15951799380482848 -0.014140051773613023 0.1436357545811021 0.022402907007544885 0.05022816353433247 0.10877728174702726 -0.06337694328002583 0.1326406336933378 0.08209849439424073
1.60135930494 0.8601845410800001 1.2701830464 0.49187052755999994 -0.39327533154 -0.33283160424 0.15799957668 -0.00647864802 0.06456711654 -12.02306668506 2.58337728954 -3.8733146676000003 0.12638881458 -0.0557164809 -0.00706982364 -0.24940353005999996 0.02597611104 0.023281418699999997 2.9252807818199997 -1.08140995908 -1.13954051952 2.9252807818199997 1.57825111068 1.23165625806 -0.00951466266 0.06278117796 -0.03532375512 -0.00951466266 -0.12760975008 -0.00627898122 0.12719962367999998 -0.13565902032 0.0262696752 -0.054425122379999996 -0.03061134882 0.033902883 -0.046933839899999996 0.032119372800000004 0.054044406360000005 -0.046933839899999996 -0.0403488828 0.0701154252 0.4175491482 -1.57837873554 0.5642030637000001 0.10674888660000001 0.00201339684 -0.02403205794 0.03516995772 0.0279020862 0.12172659479999999 0.03516995772 0.08937976373999999 0.03808428354 0.24598275209999998 -0.10626833718 0.04014274032 0.11122762877999999 0.7067473507800001 -0.35360612532 0.36070967646 0.15176403648 -0.59429419956 0.1716959097 -0.12911615514 0.10975279266 0.046436831459999994 -0.015057035279999999 0.010197577079999999 -0.0809136216 0.11981950704000001 0.06645909438 0.19708405992592273 -0.4010067428144307 -0.28449785760275004 -0.06170917087175148 -0.031027888915666595 0.026881737466892944 0.1673514702679352 -0.1307711049951577 -0.0891894122045582 1.79459593457943 -1.5836758501096535 1.6452791685689496 0.2469369647198585 -0.047011205255045964 -0.0870580380650408 0.525955567183136 -0.3327132335348273 1.4382947245472364 0.013849554551460728 0.050119923473475735 -0.014359715426528185 0.010276836660387706 -0.05762111886740828 0.027999952801479176
0.9470182833 0.12087504287999999 0.5739497715599999 -0.30590113986 0.0770093262 0.09998611812 -0.00647864802 0.14466129479999998 -0.0137419326 2.58337728954 -10.37166467418 0.58112698356 -0.0557164809 0.05300748809999999 -0.0287830485 0.02597611104 -0.2379056904 -0.06946003242 -1.57825111068 0.35775217944 0.51453945486 1.08140995908 0.35775217944 0.31227806574 0.12760975008 0.11766121686 -0.09210062862 -0.06278117796 0.11766121686 0.02987878752 -0.13565902032 0.1367204922 0.04558851738 -0.03061134882 0.055091307959999995 -0.04219499124 0.0403488828 0.08115025374 0.202756239 -0.032119372800000004 0.08115025374 -0.08617403232 -1.57837873554 2.4392726334 -0.97364600964 0.00201339684 0.04250636352 0.0246156786 -0.08937976373999999 -0.02333376378 -0.05397776082 -0.0279020862 -0.02333376378 0.040848859259999995 -0.20187015012 0.1934272125 0.08272249488 0.8171296334999999 1.4074550506799999 -0.81301245012 0.5010449471999999 0.29655727326 -0.7326883852199999 -0.024733589939999998 0.06045236154 0.01573914024 0.03931736094 -0.05388521256 -0.0030287295 0.11309424354 0.41511887946 0.6020150988599999 -0.6154100083602332 2.6842584012526416 1.81954566654831 -0.10013598424149701 -0.006317717669712109 -0.0040406969777183645 0.18611918258457433 -0.03599419759027021 -0.1664131244462433 -1.7137230996978317 1.3691858333386056 -1.5519638999270284 0.06180786033900322 -0.05913966325060439 -0.061235620605503215 -0.23692237144220826 0.11786467156219141 -0.41791447702649465 -0.09784861707309785 0.11436517488875676 0.10503504081946538 0.04888272366022712 0.14871945596876723 0.06689474525787005
1.20193639452 0.5585578896600001 0.54310664736 -0.35365523256 0.20728894518 0.08395881012 0.06456711654 -0.0137419326 0.04914528462 -3.8733146676000003 0.58112698356 -13.946655826799999 0.00706982364 0.0287830485 -0.01653214122 -0.023281418699999997 0.06946003242 2.4334294114799997 -1.23165625806 0.31227806574 0.11809454778 1.13954051952 0.51453945486 0.11809454778 0.00627898122 0.02987878752 0.0111543588 0.03532375512 -0.09210062862 0.0111543588 -0.0262696752 -0.04558851738 0.32785423469999997 -0.033902883 0.04219499124 -0.03180341358 0.0701154252 0.08617403232 0.08068589352 0.054044406360000005 -0.202756239 0.08068589352 0.5642030637000001 -0.97364600964 -0.0184759245 -0.02403205794 0.0246156786 0.04530466674 0.03808428354 -0.040848859259999995 0.19297445453999998 0.12172659479999999 0.05397776082 0.19297445453999998 0.13381426098 0.007784307000000001 0.00855842058 -0.52489379736 -1.2088969410600001 0.53302428342 -0.86656416516 -0.43040526174000004 1.028742714 0.1820327139 -0.02782815552 0.0414187191 -0.0046676161800000004 0.00720878094 -0.0156036906 0.10376953416 0.59166750186 0.51496684974 -0.55369765395728 2.025925239641706 1.5504294378878238 0.012726961861472203 0.009687485446678733 0.007819548514099455 0.09016516451786974 0.016753332948783055 0.0519918398200571 1.8909244155037308 -1.622117387311207 1.679872214489085 -0.15951799380482848 -0.014140051773613023 0.1436357545811021 1.813892113075546 -0.6619062774434091 4.053909826029492 -0.06337694328002583 0.1326406336933378 0.08209849439424073 0.022402907007544885 0.05022816353433247 0.10877728174702726
0.49187052755999994 -0.39327533154 0.33283160424 1.60135930494 0.8601845410800001 -1.2701830464 -0.24940353005999996 0.02597611104 -0.023281418699999997 0.12638881458 -0.0557164809 0.00706982364 -12.02306668506 2.58337728954 3.8733146676000003 0.15799957668 -0.00647864802 -0.06456711654 0.03516995772 0.08937976373999999 -0.03808428354 0.03516995772 0.0279020862 -0.12172659479999999 -0.046933839899999996 -0.0403488828 -0.0701154252 -0.046933839899999996 0.032119372800000004 -0.054044406360000005 0.10674888660000001 0.00201339684 0.02403205794 0.4175491482 -1.57837873554 -0.5642030637000001 -0.00951466266 -0.12760975008 0.00627898122 -0.00951466266 0.06278117796 0.03532375512 -0.054425122379999996 -0.03061134882 -0.033902883 0.12719962367999998 -0.13565902032 -0.0262696752 2.9252807818199997 1.57825111068 -1.23165625806 2.9252807818199997 -1.08140995908 1.13954051952 0.11122762877999999 0.7067473507800001 0.35360612532 0.24598275209999998 -0.10626833718 -0.04014274032 0.1716959097 -0.12911615514 -0.10975279266 0.36070967646 0.15176403648 0.59429419956 -0.0809136216 0.11981950704000001 -0.06645909438 0.046436831459999994 -0.015057035279999999 -0.010197577079999999 -0.06170917087175148 -0.031027888915666595 -0.026881737466892944 0.19708405992592273 -0.4010067428144307 0.28449785760275004 1.79459593457943 -1.5836758501096535 -1.6452791685689496 0.1673514702679352 -0.1307711049951577 0.0891894122045582 0.525955567183136 -0.3327132335348273 -1.4382947245472364 0.2469369647198585 -0.047011205255045964 0.0870580380650408 0.010276836660387706 -0.05762111886740828 -0.027999952801479176 0.013849554551460728 0.050119923473475735 0.014359715426528185
-0.30590113986 0.0770093262 -0.09998611812 0.9470182833 0.12087504287999999 -0.5739497715599999 0.02597611104 -0.2379056904 0.06946003242 -0.0557164809 0.05300748809999999 0.0287830485 2.58337728954 -10.37166467418 -0.58112698356 -0.00647864802 0.14466129479999998 0.0137419326 -0.0279020862 -0.02333376378 -0.040848859259999995 -0.08937976373999999 -0.02333376378 0.05397776082 -0.032119372800000004 0.08115025374 0.08617403232 0.0403488828 0.08115025374 -0.202756239 0.00201339684 0.04250636352 -0.0246156786 -1.57837873554 2.4392726334 0.97364600964 -0.06278117796 0.11766121686 -0.02987878752 0.12760975008 0.11766121686 0.09210062862 -0.03061134882 0.055091307959999995 0.04219499124 -0.13565902032 0.1367204922 -0.04558851738 1.08140995908 0.35775217944 -0.31227806574 -1.57825111068 0.35775217944 -0.51453945486 0.8171296334999999 1.4074550506799999 0.81301245012 -0.20187015012 0.1934272125 -0.08272249488 -0.024733589939999998 0.06045236154 -0.01573914024 0.5010449471999999 0.29655727326 0.7326883852199999 0.11309424354 0.41511887946 -0.6020150988599999 0.03931736094 -0.05388521256 0.0030287295 -0.10013598424149701 -0.006317717669712109 0.0040406969777183645 -0.6154100083602332 2.6842584012526416 -1.81954566654831 -1.7137230996978317 1.3691858333386056 1.5519638999270284 0.18611918258457433 -0.03599419759027021 0.1664131244462433 -0.23692237144220826 0.11786467156219141 0.41791447702649465 0.06180786033900322 -0.05913966325060439 0.061235620605503215 0.04888272366022712 0.14871945596876723 -0.06689474525787005 -0.09784861707309785 0.11436517488875676 -0.10503504081946538
0.35365523256 -0.20728894518 0.08395881012 -1.20193639452 -0.5585578896600001 0.54310664736 0.023281418699999997 -0.06946003242 2.4334294114799997 -0.00706982364 -0.0287830485 -0.01653214122 3.8733146676000003 -0.58112698356 -13.946655826799999 -0.06456711654 0.0137419326 0.04914528462 -0.12172659479999999 -0.05397776082 0.19297445453999998 -0.03808428354 0.040848859259999995 0.19297445453999998 -0.054044406360000005 0.202756239 0.08068589352 -0.0701154252 -0.08617403232 0.08068589352 0.02403205794 -0.0246156786 0.04530466674 -0.5642030637000001 0.97364600964 -0.0184759245 -0.03532375512 0.09210062862 0.0111543588 -0.00627898122 -0.02987878752 0.0111543588 0.033902883 -0.04219499124 -0.03180341358 0.0262696752 0.04558851738 0.32785423469999997 -1.13954051952 -0.51453945486 0.11809454778 1.23165625806 -0.31227806574 0.11809454778 0.52489379736 1.2088969410600001 0.53302428342 -0.13381426098 -0.007784307000000001 0.00855842058 -0.1820327139 0.02782815552 0.0414187191 0.86656416516 0.43040526174000004 1.028742714 -0.10376953416 -0.59166750186 0.51496684974 0.0046676161800000004 -0.00720878094 -0.0156036906 -0.012726961861472203 -0.009687485446678733 0.007819548514099455 0.55369765395728 -2.025925239641706 1.5504294378878238 -1.8909244155037308 1.622117387311207 1.679872214489085 -0.09016516451786974 -0.016753332948783055 0.0519918398200571 -1.813892113075546 0.6619062774434091 4.053909826029492 0.15951799380482848 0.014140051773613023 0.1436357545811021 -0.022402907007544885 -0.05022816353433247 0.10877728174702726 0.06337694328002583 -0.1326406336933378 0.08209849439424073
1.60135930494 0.8601845410800001 -1.2701830464 0.49187052755999994 -0.39327533154 0.33283160424 0.12638881458 -0.0557164809 0.00706982364 -0.24940353005999996 0.02597611104 -0.023281418699999997 0.15799957668 -0.00647864802 -0.06456711654 -12.02306668506 2.58337728954 3.8733146676000003 0.03516995772 0.0279020862 -0.12172659479999999 0.03516995772 0.08937976373999999 -0.03808428354 -0.046933839899999996 0.032119372800000004 -0.054044406360000005 -0.046933839899999996 -0.0403488828 -0.0701154252 0.4175491482 -1.57837873554 -0.5642030637000001 0.10674888660000001 0.00201339684 0.02403205794 -0.00951466266 0.06278117796 0.03532375512 -0.00951466266 -0.12760975008 0.00627898122 0.12719962367999998 -0.13565902032 -0.0262696752 -0.054425122379999996 -0.03061134882 -0.033902883 2.9252807818199997 -1.08140995908 1.13954051952 2.9252807818199997 1.57825111068 -1.23165625806 0.24598275209999998 -0.10626833718 -0.04014274032 0.11122762877999999 0.7067473507800001 0.35360612532 0.36070967646 0.15176403648 0.59429419956 0.1716959097 -0.12911615514 -0.10975279266 0.046436831459999994 -0.015057035279999999 -0.010197577079999999 -0.0809136216 0.11981950704000001 -0.06645909438 0.19708405992592273 -0.4010067428144307 0.28449785760275004 -0.06170917087175148 -0.031027888915666595 -0.026881737466892944 0.1673514702679352 -0.1307711049951577 0.0891894122045582 1.79459593457943 -1.5836758501096535 -1.6452791685689496 0.2469369647198585 -0.047011205255045964 0.0870580380650408 0.525955567183136 -0.3327132335348273 -1.4382947245472364 0.013849554551460728 0.050119923473475735 0.014359715426528185 0.010276836660387706 -0.05762111886740828 -0.027999952801479176
0.9470182833 0.12087504287999999 -0.5739497715599999 -0.30590113986 0.0770093262 -0.09998611812 -0.0557164809 0.05300748809999999 0.0287830485 0.02597611104 -0.2379056904 0.06946003242 -0.00647864802 0.14466129479999998 0.0137419326 2.58337728954 -10.37166467418 -0.58112698356 -0.08937976373999999 -0.02333376378 0.05397776082 -0.0279020862 -0.02333376378 -0.040848859259999995 0.0403488828 0.08115025374 -0.202756239 -0.032119372800000004 0.08115025374 0.08617403232 -1.57837873554 2.4392726334 0.97364600964 0.00201339684 0.04250636352 -0.0246156786 0.12760975008 0.11766121686 0.09210062862 -0.06278117796 0.11766121686 -0.02987878752 -0.13565902032 0.1367204922 -0.04558851738 -0.03061134882 0.055091307959999995 0.04219499124 -1.57825111068 0.35775217944 -0.51453945486 1.08140995908 0.35775217944 -0.31227806574 -0.20187015012 0.1934272125 -0.08272249488 0.8171296334999999 1.4074550506799999 0.81301245012 0.5010449471999999 0.29655727326 0.7326883852199999 -0.024733589939999998 0.06045236154 -0.01573914024 0.03931736094 -0.05388521256 0.0030287295 0.11309424354 0.41511887946 -0.6020150988599999 -0.6154100083602332 2.6842584012526416 -1.81954566654831 -0.10013598424149701 -0.006317717669712109 0.0040406969777183645 0.18611918258457433 -0.03599419759027021 0.1664131244462433 -1.7137230996978317 1.3691858333386056 1.5519638999270284 0.06180786033900322 -0.05913966325060439 0.061235620605503215 -0.23692237144220826 0.11786467156219141 0.41791447702649465 -0.09784861707309785 0.11436517488875676 -0.10503504081946538 0.04888272366022712 0.14871945596876723 -0.06689474525787005
-1.20193639452 -0.5585578896600001 0.54310664736 0.35365523256 -0.20728894518 0.08395881012 -0.00706982364 -0.0287830485 -0.01653214122 0.023281418699999997 -0.06946003242 2.4334294114799997 -0.06456711654 0.0137419326 0.04914528462 3.8733146676000003 -0.58112698356 -13.946655826799999 -0.03808428354 0.040848859259999995 0.19297445453999998 -0.12172659479999999 -0.05397776082 0.19297445453999998 -0.0701154252 -0.08617403232 0.08068589352 -0.054044406360000005 0.202756239 0.08068589352 -0.5642030637000001 0.97364600964 -0.0184759245 0.02403205794 -0.0246156786 0.04530466674 -0.00627898122 -0.02987878752 0.0111543588 -0.03532375512 0.09210062862 0.0111543588 0.0262696752 0.04558851738 0.32785423469999997 0.033902883 -0.04219499124 -0.03180341358 1.23165625806 -0.31227806574 0.11809454778 -1.13954051952 -0.51453945486 0.11809454778 -0.13381426098 -0.007784307000000001 0.00855842058 0.52489379736 1.2088969410600001 0.53302428342 0.86656416516 0.43040526174000004 1.028742714 -0.1820327139 0.02782815552 0.0414187191 0.0046676161800000004 -0.00720878094 -0.0156036906 -0.10376953416 -0.59166750186 0.51496684974 0.55369765395728 -2.025925239641706 1.5504294378878238 -0.012726961861472203 -0.009687485446678733 0.007819548514099455 -0.09016516451786974 -0.016753332948783055 0.0519918398200571 -1.8909244155037308 1.622117387311207 1.679872214489085 0.15951799380482848 0.014140051773613023 0.1436357545811021 -1.813892113075546 0.6619062774434091 4.053909826029492 0.06337694328002583 -0.1326406336933378 0.08209849439424073 -0.022402907007544885 -0.05022816353433247 0.10877728174702726
-0.0809136216 -0.11981950704000001 -0.06645909438 0.046436831459999994 0.015057035279999999 -0.010197577079999999 2.9252807818199997 1.08140995908 1.13954051952 2.9252807818199997 -1.57825111068 -1.23165625806 0.03516995772 -0.0279020862 -0.12172659479999999 0.03516995772 -0.08937976373999999 -0.03808428354 -12.02306668506 -2.58337728954 3.8733146676000003 0.15799957668 0.00647864802 -0.06456711654 0.10674888660000001 -0.00201339684 0.02403205794 0.4175491482 1.57837873554 -0.5642030637000001 -0.046933839899999996 -0.032119372800000004 -0.054044406360000005 -0.046933839899999996 0.0403488828 -0.0701154252 -0.054425122379999996 0.03061134882 -0.033902883 0.12719962367999998 0.13565902032 -0.0262696752 -0.00951466266 -0.06278117796 0.03532375512 -0.00951466266 0.12760975008 0.00627898122 -0.24940353005999996 -0.02597611104 -0.023281418699999997 0.12638881458 0.0557164809 0.00706982364 0.36070967646 -0.15176403648 0.59429419956 0.1716959097 0.12911615514 -0.10975279266 0.11122762877999999 -0.7067473507800001 0.35360612532 0.24598275209999998 0.10626833718 -0.04014274032 1.60135930494 -0.8601845410800001 -1.2701830464 0.49187052755999994 0.39327533154 0.33283160424 0.010276836660387706 0.05762111886740828 -0.027999952801479176 0.013849554551460728 -0.050119923473475735 0.014359715426528185 0.2469369647198585 0.047011205255045964 0.0870580380650408 0.525955567183136 0.3327132335348273 -1.4382947245472364 1.79459593457943 1.5836758501096535 -1.6452791685689496 0.1673514702679352 0.1307711049951577 0.0891894122045582 0.19708405992592273 0.4010067428144307 0.28449785760275004 -0.06170917087175148 0.031027888915666595 -0.026881737466892944
-0.11309424354 0.41511887946 0.6020150988599999 -0.03931736094 -0.05388521256 -0.0030287295 1.57825111068 0.35775217944 0.51453945486 -1.08140995908 0.35775217944 0.31227806574 0.08937976373999999 -0.02333376378 -0.05397776082 0.0279020862 -0.02333376378 0.040848859259999995 -2.58337728954 -10.37166467418 0.58112698356 0.00647864802 0.14466129479999998 -0.0137419326 -0.00201339684 0.04250636352 0.0246156786 1.57837873554 2.4392726334 -0.97364600964 -0.0403488828 0.08115025374 0.202756239 0.032119372800000004 0.08115025374 -0.08617403232 0.03061134882 0.055091307959999995 -0.04219499124 0.13565902032 0.1367204922 0.04558851738 -0.12760975008 0.11766121686 -0.09210062862 0.06278117796 0.11766121686 0.02987878752 -0.02597611104 -0.2379056904 -0.06946003242 0.0557164809 0.05300748809999999 -0.0287830485 -0.5010449471999999 0.29655727326 -0.7326883852199999 0.024733589939999998 0.06045236154 0.01573914024 -0.8171296334999999 1.4074550506799999 -0.81301245012 0.20187015012 0.1934272125 0.08272249488 -0.9470182833 0.12087504287999999 0.5739497715599999 0.30590113986 0.0770093262 0.09998611812 -0.04888272366022712 0.14871945596876723 0.06689474525787005 0.09784861707309785 0.11436517488875676 0.10503504081946538 -0.06180786033900322 -0.05913966325060439 -0.061235620605503215 0.23692237144220826 0.11786467156219141 -0.41791447702649465 1.7137230996978317 1.3691858333386056 -1.5519638999270284 -0.18611918258457433 -0.03599419759027021 -0.1664131244462433 0.6154100083602332 2.6842584012526416 1.81954566654831 0.10013598424149701 -0.006317717669712109 -0.0040406969777183645
-0.10376953416 0.59166750186 0.51496684974 0.0046676161800000004 0.00720878094 -0.0156036906 1.23165625806 0.31227806574 0.11809454778 -1.13954051952 0.51453945486 0.11809454778 -0.03808428354 -0.040848859259999995 0.19297445453999998 -0.12172659479999999 0.05397776082 0.19297445453999998 3.8733146676000003 0.58112698356 -13.946655826799999 -0.06456711654 -0.0137419326 0.04914528462 0.02403205794 0.0246156786 0.04530466674 -0.5642030637000001 -0.97364600964 -0.0184759245 -0.0701154252 0.08617403232 0.08068589352 -0.054044406360000005 -0.202756239 0.08068589352 0.033902883 0.04219499124 -0.03180341358 0.0262696752 -0.04558851738 0.32785423469999997 -0.00627898122 0.02987878752 0.0111543588 -0.03532375512 -0.09210062862 0.0111543588 0.023281418699999997 0.06946003242 2.4334294114799997 -0.00706982364 0.0287830485 -0.01653214122 0.86656416516 -0.43040526174000004 1.028742714 -0.1820327139 -0.02782815552 0.0414187191 0.52489379736 -1.2088969410600001 0.53302428342 -0.13381426098 0.007784307000000001 0.00855842058 -1.20193639452 0.5585578896600001 0.54310664736 0.35365523256 0.20728894518 0.08395881012 -0.022402907007544885 0.05022816353433247 0.10877728174702726 0.06337694328002583 0.1326406336933378 0.08209849439424073 0.15951799380482848 -0.014140051773613023 0.1436357545811021 -1.813892113075546 -0.6619062774434091 4.053909826029492 -1.8909244155037308 -1.622117387311207 1.679872214489085 -0.09016516451786974 0.016753332948783055 0.0519918398200571 0.55369765395728 2.025925239641706 1.5504294378878238 -0.012726961861472203 0.009687485446678733 0.007819548514099455
0.046436831459999994 0.015057035279999999 -0.010197577079999999 -0.0809136216 -0.11981950704000001 -0.06645909438 2.9252807818199997 -1.57825111068 -1.23165625806 2.9252807818199997 1.08140995908 1.13954051952 0.03516995772 -0.08937976373999999 -0.03808428354 0.03516995772 -0.0279020862 -0.12172659479999999 0.15799957668 0.00647864802 -0.06456711654 -12.02306668506 -2.58337728954 3.8733146676000003 0.4175491482 1.57837873554 -0.5642030637000001 0.10674888660000001 -0.00201339684 0.02403205794 -0.046933839899999996 0.0403488828 -0.0701154252 -0.046933839899999996 -0.032119372800000004 -0.054044406360000005 0.12719962367999998 0.13565902032 -0.0262696752 -0.054425122379999996 0.03061134882 -0.033902883 -0.00951466266 0.12760975008 0.00627898122 -0.00951466266 -0.06278117796 0.03532375512 0.12638881458 0.0557164809 0.00706982364 -0.24940353005999996 -0.02597611104 -0.023281418699999997 0.1716959097 0.12911615514 -0.10975279266 0.36070967646 -0.15176403648 0.59429419956 0.24598275209999998 0.10626833718 -0.04014274032 0.11122762877999999 -0.7067473507800001 0.35360612532 0.49187052755999994 0.39327533154 0.33283160424 1.60135930494 -0.8601845410800001 -1.2701830464 0.013849554551460728 -0.050119923473475735 0.014359715426528185 0.010276836660387706 0.05762111886740828 -0.027999952801479176 0.525955567183136 0.3327132335348273 -1.4382947245472364 0.2469369647198585 0.047011205255045964 0.0870580380650408 0.1673514702679352 0.1307711049951577 0.0891894122045582 1.79459593457943 1.5836758501096535 -1.6452791685689496 -0.06170917087175148 0.031027888915666595 -0.026881737466892944 0.19708405992592273 0.4010067428144307 0.28449785760275004
-0.03931736094 -0.05388521256 -0.0030287295 -0.11309424354 0.41511887946 0.6020150988599999 -1.08140995908 0.35775217944 0.31227806574 1.57825111068 0.35775217944 0.51453945486 0.0279020862 -0.02333376378 0.040848859259999995 0.08937976373999999 -0.02333376378 -0.05397776082 0.00647864802 0.14466129479999998 -0.0137419326 -2.58337728954 -10.37166467418 0.58112698356 1.57837873554 2.4392726334 -0.97364600964 -0.00201339684 0.04250636352 0.0246156786 0.032119372800000004 0.08115025374 -0.08617403232 -0.0403488828 0.08115025374 0.202756239 0.13565902032 0.1367204922 0.04558851738 0.03061134882 0.055091307959999995 -0.04219499124 0.06278117796 0.11766121686 0.02987878752 -0.12760975008 0.11766121686 -0.09210062862 0.0557164809 0.05300748809999999 -0.0287830485 -0.02597611104 -0.2379056904 -0.06946003242 0.024733589939999998 0.06045236154 0.01573914024 -0.5010449471999999 0.29655727326 -0.7326883852199999 0.20187015012 0.1934272125 0.08272249488 -0.8171296334999999 1.4074550506799999 -0.81301245012 0.30590113986 0.0770093262 0.09998611812 -0.9470182833 0.12087504287999999 0.5739497715599999 0.09784861707309785 0.11436517488875676 0.10503504081946538 -0.04888272366022712 0.14871945596876723 0.06689474525787005 0.23692237144220826 0.11786467156219141 -0.41791447702649465 -0.06180786033900322 -0.05913966325060439 -0.061235620605503215 -0.18611918258457433 -0.03599419759027021 -0.1664131244462433 1.7137230996978317 1.3691858333386056 -1.5519638999270284 0.10013598424149701 -0.006317717669712109 -0.0040406969777183645 0.6154100083602332 2.6842584012526416 1.81954566654831
0.0046676161800000004 0.00720878094 -0.0156036906 -0.10376953416 0.59166750186 0.51496684974 -1.13954051952 0.51453945486 0.11809454778 1.23165625806 0.31227806574 0.11809454778 -0.12172659479999999 0.05397776082 0.19297445453999998 -0.03808428354 -0.040848859259999995 0.19297445453999998 -0.06456711654 -0.0137419326 0.04914528462 3.8733146676000003 0.58112698356 -13.946655826799999 -0.5642030637000001 -0.97364600964 -0.0184759245 0.02403205794 0.0246156786 0.04530466674 -0.054044406360000005 -0.202756239 0.08068589352 -0.0701154252 0.08617403232 0.08068589352 0.0262696752 -0.04558851738 0.32785423469999997 0.033902883 0.04219499124 -0.03180341358 -0.03532375512 -0.09210062862 0.0111543588 -0.00627898122 0.02987878752 0.0111543588 -0.00706982364 0.0287830485 -0.01653214122 0.023281418699999997 0.06946003242 2.4334294114799997 -0.1820327139 -0.02782815552 0.0414187191 0.86656416516 -0.43040526174000004 1.028742714 -0.13381426098 0.007784307000000001 0.00855842058 0.52489379736 -1.2088969410600001 0.53302428342 0.35365523256 0.20728894518 0.08395881012 -1.20193639452 0.5585578896600001 0.54310664736 0.06337694328002583 0.1326406336933378 0.08209849439424073 -0.022402907007544885 0.05022816353433247 0.10877728174702726 -1.813892113075546 -0.6619062774434091 4.053909826029492 0.15951799380482848 -0.014140051773613023 0.1436357545811021 -0.09016516451786974 0.016753332948783055 0.0519918398200571 -1.8909244155037308 -1.622117387311207 1.679872214489085 -0.012726961861472203 0.009687485446678733 0.007819548514099455 0.55369765395728 2.025925239641706 1.5504294378878238
0.11122762877999999 -0.7067473507800001 0.35360612532 0.24598275209999998 0.10626833718 -0.04014274032 -0.00951466266 -0.06278117796 0.03532375512 -0.00951466266 0.12760975008 0.00627898122 -0.046933839899999996 -0.032119372800000004 -0.054044406360000005 -0.046933839899999996 0.0403488828 -0.0701154252 0.10674888660000001 -0.00201339684 0.02403205794 0.4175491482 1.57837873554 -0.5642030637000001 -12.02306668506 -2.58337728954 3.8733146676000003 0.15799957668 0.00647864802 -0.06456711654 0.03516995772 -0.0279020862 -0.12172659479999999 0.03516995772 -0.08937976373999999 -0.03808428354 -0.24940353005999996 -0.02597611104 -0.023281418699999997 0.12638881458 0.0557164809 0.00706982364 2.9252807818199997 1.08140995908 1.13954051952 2.9252807818199997 -1.57825111068 -1.23165625806 -0.054425122379999996 0.03061134882 -0.033902883 0.12719962367999998 0.13565902032 -0.0262696752 1.60135930494 -0.8601845410800001 -1.2701830464 0.49187052755999994 0.39327533154 0.33283160424 -0.0809136216 -0.11981950704000001 -0.06645909438 0.046436831459999994 0.015057035279999999 -0.010197577079999999 0.36070967646 -0.15176403648 0.59429419956 0.1716959097 0.12911615514 -0.10975279266 1.79459593457943 1.5836758501096535 -1.6452791685689496 0.1673514702679352 0.1307711049951577 0.0891894122045582 0.19708405992592273 0.4010067428144307 0.28449785760275004 -0.06170917087175148 0.031027888915666595 -0.026881737466892944 0.010276836660387706 0.05762111886740828 -0.027999952801479176 0.013849554551460728 -0.050119923473475735 0.014359715426528185 0.2469369647198585 0.047011205255045964 0.0870580380650408 0.525955567183136 0.3327132335348273 -1.4382947245472364
