1.856758 1.801790 -3.641378
-0.021665 -5.585386 -1.921114
-7.517724 1.811820 -1.858956
-7.539389 -3.773566 -3.780070
-5.660966 3.613610 -5.500334
1.835093 -3.783596 -5.562492
32 2
direct
0.125000 0.187500 0.062500 Al
0.625000 0.687500 0.562500 Al
0.125000 0.937500 0.312500 Al
0.625000 0.437500 0.812500 Al
0.250000 0.625000 0.875000 Al
0.750000 0.125000 0.375000 Al
0.250000 0.375000 0.125000 Al
0.750000 0.875000 0.625000 Al
0.250000 0.125000 0.375000 Al
0.750000 0.625000 0.875000 Al
0.250000 0.875000 0.625000 Al
0.750000 0.375000 0.125000 Al
0.875000 0.562500 0.187500 Al
0.375000 0.062500 0.687500 Al
0.875000 0.312500 0.437500 Al
0.375000 0.812500 0.937500 Al
0.375000 0.562500 0.187500 Al
0.875000 0.062500 0.687500 Al
0.375000 0.312500 0.437500 Al
0.875000 0.812500 0.937500 Al
0.500000 0.750000 0.250000 Al
0.000000 0.250000 0.750000 Al
0.000000 0.000000 0.000000 Al
0.500000 0.500000 0.500000 Al
0.625000 0.187500 0.062500 Ni
0.125000 0.687500 0.562500 Ni
0.625000 0.937500 0.312500 Ni
0.125000 0.437500 0.812500 Ni
0.500000 0.250000 0.750000 Ni
1.000000 0.750000 0.250000 Ni
0.500000 0.000000 1.000000 Ni
0.000000 0.500000 0.500000 Ni
-9.15157182204 0.01413290178 0.42120925649999996 0.01170587088 0.05293895382 -0.054423503459999995 1.3362870576599999 -1.5779578163399999 -0.00980471916 -0.05554757358 0.00358617762 -0.00830290104 0.09655751538 -0.017975948040000002 0.03673707228 0.21392112077999997 0.037950722640000004 -0.005766053399999999 1.4079072689999999 0.02318779116 1.7851485470400001 0.08314422354 0.08030679641999999 -0.07074356616 -0.1025100144 -0.0467409186 0.00986111154 0.016296048719999998 -0.01294920144 -0.05613713028 -0.08141063004 0.03727806138 0.05008911498 1.2826627610399999 1.48673626128 0.07985970468 -0.14429919636 0.038266412039999996 0.02055542724 1.5977647629 -0.01970252622 -2.0197254681000003 1.43532691704 -0.030166685459999995 -1.7143717930199998 -0.19910071764 -0.06902886006 -0.06329653416 0.01027798344 0.02333727144 -0.00521184312 0.03396386232 0.015541362179999999 0.00071745138 0.10200194334 -0.09638051346 -0.00686341134 0.09181758743999999 -0.00042523632000000003 0.031038204059999998 -0.03874534254 0.04101641748 -0.07021876626000001 -0.11908424754 0.08773655994 -0.02491275042 1.30659201756 0.02017363194 1.47430430478 0.008893806839999999 -0.0340998516 0.00205386984 0.05724148277160926 0.07594711622981583 0.01696583365649446 0.055726121919614825 -0.002365363682840059 0.008032447163211068 -0.059699566800697934 0.011890489038233674 0.018569139557935006 0.43965361777849155 -0.32864826213169623 -0.027483026922608175 0.1396686767624223 0.04139983357070416 -0.09312863412522335 0.028487033075334532 -0.0024879296341043153 0.017785194999524016 0.2981372990949006 0.20813131113711433 0.13197607155498942 -0.03502839381196389 0.00880405553821559 0.09383100069659157
0.01413290178 -9.642852523079998 1.10435761044 0.05293895382 -0.05474431944 -0.06541597026 -1.60878070404 1.39932915156 -0.059763241259999995 0.00912882006 0.0356594112 0.03514729284 -0.01340519724 -0.07052797997999999 -0.01602838728 0.0672742206 -0.00041498315999999996 0.0008887870799999999 0.03114235458 -0.15008359752 0.01491915726 0.01897212348 0.029371525919999995 -0.03955507236 0.0007514487 1.35659532978 1.64588689008 0.03799713168 0.34690703436 0.00289301004 -0.03127510602 0.07673707782 0.01945213326 1.5619515543 1.34187071274 0.00735205536 0.01882075446 1.6822159945200001 -2.24336685438 -0.04540180194 -0.21849349050000003 0.01305631998 0.00653045346 -0.14968129589999998 0.0032351418 -0.061385668920000004 1.7826343642799998 -2.2538339816399997 0.030560622659999998 0.12496713300000001 0.01128414222 -0.02967831126 0.05421574206 -0.01907573436 -0.04490506332 0.0172873674 0.041811307199999995 0.00731266164 0.13170750641999998 -0.0337720203 -0.04245024096 0.31316496408 0.04509690534 0.05502870971999999 1.35920502882 1.6493573149199998 0.02017363194 -0.176759082 -0.0275850477 -0.0340998516 -0.06750437706 0.0293887944 -0.04577480132459777 -0.07351410250894029 0.00286239249170063 0.018725132586816788 -0.023735612756843567 -0.005556455771113011 0.056134011854828664 0.084510019279505 0.06571166547504981 -0.2877247644170418 0.45478494158002425 0.030128541351195103 0.037706539435367926 -0.031153638398132517 -0.03967873701480186 0.12892624866379052 -0.05853996556049 0.017376907122909967 0.10943547682297233 0.23090390570545302 0.0706759844426524 -0.04245437828125702 0.037463397239840455 -0.0026984406348146773
0.42120925649999996 1.10435761044 -12.21451072056 -0.054423503459999995 -0.06541597026 0.19414547334 0.06585415793999999 -0.08560228374 -0.08733156012 -0.07195343904 -0.06476327568 0.11985917058000001 0.04059387936 0.007227668340000001 0.10267919153999999 0.0006580909799999999 -0.042307776 0.02678476158 1.5777913373999999 0.02211768504 1.3511390297399999 -0.06331677066000001 -0.047599485840000004 0.018655084979999997 0.07518696192 1.513352925 1.33281177606 -0.059346369360000005 -0.020087559359999996 -0.057662962379999995 0.04284417816 0.045018927359999995 0.26936508348 0.02133682596 -0.02891310174 -0.18272507202 0.0295102134 -2.04538319154 1.7545291036200001 -1.6951851626399999 0.010884808619999999 1.47086814708 -1.6683688321199999 0.0202311036 1.3844348177399999 0.014497428599999999 -2.00427881274 1.7040331000800002 0.01316424798 0.0235350495 -0.09083274444 -0.08314557264 0.008715995459999999 0.03776211846 0.02157049008 0.12908404656 0.0365997339 -0.01145979504 -0.04171767966 0.0695002356 0.048199025879999996 0.00526526748 -0.0564315039 0.008896505039999999 1.52603878212 1.35759204486 1.47430430478 -0.0275850477 1.22474481876 0.00205386984 0.0293887944 0.0079529445 -0.01945615093900003 -0.0009100919822771223 -0.03161445453957411 0.04903553315790723 0.059697577093696885 0.07601357244365067 -0.00555406812271176 0.07599327743224003 -0.006579563111049384 -0.07372938880645316 -0.009237015781642571 0.007552529834559469 0.09530139417036244 -0.018292172343389805 -0.07305169460189788 0.02962355371433036 -0.028018258105888774 0.013089486477062259 -0.13977691682327906 -0.15327548705975577 -0.029048926332429108 -0.059768012721533814 0.023096518868108516 0.34484169153038574
0.01170587088 0.05293895382 -0.054423503459999995 -9.15157182204 0.01413290178 0.42120925649999996 -0.05554757358 0.00358617762 -0.00830290104 1.3362870576599999 -1.5779578163399999 -0.00980471916 0.21392112077999997 0.037950722640000004 -0.005766053399999999 0.09655751538 -0.017975948040000002 0.03673707228 0.08314422354 0.08030679641999999 -0.07074356616 1.4079072689999999 0.02318779116 1.7851485470400001 0.016296048719999998 -0.01294920144 -0.05613713028 -0.1025100144 -0.0467409186 0.00986111154 1.2826627610399999 1.48673626128 0.07985970468 -0.08141063004 0.03727806138 0.05008911498 1.5977647629 -0.01970252622 -2.0197254681000003 -0.14429919636 0.038266412039999996 0.02055542724 -0.19910071764 -0.06902886006 -0.06329653416 1.43532691704 -0.030166685459999995 -1.7143717930199998 0.03396386232 0.015541362179999999 0.00071745138 0.01027798344 0.02333727144 -0.00521184312 0.09181758743999999 -0.00042523632000000003 0.031038204059999998 0.10200194334 -0.09638051346 -0.00686341134 -0.11908424754 0.08773655994 -0.02491275042 -0.03874534254 0.04101641748 -0.07021876626000001 0.008893806839999999 -0.0340998516 0.00205386984 1.30659201756 0.02017363194 1.47430430478 0.055726121919614825 -0.002365363682840059 0.008032447163211068 0.05724148277160926 0.07594711622981583 0.01696583365649446 0.43965361777849155 -0.32864826213169623 -0.027483026922608175 -0.059699566800697934 0.011890489038233674 0.018569139557935006 0.028487033075334532 -0.0024879296341043153 0.017785194999524016 0.1396686767624223 0.04139983357070416 -0.09312863412522335 -0.03502839381196389 0.00880405553821559 0.09383100069659157 0.2981372990949006 0.20813131113711433 0.13197607155498942
0.05293895382 -0.05474431944 -0.06541597026 0.01413290178 -9.642852523079998 1.10435761044 0.00912882006 0.0356594112 0.03514729284 -1.60878070404 1.39932915156 -0.059763241259999995 0.0672742206 -0.00041498315999999996 0.0008887870799999999 -0.01340519724 -0.07052797997999999 -0.01602838728 0.01897212348 0.029371525919999995 -0.03955507236 0.03114235458 -0.15008359752 0.01491915726 0.03799713168 0.34690703436 0.00289301004 0.0007514487 1.35659532978 1.64588689008 1.5619515543 1.34187071274 0.00735205536 -0.03127510602 0.07673707782 0.01945213326 -0.04540180194 -0.21849349050000003 0.01305631998 0.01882075446 1.6822159945200001 -2.24336685438 -0.061385668920000004 1.7826343642799998 -2.2538339816399997 0.00653045346 -0.14968129589999998 0.0032351418 -0.02967831126 0.05421574206 -0.01907573436 0.030560622659999998 0.12496713300000001 0.01128414222 0.00731266164 0.13170750641999998 -0.0337720203 -0.04490506332 0.0172873674 0.041811307199999995 0.05502870971999999 1.35920502882 1.6493573149199998 -0.04245024096 0.31316496408 0.04509690534 -0.0340998516 -0.06750437706 0.0293887944 0.02017363194 -0.176759082 -0.0275850477 0.018725132586816788 -0.023735612756843567 -0.005556455771113011 -0.04577480132459777 -0.07351410250894029 0.00286239249170063 -0.2877247644170418 0.45478494158002425 0.030128541351195103 0.056134011854828664 0.084510019279505 0.06571166547504981 0.12892624866379052 -0.05853996556049 0.017376907122909967 0.037706539435367926 -0.031153638398132517 -0.03967873701480186 -0.04245437828125702 0.037463397239840455 -0.0026984406348146773 0.10943547682297233 0.23090390570545302 0.0706759844426524
-0.054423503459999995 -0.06541597026 0.19414547334 0.42120925649999996 1.10435761044 -12.21451072056 -0.07195343904 -0.06476327568 0.11985917058000001 0.06585415793999999 -0.08560228374 -0.08733156012 0.0006580909799999999 -0.042307776 0.02678476158 0.04059387936 0.007227668340000001 0.10267919153999999 -0.06331677066000001 -0.047599485840000004 0.018655084979999997 1.5777913373999999 0.02211768504 1.3511390297399999 -0.059346369360000005 -0.020087559359999996 -0.057662962379999995 0.07518696192 1.513352925 1.33281177606 0.02133682596 -0.02891310174 -0.18272507202 0.04284417816 0.045018927359999995 0.26936508348 -1.6951851626399999 0.010884808619999999 1.47086814708 0.0295102134 -2.04538319154 1.7545291036200001 0.014497428599999999 -2.00427881274 1.7040331000800002 -1.6683688321199999 0.0202311036 1.3844348177399999 -0.08314557264 0.008715995459999999 0.03776211846 0.01316424798 0.0235350495 -0.09083274444 -0.01145979504 -0.04171767966 0.0695002356 0.02157049008 0.12908404656 0.0365997339 0.008896505039999999 1.52603878212 1.35759204486 0.048199025879999996 0.00526526748 -0.0564315039 0.00205386984 0.0293887944 0.0079529445 1.47430430478 -0.0275850477 1.22474481876 0.04903553315790723 0.059697577093696885 0.07601357244365067 -0.01945615093900003 -0.0009100919822771223 -0.03161445453957411 -0.07372938880645316 -0.009237015781642571 0.007552529834559469 -0.00555406812271176 0.07599327743224003 -0.006579563111049384 0.02962355371433036 -0.028018258105888774 0.013089486477062259 0.09530139417036244 -0.018292172343389805 -0.07305169460189788 -0.059768012721533814 0.023096518868108516 0.34484169153038574 -0.13977691682327906 -0.15327548705975577 -0.029048926332429108
1.3362870576599999 -1.60878070404 0.06585415793999999 -0.05554757358 0.00912882006 -0.07195343904 -9.126579204899999 -0.95373194454 1.4291909404199998 -0.054152064539999996 -0.00097108218 -0.00528523416 0.02677208004 -0.05557509522 -0.00781290792 1.37548812618 1.60129319904 -0.04133696364 0.07902865908 -0.05616815958 0.0889879851 0.16634106198 -0.0016013816999999998 0.027320084459999998 1.26228838302 -0.01750295358 1.54824631722 0.02164280184 -0.00667210896 -0.01398854808 -0.21601357488 0.054713290139999995 -0.03390342264 -0.0195268734 0.02260632906 -0.09250562844 0.09676446731999999 0.0383103927 0.04806816318 0.05834479752 -0.02048284566 -0.013497205860000002 -0.04585402026 -0.08485434269999999 0.067603401 1.40842910088 -0.02724183666 -1.7370148176 -0.26161963056 -0.0335372769 0.0099050922 1.52949841416 0.0896261094 -1.87769383902 0.04747941594 -0.04784691078 0.0164158488 0.08261024975999999 0.01364317848 -0.038888347139999994 1.2894347034 1.50588592632 0.05109743232 -0.05891061005999999 0.00445149036 0.04469460372 -0.11908424754 0.05502870971999999 0.008896505039999999 -0.03874534254 -0.04245024096 0.048199025879999996 -0.0041222749647611325 0.0036244502731001445 0.014830480102974986 0.3898787094989967 -0.4295960468296188 0.032893438199844624 0.01645447895722638 0.11458722619007318 0.011190112173866498 0.004691729108459673 0.0006959995089648828 0.011855470195015316 0.00457393845399792 -0.03645859520431368 0.006004935729148131 0.41877124486114387 -0.08162733177639372 0.3948458140564008 0.364880030737891 0.015346610099045572 -0.024032079099998993 0.09118349656100361 0.044573416237367935 0.01752693103078862
-1.5779578163399999 1.39932915156 -0.08560228374 0.00358617762 0.0356594112 -0.06476327568 -0.95373194454 -10.86201935298 1.02628627272 -0.00097108218 -0.09768860082 -0.02460380652 0.0045572598 0.10448131932 0.06351670728 1.4491109415599999 1.28682797238 0.03969699768 -0.00401303286 -0.0024032867399999998 -0.0686449062 0.00403812612 -0.10549206504 -0.02892767202 0.0474019776 -0.15746182542 -0.01206796932 -0.05566953221999999 -0.02419556886 -0.012865557239999999 0.09058154202 1.3770646844399999 1.63080665028 -0.07048885608000001 0.31702312026 0.09192902309999999 0.02795443128 0.11839512726 0.00185932962 -0.05562177408 0.00564679296 0.00051994314 -0.03006847098 1.65812052888 -2.0632976206199998 -0.061447727519999995 -0.15587366490000001 0.06292715058 0.13050060155999998 1.7792189827200002 -2.2564763289 -0.0385424379 -0.19252115694 0.13200080076 -0.04414956732 0.09139558896 -0.04667400324 -0.07369134966 0.04926832253999999 0.04294886832 1.50588592632 1.3280982904799998 -0.00555586362 0.00445149036 0.04422727548 -0.00496118034 0.08773655994 1.35920502882 1.52603878212 0.04101641748 0.31316496408 0.00526526748 0.03807184964075944 0.029995628923525423 0.04722808331815966 -0.24935087725352398 0.4258534079606567 0.010585639186949597 -0.12136018882162394 -0.03244137676920763 -0.00035575961178650956 -0.05441132353332553 -0.03634995720205673 0.005853717997068854 -0.02086167996453689 0.05452513477378519 -0.04203216245563566 -0.07434778974237737 -0.007153394610150219 -0.029864706202856788 0.041091031044142266 0.019055423948989944 -0.001221282157240266 0.004059798164928378 0.015987295753381453 0.05404601332793402
-0.00980471916 -0.059763241259999995 -0.08733156012 -0.00830290104 0.03514729284 0.11985917058000001 1.4291909404199998 1.02628627272 -11.24918488044 -0.00528523416 -0.02460380652 0.16504970346 -0.034250680979999996 0.01907843256 0.23723707644 0.0250649289 0.10231250616 -0.12230589833999998 0.040225305239999995 -0.10305451115999999 0.12179324033999998 -0.013425703559999998 -0.035996146560000004 -0.08105284872 1.54074963834 -0.0716722866 1.30242626658 0.054063563579999994 0.00885900006 -0.04250771262 0.02758261932 1.5282194673599998 1.38839577534 0.04723981577999999 -0.0018253323000000001 -0.023239056959999997 0.10423281509999999 0.03837326076 0.03541549392 -0.05240821788 -0.0065822588999999996 0.00974293038 0.03084069582 -1.9786615623 1.7134425329399998 -1.7441313201000002 0.07245719298 1.4692883509799999 -0.06564342851999999 -2.29606270038 1.81658635452 -1.6897979365200002 -0.07521799122 1.4645991492 0.01930400208 -0.04195458162 0.02789318214 -0.02705700996 0.14429730762 0.06395030802 0.05109743232 -0.00555586362 -0.22525841754 0.04469460372 -0.00496118034 0.24530874174 -0.02491275042 1.6493573149199998 1.35759204486 -0.07021876626000001 0.04509690534 -0.0564315039 0.012320663691859196 0.056095809480408626 -0.011179765697461071 0.023896779023928057 -0.012474269072339726 0.09974639961069277 -0.026948989563528203 0.016539240475470816 -0.029070415168040376 -0.006770972924549731 0.03218749015587452 -0.04657108206641523 0.03156312009894719 -0.056747637493950356 -0.0005264764724760091 0.2633850766146815 -0.057508899392549453 0.32215465436309193 0.0030963820350233006 0.007093305458718716 -0.038929015416808814 0.05991246544980954 0.011141961264441252 0.10350097672166114
-0.05554757358 0.00912882006 -0.07195343904 1.3362870576599999 -1.60878070404 0.06585415793999999 -0.054152064539999996 -0.00097108218 -0.00528523416 -9.126579204899999 -0.95373194454 1.4291909404199998 1.37548812618 1.60129319904 -0.04133696364 0.02677208004 -0.05557509522 -0.00781290792 0.16634106198 -0.0016013816999999998 0.027320084459999998 0.07902865908 -0.05616815958 0.0889879851 0.02164280184 -0.00667210896 -0.01398854808 1.26228838302 -0.01750295358 1.54824631722 -0.0195268734 0.02260632906 -0.09250562844 -0.21601357488 0.054713290139999995 -0.03390342264 0.05834479752 -0.02048284566 -0.013497205860000002 0.09676446731999999 0.0383103927 0.04806816318 1.40842910088 -0.02724183666 -1.7370148176 -0.04585402026 -0.08485434269999999 0.067603401 1.52949841416 0.0896261094 -1.87769383902 -0.26161963056 -0.0335372769 0.0099050922 0.08261024975999999 0.01364317848 -0.038888347139999994 0.04747941594 -0.04784691078 0.0164158488 -0.05891061005999999 0.00445149036 0.04469460372 1.2894347034 1.50588592632 0.05109743232 -0.03874534254 -0.04245024096 0.048199025879999996 -0.11908424754 0.05502870971999999 0.008896505039999999 0.3898787094989967 -0.4295960468296188 0.032893438199844624 -0.0041222749647611325 0.0036244502731001445 0.014830480102974986 0.004691729108459673 0.0006959995089648828 0.011855470195015316 0.01645447895722638 0.11458722619007318 0.011190112173866498 0.41877124486114387 -0.08162733177639372 0.3948458140564008 0.00457393845399792 -0.03645859520431368 0.006004935729148131 0.09118349656100361 0.044573416237367935 0.01752693103078862 0.364880030737891 0.015346610099045572 -0.024032079099998993
0.00358617762 0.0356594112 -0.06476327568 -1.5779578163399999 1.39932915156 -0.08560228374 -0.00097108218 -0.09768860082 -0.02460380652 -0.95373194454 -10.86201935298 1.02628627272 1.4491109415599999 1.28682797238 0.03969699768 0.0045572598 0.10448131932 0.06351670728 0.00403812612 -0.10549206504 -0.02892767202 -0.00401303286 -0.0024032867399999998 -0.0686449062 -0.05566953221999999 -0.02419556886 -0.012865557239999999 0.0474019776 -0.15746182542 -0.01206796932 -0.07048885608000001 0.31702312026 0.09192902309999999 0.09058154202 1.3770646844399999 1.63080665028 -0.05562177408 0.00564679296 0.00051994314 0.02795443128 0.11839512726 0.00185932962 -0.061447727519999995 -0.15587366490000001 0.06292715058 -0.03006847098 1.65812052888 -2.0632976206199998 -0.0385424379 -0.19252115694 0.13200080076 0.13050060155999998 1.7792189827200002 -2.2564763289 -0.07369134966 0.04926832253999999 0.04294886832 -0.04414956732 0.09139558896 -0.04667400324 0.00445149036 0.04422727548 -0.00496118034 1.50588592632 1.3280982904799998 -0.00555586362 0.04101641748 0.31316496408 0.00526526748 0.08773655994 1.35920502882 1.52603878212 -0.24935087725352398 0.4258534079606567 0.010585639186949597 0.03807184964075944 0.029995628923525423 0.04722808331815966 -0.05441132353332553 -0.03634995720205673 0.005853717997068854 -0.12136018882162394 -0.03244137676920763 -0.00035575961178650956 -0.07434778974237737 -0.007153394610150219 -0.029864706202856788 -0.02086167996453689 0.05452513477378519 -0.04203216245563566 0.004059798164928378 0.015987295753381453 0.05404601332793402 0.041091031044142266 0.019055423948989944 -0.001221282157240266
-0.00830290104 0.03514729284 0.11985917058000001 -0.00980471916 -0.059763241259999995 -0.08733156012 -0.00528523416 -0.02460380652 0.16504970346 1.4291909404199998 1.02628627272 -11.24918488044 0.0250649289 0.10231250616 -0.12230589833999998 -0.034250680979999996 0.01907843256 0.23723707644 -0.013425703559999998 -0.035996146560000004 -0.08105284872 0.040225305239999995 -0.10305451115999999 0.12179324033999998 0.054063563579999994 0.00885900006 -0.04250771262 1.54074963834 -0.0716722866 1.30242626658 0.04723981577999999 -0.0018253323000000001 -0.023239056959999997 0.02758261932 1.5282194673599998 1.38839577534 -0.05240821788 -0.0065822588999999996 0.00974293038 0.10423281509999999 0.03837326076 0.03541549392 -1.7441313201000002 0.07245719298 1.4692883509799999 0.03084069582 -1.9786615623 1.7134425329399998 -1.6897979365200002 -0.07521799122 1.4645991492 -0.06564342851999999 -2.29606270038 1.81658635452 -0.02705700996 0.14429730762 0.06395030802 0.01930400208 -0.04195458162 0.02789318214 0.04469460372 -0.00496118034 0.24530874174 0.05109743232 -0.00555586362 -0.22525841754 -0.07021876626000001 0.04509690534 -0.0564315039 -0.02491275042 1.6493573149199998 1.35759204486 0.023896779023928057 -0.012474269072339726 0.09974639961069277 0.012320663691859196 0.056095809480408626 -0.011179765697461071 -0.006770972924549731 0.03218749015587452 -0.04657108206641523 -0.026948989563528203 0.016539240475470816 -0.029070415168040376 0.2633850766146815 -0.057508899392549453 0.32215465436309193 0.03156312009894719 -0.056747637493950356 -0.0005264764724760091 0.05991246544980954 0.011141961264441252 0.10350097672166114 0.0030963820350233006 0.007093305458718716 -0.038929015416808814
0.09655751538 -0.01340519724 0.04059387936 0.21392112077999997 0.0672742206 0.0006580909799999999 0.02677208004 0.0045572598 -0.034250680979999996 1.37548812618 1.4491109415599999 0.0250649289 -10.2993235038 0.09207175788 0.5518169766 0.0443476152 0.054498243599999996 -0.0517501269 1.5267354573599998 -1.84370920056 -0.07996061736 0.10061614782 0.07859559798 -0.00365147406 -0.0149412825 0.03914602524 0.00325969542 0.04930798608 0.06019468344 0.011882063339999999 1.42944619014 -1.5724691379 -0.03727779156 0.03797257806 -0.06445433178 -0.027561573359999997 0.159976278 -0.008391402000000001 -0.02039137668 -0.01172664702 -0.0779429034 0.059135639940000005 0.04634077554 0.02166007032 0.029250106919999998 1.28253918348 0.05542264692 1.51743907908 -0.08177326812 -0.040731757380000004 -0.046041545159999996 -0.0011426876999999999 0.01928754306 -0.03330846954 -0.03344472864 0.0008448064199999999 -0.026108862479999998 1.4478719281199999 1.7953582660199998 -0.0782761311 0.05834479752 -0.05562177408 -0.05240821788 0.09676446731999999 0.02795443128 0.10423281509999999 -0.14429919636 0.01882075446 0.0295102134 1.5977647629 -0.04540180194 -1.6951851626399999 -0.04683571309755396 0.055606739499552235 0.0007592721915980539 0.022230200439854342 0.020027196848299404 -0.05395966004408874 0.08459876021175151 0.05243594242268992 0.025073093802944754 0.3520249317455516 0.053102096326639155 0.3277791581136406 0.03215645072665825 0.05978671596734362 -0.07806257271332487 0.40682504402688097 -0.1719094910659248 -0.48026115002138037 0.047506244356905494 -0.08416460614412391 0.031327936731423894 0.17543445598897278 -0.033211393378611315 0.031447319151486484
-0.017975948040000002 -0.07052797997999999 0.007227668340000001 0.037950722640000004 -0.00041498315999999996 -0.042307776 -0.05557509522 0.10448131932 0.01907843256 1.60129319904 1.28682797238 0.10231250616 0.09207175788 -10.33309660338 0.88640618832 0.054498243599999996 0.026821726919999997 -0.11464921619999999 -1.7674089613199997 1.4708832569999999 0.0484569738 0.07216524774 0.233218917 0.0020182536 0.01195464492 0.06850675836 0.05151619296 0.03807133218 0.04912396884 0.029914943399999998 -1.65777381018 1.35793282752 -0.09464179338 0.04865043474 0.0395191863 0.014395706460000001 -0.008391402000000001 -0.00937003914 -0.03344769666 -0.0779429034 -0.0235107657 -0.0514964961 0.03009086604 -0.01738881972 -0.00848475972 -0.10651495266 -0.08279885394 -0.03296363958 -0.0280923093 1.3226517039599999 1.57157009766 0.04565435346 0.33550201278 -0.00462849228 0.00170957952 -0.0431361234 0.0046071765 1.65162946914 1.37925022644 -0.10491518988 -0.02048284566 0.00564679296 -0.0065822588999999996 0.0383103927 0.11839512726 0.03837326076 0.038266412039999996 1.6822159945200001 -2.04538319154 -0.01970252622 -0.21849349050000003 0.010884808619999999 0.028664116998427372 0.3671928661559035 -0.08394215690140727 0.09993303412739062 0.30097541716118853 0.2487941572346321 0.046460454357157226 0.043798624331161745 -0.019485200661215257 -0.010224308395560168 0.06026822506159605 -0.04913024321115688 -0.08097590170425219 0.545207574183829 -0.4444718922522176 -0.0435706039088422 0.0031389617648456235 0.025599968216820968 -0.0379914654779173 0.04908408200873269 -0.014853162762786877 -0.0038102889069975714 0.05080478062323478 0.08850137152359748
0.03673707228 -0.01602838728 0.10267919153999999 -0.005766053399999999 0.0008887870799999999 0.02678476158 -0.00781290792 0.06351670728 0.23723707644 -0.04133696364 0.03969699768 -0.12230589833999998 0.5518169766 0.88640618832 -8.09812762668 -0.0517501269 -0.11464921619999999 0.15892694802 0.01564875054 -0.0082726812 -0.17785293228 -0.02090052702 -0.04466303478 0.18517908492 0.013418688239999999 0.006293011859999999 -0.06676803828 0.0113351382 0.04489723854 0.0695771343 -0.06148442304 -0.09141015924 -0.18170380332 -0.02033930142 -0.01122505164 0.05928781842 -0.02039137668 -0.03344769666 -0.0690563817 0.059135639940000005 -0.0514964961 0.11425527900000002 -0.0219727917 0.0300201732 -0.03267331326 1.4941236630599999 0.10131390234 1.3214178171 0.02753567064 1.64494791648 1.37683587708 -0.048080844719999995 -0.04013113806 -0.054639089640000006 0.0055005505199999995 0.020295860399999997 0.18274476888 0.04062571812 0.00136744776 -0.17773502094 -0.013497205860000002 0.00051994314 0.00974293038 0.04806816318 0.00185932962 0.03541549392 0.02055542724 -2.24336685438 1.7545291036200001 -2.0197254681000003 0.01305631998 1.47086814708 -0.010234654871965593 0.05317094018887525 0.023328120763029935 0.007169710207558772 0.3232119846634462 0.4210259808347259 -0.03705709907022745 0.0787052480746618 0.00802329451100627 0.3283191645937237 0.04266090986796529 0.3691586966729341 0.103660949164545 -0.7361398580039267 0.6224663052687324 -0.3609837864884483 0.037307404210958676 0.358463225659527 0.061310433588742434 -0.06664046070313674 0.023389801680062276 -0.014915241621219422 0.004057410516527127 0.10379226982661384
0.21392112077999997 0.0672742206 0.0006580909799999999 0.09655751538 -0.01340519724 0.04059387936 1.37548812618 1.4491109415599999 0.0250649289 0.02677208004 0.0045572598 -0.034250680979999996 0.0443476152 0.054498243599999996 -0.0517501269 -10.2993235038 0.09207175788 0.5518169766 0.10061614782 0.07859559798 -0.00365147406 1.5267354573599998 -1.84370920056 -0.07996061736 0.04930798608 0.06019468344 0.011882063339999999 -0.0149412825 0.03914602524 0.00325969542 0.03797257806 -0.06445433178 -0.027561573359999997 1.42944619014 -1.5724691379 -0.03727779156 -0.01172664702 -0.0779429034 0.059135639940000005 0.159976278 -0.008391402000000001 -0.02039137668 1.28253918348 0.05542264692 1.51743907908 0.04634077554 0.02166007032 0.029250106919999998 -0.0011426876999999999 0.01928754306 -0.03330846954 -0.08177326812 -0.040731757380000004 -0.046041545159999996 1.4478719281199999 1.7953582660199998 -0.0782761311 -0.03344472864 0.0008448064199999999 -0.026108862479999998 0.09676446731999999 0.02795443128 0.10423281509999999 0.05834479752 -0.05562177408 -0.05240821788 1.5977647629 -0.04540180194 -1.6951851626399999 -0.14429919636 0.01882075446 0.0295102134 0.022230200439854342 0.020027196848299404 -0.05395966004408874 -0.04683571309755396 0.055606739499552235 0.0007592721915980539 0.3520249317455516 0.053102096326639155 0.3277791581136406 0.08459876021175151 0.05243594242268992 0.025073093802944754 0.40682504402688097 -0.1719094910659248 -0.48026115002138037 0.03215645072665825 0.05978671596734362 -0.07806257271332487 0.17543445598897278 -0.033211393378611315 0.031447319151486484 0.047506244356905494 -0.08416460614412391 0.031327936731423894
0.037950722640000004 -0.00041498315999999996 -0.042307776 -0.017975948040000002 -0.07052797997999999 0.007227668340000001 1.60129319904 1.28682797238 0.10231250616 -0.05557509522 0.10448131932 0.01907843256 0.054498243599999996 0.026821726919999997 -0.11464921619999999 0.09207175788 -10.33309660338 0.88640618832 0.07216524774 0.233218917 0.0020182536 -1.7674089613199997 1.4708832569999999 0.0484569738 0.03807133218 0.04912396884 0.029914943399999998 0.01195464492 0.06850675836 0.05151619296 0.04865043474 0.0395191863 0.014395706460000001 -1.65777381018 1.35793282752 -0.09464179338 -0.0779429034 -0.0235107657 -0.0514964961 -0.008391402000000001 -0.00937003914 -0.03344769666 -0.10651495266 -0.08279885394 -0.03296363958 0.03009086604 -0.01738881972 -0.00848475972 0.04565435346 0.33550201278 -0.00462849228 -0.0280923093 1.3226517039599999 1.57157009766 1.65162946914 1.37925022644 -0.10491518988 0.00170957952 -0.0431361234 0.0046071765 0.0383103927 0.11839512726 0.03837326076 -0.02048284566 0.00564679296 -0.0065822588999999996 -0.01970252622 -0.21849349050000003 0.010884808619999999 0.038266412039999996 1.6822159945200001 -2.04538319154 0.09993303412739062 0.30097541716118853 0.2487941572346321 0.028664116998427372 0.3671928661559035 -0.08394215690140727 -0.010224308395560168 0.06026822506159605 -0.04913024321115688 0.046460454357157226 0.043798624331161745 -0.019485200661215257 -0.0435706039088422 0.0031389617648456235 0.025599968216820968 -0.08097590170425219 0.545207574183829 -0.4444718922522176 -0.0038102889069975714 0.05080478062323478 0.08850137152359748 -0.0379914654779173 0.04908408200873269 -0.014853162762786877
-0.005766053399999999 0.0008887870799999999 0.02678476158 0.03673707228 -0.01602838728 0.10267919153999999 -0.04133696364 0.03969699768 -0.12230589833999998 -0.00781290792 0.06351670728 0.23723707644 -0.0517501269 -0.11464921619999999 0.15892694802 0.5518169766 0.88640618832 -8.09812762668 -0.02090052702 -0.04466303478 0.18517908492 0.01564875054 -0.0082726812 -0.17785293228 0.0113351382 0.04489723854 0.0695771343 0.013418688239999999 0.006293011859999999 -0.06676803828 -0.02033930142 -0.01122505164 0.05928781842 -0.06148442304 -0.09141015924 -0.18170380332 0.059135639940000005 -0.0514964961 0.11425527900000002 -0.02039137668 -0.03344769666 -0.0690563817 1.4941236630599999 0.10131390234 1.3214178171 -0.0219727917 0.0300201732 -0.03267331326 -0.048080844719999995 -0.04013113806 -0.054639089640000006 0.02753567064 1.64494791648 1.37683587708 0.04062571812 0.00136744776 -0.17773502094 0.0055005505199999995 0.020295860399999997 0.18274476888 0.04806816318 0.00185932962 0.03541549392 -0.013497205860000002 0.00051994314 0.00974293038 -2.0197254681000003 0.01305631998 1.47086814708 0.02055542724 -2.24336685438 1.7545291036200001 0.007169710207558772 0.3232119846634462 0.4210259808347259 -0.010234654871965593 0.05317094018887525 0.023328120763029935 0.3283191645937237 0.04266090986796529 0.3691586966729341 -0.03705709907022745 0.0787052480746618 0.00802329451100627 -0.3609837864884483 0.037307404210958676 0.358463225659527 0.103660949164545 -0.7361398580039267 0.6224663052687324 -0.014915241621219422 0.004057410516527127 0.10379226982661384 0.061310433588742434 -0.06664046070313674 0.023389801680062276
1.4079072689999999 0.03114235458 1.5777913373999999 0.08314422354 0.01897212348 -0.06331677066000001 0.07902865908 -0.00401303286 0.040225305239999995 0.16634106198 0.00403812612 -0.013425703559999998 1.5267354573599998 -1.7674089613199997 0.01564875054 0.10061614782 0.07216524774 -0.02090052702 -9.688434025140001 1.32038953308 -1.92593657574 0.06505549074 0.0967641975 -0.0534351528 1.41532435098 -1.6920406803599999 -0.05603999508 0.09970955262 0.07506581274 -0.02506735728 0.00636289524 -0.00109924668 -0.02978596944 0.13291656984 0.03910744098 0.04362476742 1.4478719281199999 1.65162946914 0.04062571812 -0.03344472864 0.00170957952 0.0055005505199999995 0.20505726396 0.06338584458 0.00529494768 -0.00042658542 0.013183944840000001 0.03976013556 1.39311061002 0.01295729604 1.6751302515 0.08388514926 0.0456548931 -0.03557792556 -0.13338416790000002 -0.12215641806000001 -0.06723401742 -0.02416561884 0.03275911602 -0.0490586724 0.04747941594 -0.04414956732 0.01930400208 0.08261024975999999 -0.07369134966 -0.02705700996 0.09181758743999999 0.00731266164 -0.01145979504 0.10200194334 -0.04490506332 0.02157049008 0.30384736024649417 0.287818678587491 0.0059181845039026505 -0.029013111606410333 -0.09599421014812566 -0.06901139556557973 0.030391182675332796 0.01797859452002541 0.01420491622184703 0.04572983394637419 0.024779810990990993 -0.12424765162153772 0.44274442863391195 -0.024037252338201705 -0.49185159124385675 0.1447296954902756 0.12962065640715456 -0.08883842788957419 0.07030948041306026 0.029040967504424937 -0.0485540240636548 0.32544165032881517 -0.08248569137664372 -0.33953076560320145
0.02318779116 -0.15008359752 0.02211768504 0.08030679641999999 0.029371525919999995 -0.047599485840000004 -0.05616815958 -0.0024032867399999998 -0.10305451115999999 -0.0016013816999999998 -0.10549206504 -0.035996146560000004 -1.84370920056 1.4708832569999999 -0.0082726812 0.07859559798 0.233218917 -0.04466303478 1.32038953308 -8.61558167718 -0.54152550216 0.0967641975 0.08247129246 -0.10134439199999999 -1.7593097743800001 1.4330463984 0.05844624984 0.12084212484 0.19285546392 -0.01996452144 -0.05336823744 0.05212976364 0.01046955564 0.10052467883999999 0.06357309966000001 0.01786154436 1.7953582660199998 1.37925022644 0.00136744776 0.0008448064199999999 -0.0431361234 0.020295860399999997 0.04908322602 -0.04588450992 -0.047618103419999995 -0.09466149024 -0.015283144439999998 -0.08640742662 -0.05267722842 -0.16779242376 0.03130775424 0.0414767304 0.03909071214 -0.0603061191 -0.12215641806000001 1.36148770602 1.7948348152199998 0.03275911602 0.32919362118 -0.033295788 -0.04784691078 0.09139558896 -0.04195458162 0.01364317848 0.04926832253999999 0.14429730762 -0.00042523632000000003 0.13170750641999998 -0.04171767966 -0.09638051346 0.0172873674 0.12908404656 0.2123825191155431 0.30736715193133946 -0.004161671163381786 -0.05177814528814507 -0.00385406246102052 -0.044186219254964944 0.07405968016862632 0.20823835737377044 0.009788562562331725 -0.0050212245878324124 0.3371685854515631 0.3071108776696051 0.03163474955098475 0.11579219274990489 -0.13259487043231383 0.04853691258344583 0.5891418965324619 -0.5277813223272931 -0.0022495627353793495 0.6102236380913142 -0.6298998506246295 0.0633570462100154 0.1732525432916289 0.012793816016707251
1.7851485470400001 0.01491915726 1.3511390297399999 -0.07074356616 -0.03955507236 0.018655084979999997 0.0889879851 -0.0686449062 0.12179324033999998 0.027320084459999998 -0.02892767202 -0.08105284872 -0.07996061736 0.0484569738 -0.17785293228 -0.00365147406 0.0020182536 0.18517908492 -1.92593657574 -0.54152550216 -7.300113121260001 -0.0534351528 -0.10134439199999999 0.18084118878 -0.0129027924 0.07305592356 -0.19181638709999999 -0.03922670142 0.004282852859999999 0.17730061074 0.051531302880000004 -0.028130353920000004 -0.0481466808 0.03883222458 0.035566323299999994 0.05777062056 -0.0782761311 -0.10491518988 -0.17773502094 -0.026108862479999998 0.0046071765 0.18274476888 -0.05399314056 -0.017266861079999998 -0.053450802359999994 0.038773133999999994 -0.007340722920000001 0.09846919007999999 1.76724329184 0.0209569194 1.3994457138 -0.08935062317999999 -0.058932735300000004 -0.01853150742 -0.06723401742 1.7948348152199998 1.44316222002 -0.0490586724 -0.033295788 -0.04907324268 0.0164158488 -0.04667400324 0.02789318214 -0.038888347139999994 0.04294886832 0.06395030802 0.031038204059999998 -0.0337720203 0.0695002356 -0.00686341134 0.041811307199999995 0.0365997339 -0.19957557103262893 -0.17229589216552735 0.13397453326683711 -0.08622952406980644 0.03310235743495415 0.16618430814112334 -0.04044079479620138 0.04604460559393922 -0.011716588646342506 -0.06569972723304356 0.3503285075564623 0.3252693417025248 -0.4642380395419801 0.017138540224185005 0.4922929082566881 -0.0188687894322921 -0.6542602313798006 0.5742787852346698 0.030301247918885648 -0.7072278235131693 0.64416843747051 -0.36205862621041185 0.03565714122429351 0.4219802443124262
0.08314422354 0.01897212348 -0.06331677066000001 1.4079072689999999 0.03114235458 1.5777913373999999 0.16634106198 0.00403812612 -0.013425703559999998 0.07902865908 -0.00401303286 0.040225305239999995 0.10061614782 0.07216524774 -0.02090052702 1.5267354573599998 -1.7674089613199997 0.01564875054 0.06505549074 0.0967641975 -0.0534351528 -9.688434025140001 1.32038953308 -1.92593657574 0.09970955262 0.07506581274 -0.02506735728 1.41532435098 -1.6920406803599999 -0.05603999508 0.13291656984 0.03910744098 0.04362476742 0.00636289524 -0.00109924668 -0.02978596944 -0.03344472864 0.00170957952 0.0055005505199999995 1.4478719281199999 1.65162946914 0.04062571812 -0.00042658542 0.013183944840000001 0.03976013556 0.20505726396 0.06338584458 0.00529494768 0.08388514926 0.0456548931 -0.03557792556 1.39311061002 0.01295729604 1.6751302515 -0.02416561884 0.03275911602 -0.0490586724 -0.13338416790000002 -0.12215641806000001 -0.06723401742 0.08261024975999999 -0.07369134966 -0.02705700996 0.04747941594 -0.04414956732 0.01930400208 0.10200194334 -0.04490506332 0.02157049008 0.09181758743999999 0.00731266164 -0.01145979504 -0.029013111606410333 -0.09599421014812566 -0.06901139556557973 0.30384736024649417 0.287818678587491 0.0059181845039026505 0.04572983394637419 0.024779810990990993 -0.12424765162153772 0.030391182675332796 0.01797859452002541 0.01420491622184703 0.1447296954902756 0.12962065640715456 -0.08883842788957419 0.44274442863391195 -0.024037252338201705 -0.49185159124385675 0.32544165032881517 -0.08248569137664372 -0.33953076560320145 0.07030948041306026 0.029040967504424937 -0.0485540240636548
0.08030679641999999 0.029371525919999995 -0.047599485840000004 0.02318779116 -0.15008359752 0.02211768504 -0.0016013816999999998 -0.10549206504 -0.035996146560000004 -0.05616815958 -0.0024032867399999998 -0.10305451115999999 0.07859559798 0.233218917 -0.04466303478 -1.84370920056 1.4708832569999999 -0.0082726812 0.0967641975 0.08247129246 -0.10134439199999999 1.32038953308 -8.61558167718 -0.54152550216 0.12084212484 0.19285546392 -0.01996452144 -1.7593097743800001 1.4330463984 0.05844624984 0.10052467883999999 0.06357309966000001 0.01786154436 -0.05336823744 0.05212976364 0.01046955564 0.0008448064199999999 -0.0431361234 0.020295860399999997 1.7953582660199998 1.37925022644 0.00136744776 -0.09466149024 -0.015283144439999998 -0.08640742662 0.04908322602 -0.04588450992 -0.047618103419999995 0.0414767304 0.03909071214 -0.0603061191 -0.05267722842 -0.16779242376 0.03130775424 0.03275911602 0.32919362118 -0.033295788 -0.12215641806000001 1.36148770602 1.7948348152199998 0.01364317848 0.04926832253999999 0.14429730762 -0.04784691078 0.09139558896 -0.04195458162 -0.09638051346 0.0172873674 0.12908404656 -0.00042523632000000003 0.13170750641999998 -0.04171767966 -0.05177814528814507 -0.00385406246102052 -0.044186219254964944 0.2123825191155431 0.30736715193133946 -0.004161671163381786 -0.0050212245878324124 0.3371685854515631 0.3071108776696051 0.07405968016862632 0.20823835737377044 0.009788562562331725 0.04853691258344583 0.5891418965324619 -0.5277813223272931 0.03163474955098475 0.11579219274990489 -0.13259487043231383 0.0633570462100154 0.1732525432916289 0.012793816016707251 -0.0022495627353793495 0.6102236380913142 -0.6298998506246295
