4.902390 0.000000 0.000000
0.000000 6.710272 0.000000
0.000000 0.000000 7.480048
0.000000 0.000000 7.480048
-4.902390 6.710272 0.000000
-4.902390 -6.710272 0.000000
32 2
direct
0.250000 0.045456 0.038316 Al
0.250000 0.545456 0.538317 Al
0.444872 0.404205 0.233306 Al
0.444872 0.904205 0.733306 Al
0.055128 0.404205 0.233306 Al
0.055128 0.904205 0.733306 Al
0.555128 0.233306 0.904205 Al
0.555128 0.733306 0.404205 Al
0.444872 0.766694 0.095795 Al
0.444872 0.266694 0.595795 Al
0.944872 0.595795 0.766694 Al
0.944872 0.095795 0.266694 Al
0.055128 0.766694 0.095795 Al
0.055128 0.266694 0.595795 Al
0.555128 0.595795 0.766694 Al
0.555128 0.095795 0.266694 Al
0.944872 0.233306 0.904205 Al
0.944872 0.733306 0.404205 Al
0.250000 0.461684 0.954545 Al
0.250000 0.961684 0.454545 Al
0.750000 0.954544 0.961683 Al
0.750000 0.454545 0.461684 Al
0.750000 0.538316 0.045456 Al
0.750000 0.038316 0.545456 Al
0.250000 0.713213 0.843330 Ni
0.250000 0.213213 0.343330 Ni
0.250000 0.656670 0.286787 Ni
0.250000 0.156670 0.786787 Ni
0.750000 0.286787 0.156670 Ni
0.750000 0.786787 0.656670 Ni
0.750000 0.343330 0.713213 Ni
0.750000 0.843330 0.213213 Ni
-5.6012891661 -1.6444706049 -0.0 0.3140596872 0.03578838516 0.0 0.16632487278 -0.12653047007999998 -0.17430830694 0.870749613 0.53086437432 0.70817847606 0.16632487278 -0.12653047007999998 0.17430830694 0.870749613 0.53086437432 -0.70817847606 -0.057213981899999995 -0.013461049979999999 -0.036180703439999996 0.04401195912 -0.039044303100000004 0.00521454132 0.08154796841999999 -0.44661173022 0.28568163851999995 0.14332217814 0.13041776682 -0.11704926510000001 0.12333553146000001 -0.03851329734 -0.15003637902 0.23055552378 0.2918548503 0.51201124146 0.08154796841999999 -0.44661173022 -0.28568163851999995 0.14332217814 0.13041776682 0.11704926510000001 0.12333553146000001 -0.03851329734 0.15003637902 0.23055552378 0.2918548503 -0.51201124146 -0.057213981899999995 -0.013461049979999999 0.036180703439999996 0.04401195912 -0.039044303100000004 -0.00521454132 0.07930819260000001 -0.15176862342 0.0 0.07930819260000001 0.10022787684 0.0 0.10390066668 0.003907263419999999 0.0 -0.03356803638 0.047375805060000005 -0.0 0.0362044476 0.01816805988 0.0 0.0362044476 -0.04416845472 0.0 -0.15563567750439314 0.10659775669808463 -0.0 1.4044772664161074 0.38913455908060657 0.0 0.01380578099743778 0.06270999349327618 0.0 0.3313367542315057 0.42707270041089596 0.0 0.08559639930207452 0.05069176526557552 0.0 -0.00876028198419264 -0.06350866188349487 0.0 0.08614078313755993 0.011711813349540003 -0.0 -0.010921501728725675 0.040710997006943035 0.0
-1.6444706049 -5.11334020242 -0.0 0.03578838516 0.019919731320000002 -0.0 -0.17305013628 0.08249800464 0.07651069884 0.48989922263999996 0.02858581008 0.32110144956 -0.17305013628 0.08249800464 -0.07651069884 0.48989922263999996 0.02858581008 -0.32110144956 -0.08341970975999999 0.19896041124 0.25772774688 0.01210439502 -0.01897886898 0.0065363895 -0.2784515418 0.66765232152 -0.60400906866 0.0386409222 0.10104111432 0.016871844599999998 -0.08160139277999999 0.01763327664 0.01166458842 0.03559087692 0.16607070234 0.15605012718 -0.2784515418 0.66765232152 0.60400906866 0.0386409222 0.10104111432 -0.016871844599999998 -0.08160139277999999 0.01763327664 -0.01166458842 0.03559087692 0.16607070234 -0.15605012718 -0.08341970975999999 0.19896041124 -0.25772774688 0.01210439502 -0.01897886898 -0.0065363895 -0.10022787684 0.1691218269 0.0 0.15176862342 0.1691218269 0.0 0.003907263419999999 -0.05085135648 0.0 0.047375805060000005 0.0490694652 0.0 0.04416845472 -0.03264174432 0.0 -0.01816805988 -0.03264174432 -0.0 0.0034433869360052205 0.15546098122970156 -0.0 0.9417418536013149 0.539597794265088 0.0 0.006356317985532345 0.173451116050333 0.0 0.32057363318006304 1.512801292908297 0.0 -0.014101849399192996 0.003490344021229838 0.0 -0.018840137651477077 -0.026010643741836266 -0.0 0.059144836488807105 -0.09109316386315625 0.0 0.019400041201570614 0.10404177908454465 -0.0
-0.0 -0.0 -3.25117666296 0.0 -0.0 0.06571223261999999 -0.11851249896 0.04138094429999999 0.02482020216 0.7485122489399999 0.29053597014 0.29015768249999996 0.11851249896 -0.04138094429999999 0.02482020216 -0.7485122489399999 -0.29053597014 0.29015768249999996 -0.09227897964000001 0.2683508301 0.18868809402 -0.005281726499999999 -0.0006597099000000001 -0.0017783836199999998 0.14712016445999998 -0.31701313692 0.26642890224 -0.02170081314 0.0473642028 -0.00286575822 -0.07498135908 -0.02266380072 0.036313185059999996 0.28268825544000004 0.35783636327999996 0.587033883 -0.14712016445999998 0.31701313692 0.26642890224 0.02170081314 -0.0473642028 -0.00286575822 0.07498135908 0.02266380072 0.036313185059999996 -0.28268825544000004 -0.35783636327999996 0.587033883 0.09227897964000001 -0.2683508301 0.18868809402 0.005281726499999999 0.0006597099000000001 -0.0017783836199999998 0.0 0.0 -0.07896309282 0.0 -0.0 -0.07896309282 0.0 0.0 -0.05467389642 -0.0 0.0 -0.0752001831 0.0 0.0 0.0517757598 0.0 -0.0 0.0517757598 0.0 0.0 0.1114220002928138 0.0 -0.0 0.01966148870150768 0.0 0.0 0.04622168951703206 0.0 -0.0 0.11859807756277589 0.0 0.0 0.2126972907631081 0.0 0.0 -0.05437869233850842 0.0 -0.0 -0.018515019527506633 0.0 0.0 0.25721698491144784
0.3140596872 0.03578838516 0.0 -5.6012891661 -1.6444706049 -0.0 0.870749613 0.53086437432 0.70817847606 0.16632487278 -0.12653047007999998 -0.17430830694 0.870749613 0.53086437432 -0.70817847606 0.16632487278 -0.12653047007999998 0.17430830694 0.04401195912 -0.039044303100000004 0.00521454132 -0.057213981899999995 -0.013461049979999999 -0.036180703439999996 0.14332217814 0.13041776682 -0.11704926510000001 0.08154796841999999 -0.44661173022 0.28568163851999995 0.23055552378 0.2918548503 0.51201124146 0.12333553146000001 -0.03851329734 -0.15003637902 0.14332217814 0.13041776682 0.11704926510000001 0.08154796841999999 -0.44661173022 -0.28568163851999995 0.23055552378 0.2918548503 -0.51201124146 0.12333553146000001 -0.03851329734 0.15003637902 0.04401195912 -0.039044303100000004 -0.00521454132 -0.057213981899999995 -0.013461049979999999 0.036180703439999996 0.07930819260000001 0.10022787684 0.0 0.07930819260000001 -0.15176862342 0.0 -0.03356803638 0.047375805060000005 -0.0 0.10390066668 0.003907263419999999 0.0 0.0362044476 -0.04416845472 0.0 0.0362044476 0.01816805988 0.0 1.4044772664161074 0.38913455908060657 0.0 -0.15563567750439314 0.10659775669808463 -0.0 0.3313367542315057 0.42707270041089596 0.0 0.01380578099743778 0.06270999349327618 0.0 -0.00876028198419264 -0.06350866188349487 0.0 0.08559639930207452 0.05069176526557552 0.0 -0.010921501728725675 0.040710997006943035 0.0 0.08614078313755993 0.011711813349540003 -0.0
0.03578838516 0.019919731320000002 -0.0 -1.6444706049 -5.11334020242 -0.0 0.48989922263999996 0.02858581008 0.32110144956 -0.17305013628 0.08249800464 0.07651069884 0.48989922263999996 0.02858581008 -0.32110144956 -0.17305013628 0.08249800464 -0.07651069884 0.01210439502 -0.01897886898 0.0065363895 -0.08341970975999999 0.19896041124 0.25772774688 0.0386409222 0.10104111432 0.016871844599999998 -0.2784515418 0.66765232152 -0.60400906866 0.03559087692 0.16607070234 0.15605012718 -0.08160139277999999 0.01763327664 0.01166458842 0.0386409222 0.10104111432 -0.016871844599999998 -0.2784515418 0.66765232152 0.60400906866 0.03559087692 0.16607070234 -0.15605012718 -0.08160139277999999 0.01763327664 -0.01166458842 0.01210439502 -0.01897886898 -0.0065363895 -0.08341970975999999 0.19896041124 -0.25772774688 0.15176862342 0.1691218269 0.0 -0.10022787684 0.1691218269 0.0 0.047375805060000005 0.0490694652 0.0 0.003907263419999999 -0.05085135648 0.0 -0.01816805988 -0.03264174432 -0.0 0.04416845472 -0.03264174432 0.0 0.9417418536013149 0.539597794265088 0.0 0.0034433869360052205 0.15546098122970156 -0.0 0.32057363318006304 1.512801292908297 0.0 0.006356317985532345 0.173451116050333 0.0 -0.018840137651477077 -0.026010643741836266 -0.0 -0.014101849399192996 0.003490344021229838 0.0 0.019400041201570614 0.10404177908454465 -0.0 0.059144836488807105 -0.09109316386315625 0.0
0.0 -0.0 0.06571223261999999 -0.0 -0.0 -3.25117666296 0.7485122489399999 0.29053597014 0.29015768249999996 -0.11851249896 0.04138094429999999 0.02482020216 -0.7485122489399999 -0.29053597014 0.29015768249999996 0.11851249896 -0.04138094429999999 0.02482020216 -0.005281726499999999 -0.0006597099000000001 -0.0017783836199999998 -0.09227897964000001 0.2683508301 0.18868809402 -0.02170081314 0.0473642028 -0.00286575822 0.14712016445999998 -0.31701313692 0.26642890224 0.28268825544000004 0.35783636327999996 0.587033883 -0.07498135908 -0.02266380072 0.036313185059999996 0.02170081314 -0.0473642028 -0.00286575822 -0.14712016445999998 0.31701313692 0.26642890224 -0.28268825544000004 -0.35783636327999996 0.587033883 0.07498135908 0.02266380072 0.036313185059999996 0.005281726499999999 0.0006597099000000001 -0.0017783836199999998 0.09227897964000001 -0.2683508301 0.18868809402 0.0 -0.0 -0.07896309282 0.0 0.0 -0.07896309282 -0.0 0.0 -0.0752001831 0.0 0.0 -0.05467389642 0.0 -0.0 0.0517757598 0.0 0.0 0.0517757598 0.0 -0.0 0.01966148870150768 0.0 0.0 0.1114220002928138 0.0 -0.0 0.11859807756277589 0.0 0.0 0.04622168951703206 0.0 0.0 -0.05437869233850842 0.0 0.0 0.2126972907631081 0.0 0.0 0.25721698491144784 0.0 -0.0 -0.018515019527506633
0.16632487278 -0.17305013628 -0.11851249896 0.870749613 0.48989922263999996 0.7485122489399999 -6.1043523669 1.28600906868 -1.9123505990999998 -0.0008431875 -0.0343494351 0.031414602959999996 -0.06059374722 0.0005528611799999999 0.03251681766 0.07020878291999999 -0.055536780779999996 0.0028403951399999998 1.30547361366 0.7206271614 0.49614177815999994 1.30547361366 -0.44219477681999997 -0.5230663065 -0.032051917799999996 -0.01630953972 -5.639238e-05 -0.032051917799999996 0.0112960143 -0.05594420898 -0.053172887759999996 -0.034618445639999995 0.039866984280000003 0.09723152573999999 -0.07246366866 0.0336222702 -0.0210378654 0.00410315274 0.046150012799999994 -0.0210378654 -0.015530569379999998 0.05112171612 0.07204517783999999 0.00399927204 -0.029082818519999998 0.29337690492 -0.89555983182 0.34253406162 0.01803153096 0.03976418286 0.04531330098 0.01803153096 0.03906130176 0.0759691701 0.08154796841999999 0.2784515418 -0.14712016445999998 0.14332217814 -0.0386409222 0.02170081314 0.12333553146000001 -0.08160139277999999 0.07498135908 0.23055552378 0.03559087692 -0.28268825544000004 -0.057213981899999995 0.08341970975999999 0.09227897964000001 0.04401195912 -0.01210439502 0.005281726499999999 -0.033951166441599144 -0.028916809787559845 0.03842482366274449 0.2891561596335922 -0.10618548940746851 -0.08802622949174839 0.8069268680972371 -0.6047905441542658 0.6036237799688542 0.15489988385540737 -0.07319694321297403 -0.092853258676279 0.2824512449814771 -0.19069192721437161 0.5261640884768454 0.16322720559617304 -0.02696490721953655 -0.039443155705878356 -0.019989790356679794 -0.05625896545449417 0.006886773872010441 -0.005483234553474625 0.05794782875697957 -0.011356451679153702
-0.12653047007999998 0.08249800464 0.04138094429999999 0.53086437432 0.02858581008 0.29053597014 1.28600906868 -5.2103863618199995 0.55795106448 -0.0343494351 0.10329546042 -0.05604107436 0.0005528611799999999 -0.11210589287999999 -0.06504793578 -0.055536780779999996 0.035972132579999996 0.009924519239999999 0.44219477681999997 0.22597613874 0.04171767966 -0.7206271614 0.22597613874 0.26430110172 -0.0112960143 0.06629423436 0.04599162846 0.01630953972 0.06629423436 -0.07565887710000001 -0.034618445639999995 0.016812484200000002 -0.01179545112 -0.07246366866 0.09875573892 -0.00477554418 0.015530569379999998 0.048452656680000004 -0.07921024793999999 -0.00410315274 0.048452656680000004 0.13394890116 0.00399927204 0.02329841736 -0.01211302926 -0.89555983182 1.3427112020399998 -0.50167551654 -0.03906130176 -0.009724312799999999 0.07045297001999999 -0.03976418286 -0.009724312799999999 -0.03577462434 0.44661173022 0.66765232152 -0.31701313692 -0.13041776682 0.10104111432 0.0473642028 -0.03851329734 0.01763327664 0.02266380072 0.2918548503 0.16607070234 -0.35783636327999996 0.013461049979999999 0.19896041124 0.2683508301 0.039044303100000004 -0.01897886898 -0.0006597099000000001 -0.0697814121749834 -0.016185072629285143 0.0027123685838219788 -0.24047678402887168 0.9715229921101279 0.4829591927147948 -0.70490225397035 0.7113871070281498 -0.5869743097255254 0.14144230158315216 -0.017236433808636323 -0.11004432716529153 -0.1161937156227154 0.2319349718733936 -0.10185827462159992 0.01708203254535538 -0.03399016469881959 -0.02801905398868919 -0.0015165546761950646 0.03384491608774344 0.013764793033216292 -0.06884624988449314 0.06275257322309849 0.05441410912312699
-0.17430830694 0.07651069884 0.02482020216 0.70817847606 0.32110144956 0.29015768249999996 -1.9123505990999998 0.55795106448 -7.008309806579999 0.031414602959999996 -0.05604107436 0.07060164084 -0.03251681766 0.06504793578 1.27882241298 -0.0028403951399999998 -0.009924519239999999 -0.02376331722 0.5230663065 0.26430110172 0.11563405919999999 -0.49614177815999994 0.04171767966 0.11563405919999999 0.05594420898 -0.07565887710000001 0.01854553806 5.639238e-05 0.04599162846 0.01854553806 -0.039866984280000003 0.01179545112 -0.028033758359999997 -0.0336222702 0.00477554418 0.24309756683999997 0.05112171612 -0.13394890116 0.053687434500000006 0.046150012799999994 0.07921024793999999 0.053687434500000006 -0.029082818519999998 -0.01211302926 0.06316297326 0.34253406162 -0.50167551654 -0.007145103419999999 0.0759691701 0.03577462434 0.09862352712 0.04531330098 -0.07045297001999999 0.09862352712 -0.28568163851999995 -0.60400906866 0.26642890224 0.11704926510000001 0.016871844599999998 -0.00286575822 0.15003637902 -0.01166458842 0.036313185059999996 -0.51201124146 -0.15605012718 0.587033883 0.036180703439999996 0.25772774688 0.18868809402 -0.00521454132 0.0065363895 -0.0017783836199999998 0.008223459035311208 0.028975307173390513 0.006885580047809815 -0.2705022585574128 0.6378344042033893 0.6956871249657189 0.8672380708300559 -0.697713044634181 0.853901462743464 0.043196936934046304 -0.0017004036030914488 0.050926550691698616 0.7532628785135035 -0.21893263456297704 1.7360639278469439 -0.10930694175070496 -0.01783652944015093 0.1028992893245457 0.0011794983102183605 0.00570727556179208 0.058091087661054676 -0.04208071130646112 0.09271676477600743 0.05247414479710995
0.870749613 0.48989922263999996 0.7485122489399999 0.16632487278 -0.17305013628 -0.11851249896 -0.0008431875 -0.0343494351 0.031414602959999996 -6.1043523669 1.28600906868 -1.9123505990999998 0.07020878291999999 -0.055536780779999996 0.0028403951399999998 -0.06059374722 0.0005528611799999999 0.03251681766 1.30547361366 -0.44219477681999997 -0.5230663065 1.30547361366 0.7206271614 0.49614177815999994 -0.032051917799999996 0.0112960143 -0.05594420898 -0.032051917799999996 -0.01630953972 -5.639238e-05 0.09723152573999999 -0.07246366866 0.0336222702 -0.053172887759999996 -0.034618445639999995 0.039866984280000003 -0.0210378654 -0.015530569379999998 0.05112171612 -0.0210378654 0.00410315274 0.046150012799999994 0.29337690492 -0.89555983182 0.34253406162 0.07204517783999999 0.00399927204 -0.029082818519999998 0.01803153096 0.03906130176 0.0759691701 0.01803153096 0.03976418286 0.04531330098 0.14332217814 -0.0386409222 0.02170081314 0.08154796841999999 0.2784515418 -0.14712016445999998 0.23055552378 0.03559087692 -0.28268825544000004 0.12333553146000001 -0.08160139277999999 0.07498135908 0.04401195912 -0.01210439502 0.005281726499999999 -0.057213981899999995 0.08341970975999999 0.09227897964000001 0.2891561596335922 -0.10618548940746851 -0.08802622949174839 -0.033951166441599144 -0.028916809787559845 0.03842482366274449 0.15489988385540737 -0.07319694321297403 -0.092853258676279 0.8069268680972371 -0.6047905441542658 0.6036237799688542 0.16322720559617304 -0.02696490721953655 -0.039443155705878356 0.2824512449814771 -0.19069192721437161 0.5261640884768454 -0.005483234553474625 0.05794782875697957 -0.011356451679153702 -0.019989790356679794 -0.05625896545449417 0.006886773872010441
0.53086437432 0.02858581008 0.29053597014 -0.12653047007999998 0.08249800464 0.04138094429999999 -0.0343494351 0.10329546042 -0.05604107436 1.28600906868 -5.2103863618199995 0.55795106448 -0.055536780779999996 0.035972132579999996 0.009924519239999999 0.0005528611799999999 -0.11210589287999999 -0.06504793578 -0.7206271614 0.22597613874 0.26430110172 0.44219477681999997 0.22597613874 0.04171767966 0.01630953972 0.06629423436 -0.07565887710000001 -0.0112960143 0.06629423436 0.04599162846 -0.07246366866 0.09875573892 -0.00477554418 -0.034618445639999995 0.016812484200000002 -0.01179545112 -0.00410315274 0.048452656680000004 0.13394890116 0.015530569379999998 0.048452656680000004 -0.07921024793999999 -0.89555983182 1.3427112020399998 -0.50167551654 0.00399927204 0.02329841736 -0.01211302926 -0.03976418286 -0.009724312799999999 -0.03577462434 -0.03906130176 -0.009724312799999999 0.07045297001999999 -0.13041776682 0.10104111432 0.0473642028 0.44661173022 0.66765232152 -0.31701313692 0.2918548503 0.16607070234 -0.35783636327999996 -0.03851329734 0.01763327664 0.02266380072 0.039044303100000004 -0.01897886898 -0.0006597099000000001 0.013461049979999999 0.19896041124 0.2683508301 -0.24047678402887168 0.9715229921101279 0.4829591927147948 -0.0697814121749834 -0.016185072629285143 0.0027123685838219788 0.14144230158315216 -0.017236433808636323 -0.11004432716529153 -0.70490225397035 0.7113871070281498 -0.5869743097255254 0.01708203254535538 -0.03399016469881959 -0.02801905398868919 -0.1161937156227154 0.2319349718733936 -0.10185827462159992 -0.06884624988449314 0.06275257322309849 0.05441410912312699 -0.0015165546761950646 0.03384491608774344 0.013764793033216292
0.70817847606 0.32110144956 0.29015768249999996 -0.17430830694 0.07651069884 0.02482020216 0.031414602959999996 -0.05604107436 0.07060164084 -1.9123505990999998 0.55795106448 -7.008309806579999 -0.0028403951399999998 -0.009924519239999999 -0.02376331722 -0.03251681766 0.06504793578 1.27882241298 -0.49614177815999994 0.04171767966 0.11563405919999999 0.5230663065 0.26430110172 0.11563405919999999 5.639238e-05 0.04599162846 0.01854553806 0.05594420898 -0.07565887710000001 0.01854553806 -0.0336222702 0.00477554418 0.24309756683999997 -0.039866984280000003 0.01179545112 -0.028033758359999997 0.046150012799999994 0.07921024793999999 0.053687434500000006 0.05112171612 -0.13394890116 0.053687434500000006 0.34253406162 -0.50167551654 -0.007145103419999999 -0.029082818519999998 -0.01211302926 0.06316297326 0.04531330098 -0.07045297001999999 0.09862352712 0.0759691701 0.03577462434 0.09862352712 0.11704926510000001 0.016871844599999998 -0.00286575822 -0.28568163851999995 -0.60400906866 0.26642890224 -0.51201124146 -0.15605012718 0.587033883 0.15003637902 -0.01166458842 0.036313185059999996 -0.00521454132 0.0065363895 -0.0017783836199999998 0.036180703439999996 0.25772774688 0.18868809402 -0.2705022585574128 0.6378344042033893 0.6956871249657189 0.008223459035311208 0.028975307173390513 0.006885580047809815 0.043196936934046304 -0.0017004036030914488 0.050926550691698616 0.8672380708300559 -0.697713044634181 0.853901462743464 -0.10930694175070496 -0.01783652944015093 0.1028992893245457 0.7532628785135035 -0.21893263456297704 1.7360639278469439 -0.04208071130646112 0.09271676477600743 0.05247414479710995 0.0011794983102183605 0.00570727556179208 0.058091087661054676
0.16632487278 -0.17305013628 0.11851249896 0.870749613 0.48989922263999996 -0.7485122489399999 -0.06059374722 0.0005528611799999999 -0.03251681766 0.07020878291999999 -0.055536780779999996 -0.0028403951399999998 -6.1043523669 1.28600906868 1.9123505990999998 -0.0008431875 -0.0343494351 -0.031414602959999996 0.01803153096 0.03976418286 -0.04531330098 0.01803153096 0.03906130176 -0.0759691701 -0.0210378654 0.00410315274 -0.046150012799999994 -0.0210378654 -0.015530569379999998 -0.05112171612 0.07204517783999999 0.00399927204 0.029082818519999998 0.29337690492 -0.89555983182 -0.34253406162 -0.032051917799999996 -0.01630953972 5.639238e-05 -0.032051917799999996 0.0112960143 0.05594420898 -0.053172887759999996 -0.034618445639999995 -0.039866984280000003 0.09723152573999999 -0.07246366866 -0.0336222702 1.30547361366 0.7206271614 -0.49614177815999994 1.30547361366 -0.44219477681999997 0.5230663065 0.08154796841999999 0.2784515418 0.14712016445999998 0.14332217814 -0.0386409222 -0.02170081314 0.12333553146000001 -0.08160139277999999 -0.07498135908 0.23055552378 0.03559087692 0.28268825544000004 -0.057213981899999995 0.08341970975999999 -0.09227897964000001 0.04401195912 -0.01210439502 -0.005281726499999999 -0.033951166441599144 -0.028916809787559845 -0.03842482366274449 0.2891561596335922 -0.10618548940746851 0.08802622949174839 0.8069268680972371 -0.6047905441542658 -0.6036237799688542 0.15489988385540737 -0.07319694321297403 0.092853258676279 0.2824512449814771 -0.19069192721437161 -0.5261640884768454 0.16322720559617304 -0.02696490721953655 0.039443155705878356 -0.019989790356679794 -0.05625896545449417 -0.006886773872010441 -0.005483234553474625 0.05794782875697957 0.011356451679153702
-0.12653047007999998 0.08249800464 -0.04138094429999999 0.53086437432 0.02858581008 -0.29053597014 0.0005528611799999999 -0.11210589287999999 0.06504793578 -0.055536780779999996 0.035972132579999996 -0.009924519239999999 1.28600906868 -5.2103863618199995 -0.55795106448 -0.0343494351 0.10329546042 0.05604107436 -0.03906130176 -0.009724312799999999 -0.07045297001999999 -0.03976418286 -0.009724312799999999 0.03577462434 0.015530569379999998 0.048452656680000004 0.07921024793999999 -0.00410315274 0.048452656680000004 -0.13394890116 0.00399927204 0.02329841736 0.01211302926 -0.89555983182 1.3427112020399998 0.50167551654 -0.0112960143 0.06629423436 -0.04599162846 0.01630953972 0.06629423436 0.07565887710000001 -0.034618445639999995 0.016812484200000002 0.01179545112 -0.07246366866 0.09875573892 0.00477554418 0.44219477681999997 0.22597613874 -0.04171767966 -0.7206271614 0.22597613874 -0.26430110172 0.44661173022 0.66765232152 0.31701313692 -0.13041776682 0.10104111432 -0.0473642028 -0.03851329734 0.01763327664 -0.02266380072 0.2918548503 0.16607070234 0.35783636327999996 0.013461049979999999 0.19896041124 -0.2683508301 0.039044303100000004 -0.01897886898 0.0006597099000000001 -0.0697814121749834 -0.016185072629285143 -0.0027123685838219788 -0.24047678402887168 0.9715229921101279 -0.4829591927147948 -0.70490225397035 0.7113871070281498 0.5869743097255254 0.14144230158315216 -0.017236433808636323 0.11004432716529153 -0.1161937156227154 0.2319349718733936 0.10185827462159992 0.01708203254535538 -0.03399016469881959 0.02801905398868919 -0.0015165546761950646 0.03384491608774344 -0.013764793033216292 -0.06884624988449314 0.06275257322309849 -0.05441410912312699
0.17430830694 -0.07651069884 0.02482020216 -0.70817847606 -0.32110144956 0.29015768249999996 0.03251681766 -0.06504793578 1.27882241298 0.0028403951399999998 0.009924519239999999 -0.02376331722 1.9123505990999998 -0.55795106448 -7.008309806579999 -0.031414602959999996 0.05604107436 0.07060164084 -0.0759691701 -0.03577462434 0.09862352712 -0.04531330098 0.07045297001999999 0.09862352712 -0.05112171612 0.13394890116 0.053687434500000006 -0.046150012799999994 -0.07921024793999999 0.053687434500000006 0.029082818519999998 0.01211302926 0.06316297326 -0.34253406162 0.50167551654 -0.007145103419999999 -0.05594420898 0.07565887710000001 0.01854553806 -5.639238e-05 -0.04599162846 0.01854553806 0.039866984280000003 -0.01179545112 -0.028033758359999997 0.0336222702 -0.00477554418 0.24309756683999997 -0.5230663065 -0.26430110172 0.11563405919999999 0.49614177815999994 -0.04171767966 0.11563405919999999 0.28568163851999995 0.60400906866 0.26642890224 -0.11704926510000001 -0.016871844599999998 -0.00286575822 -0.15003637902 0.01166458842 0.036313185059999996 0.51201124146 0.15605012718 0.587033883 -0.036180703439999996 -0.25772774688 0.18868809402 0.00521454132 -0.0065363895 -0.0017783836199999998 -0.008223459035311208 -0.028975307173390513 0.006885580047809815 0.2705022585574128 -0.6378344042033893 0.6956871249657189 -0.8672380708300559 0.697713044634181 0.853901462743464 -0.043196936934046304 0.0017004036030914488 0.050926550691698616 -0.7532628785135035 0.21893263456297704 1.7360639278469439 0.10930694175070496 0.01783652944015093 0.1028992893245457 -0.0011794983102183605 -0.00570727556179208 0.058091087661054676 0.04208071130646112 -0.09271676477600743 0.05247414479710995
0.870749613 0.48989922263999996 -0.7485122489399999 0.16632487278 -0.17305013628 0.11851249896 0.07020878291999999 -0.055536780779999996 -0.0028403951399999998 -0.06059374722 0.0005528611799999999 -0.03251681766 -0.0008431875 -0.0343494351 -0.031414602959999996 -6.1043523669 1.28600906868 1.9123505990999998 0.01803153096 0.03906130176 -0.0759691701 0.01803153096 0.03976418286 -0.04531330098 -0.0210378654 -0.015530569379999998 -0.05112171612 -0.0210378654 0.00410315274 -0.046150012799999994 0.29337690492 -0.89555983182 -0.34253406162 0.07204517783999999 0.00399927204 0.029082818519999998 -0.032051917799999996 0.0112960143 0.05594420898 -0.032051917799999996 -0.01630953972 5.639238e-05 0.09723152573999999 -0.07246366866 -0.0336222702 -0.053172887759999996 -0.034618445639999995 -0.039866984280000003 1.30547361366 -0.44219477681999997 0.5230663065 1.30547361366 0.7206271614 -0.49614177815999994 0.14332217814 -0.0386409222 -0.02170081314 0.08154796841999999 0.2784515418 0.14712016445999998 0.23055552378 0.03559087692 0.28268825544000004 0.12333553146000001 -0.08160139277999999 -0.07498135908 0.04401195912 -0.01210439502 -0.005281726499999999 -0.057213981899999995 0.08341970975999999 -0.09227897964000001 0.2891561596335922 -0.10618548940746851 0.08802622949174839 -0.033951166441599144 -0.028916809787559845 -0.03842482366274449 0.15489988385540737 -0.07319694321297403 0.092853258676279 0.8069268680972371 -0.6047905441542658 -0.6036237799688542 0.16322720559617304 -0.02696490721953655 0.039443155705878356 0.2824512449814771 -0.19069192721437161 -0.5261640884768454 -0.005483234553474625 0.05794782875697957 0.011356451679153702 -0.019989790356679794 -0.05625896545449417 -0.006886773872010441
0.53086437432 0.02858581008 -0.29053597014 -0.12653047007999998 0.08249800464 -0.04138094429999999 -0.055536780779999996 0.035972132579999996 -0.009924519239999999 0.0005528611799999999 -0.11210589287999999 0.06504793578 -0.0343494351 0.10329546042 0.05604107436 1.28600906868 -5.2103863618199995 -0.55795106448 -0.03976418286 -0.009724312799999999 0.03577462434 -0.03906130176 -0.009724312799999999 -0.07045297001999999 -0.00410315274 0.048452656680000004 -0.13394890116 0.015530569379999998 0.048452656680000004 0.07921024793999999 -0.89555983182 1.3427112020399998 0.50167551654 0.00399927204 0.02329841736 0.01211302926 0.01630953972 0.06629423436 0.07565887710000001 -0.0112960143 0.06629423436 -0.04599162846 -0.07246366866 0.09875573892 0.00477554418 -0.034618445639999995 0.016812484200000002 0.01179545112 -0.7206271614 0.22597613874 -0.26430110172 0.44219477681999997 0.22597613874 -0.04171767966 -0.13041776682 0.10104111432 -0.0473642028 0.44661173022 0.66765232152 0.31701313692 0.2918548503 0.16607070234 0.35783636327999996 -0.03851329734 0.01763327664 -0.02266380072 0.039044303100000004 -0.01897886898 0.0006597099000000001 0.013461049979999999 0.19896041124 -0.2683508301 -0.24047678402887168 0.9715229921101279 -0.4829591927147948 -0.0697814121749834 -0.016185072629285143 -0.0027123685838219788 0.14144230158315216 -0.017236433808636323 0.11004432716529153 -0.70490225397035 0.7113871070281498 0.5869743097255254 0.01708203254535538 -0.03399016469881959 0.02801905398868919 -0.1161937156227154 0.2319349718733936 0.10185827462159992 -0.06884624988449314 0.06275257322309849 -0.05441410912312699 -0.0015165546761950646 0.03384491608774344 -0.013764793033216292
-0.70817847606 -0.32110144956 0.29015768249999996 0.17430830694 -0.07651069884 0.02482020216 0.0028403951399999998 0.009924519239999999 -0.02376331722 0.03251681766 -0.06504793578 1.27882241298 -0.031414602959999996 0.05604107436 0.07060164084 1.9123505990999998 -0.55795106448 -7.008309806579999 -0.04531330098 0.07045297001999999 0.09862352712 -0.0759691701 -0.03577462434 0.09862352712 -0.046150012799999994 -0.07921024793999999 0.053687434500000006 -0.05112171612 0.13394890116 0.053687434500000006 -0.34253406162 0.50167551654 -0.007145103419999999 0.029082818519999998 0.01211302926 0.06316297326 -5.639238e-05 -0.04599162846 0.01854553806 -0.05594420898 0.07565887710000001 0.01854553806 0.0336222702 -0.00477554418 0.24309756683999997 0.039866984280000003 -0.01179545112 -0.028033758359999997 0.49614177815999994 -0.04171767966 0.11563405919999999 -0.5230663065 -0.26430110172 0.11563405919999999 -0.11704926510000001 -0.016871844599999998 -0.00286575822 0.28568163851999995 0.60400906866 0.26642890224 0.51201124146 0.15605012718 0.587033883 -0.15003637902 0.01166458842 0.036313185059999996 0.00521454132 -0.0065363895 -0.0017783836199999998 -0.036180703439999996 -0.25772774688 0.18868809402 0.2705022585574128 -0.6378344042033893 0.6956871249657189 -0.008223459035311208 -0.028975307173390513 0.006885580047809815 -0.043196936934046304 0.0017004036030914488 0.050926550691698616 -0.8672380708300559 0.697713044634181 0.853901462743464 0.10930694175070496 0.01783652944015093 0.1028992893245457 -0.7532628785135035 0.21893263456297704 1.7360639278469439 0.04208071130646112 -0.09271676477600743 0.05247414479710995 -0.0011794983102183605 -0.00570727556179208 0.058091087661054676
-0.057213981899999995 -0.08341970975999999 -0.09227897964000001 0.04401195912 0.01210439502 -0.005281726499999999 1.30547361366 0.44219477681999997 0.5230663065 1.30547361366 -0.7206271614 -0.49614177815999994 0.01803153096 -0.03906130176 -0.0759691701 0.01803153096 -0.03976418286 -0.04531330098 -6.1043523669 -1.28600906868 1.9123505990999998 -0.0008431875 0.0343494351 -0.031414602959999996 0.07204517783999999 -0.00399927204 0.029082818519999998 0.29337690492 0.89555983182 -0.34253406162 -0.0210378654 0.015530569379999998 -0.05112171612 -0.0210378654 -0.00410315274 -0.046150012799999994 -0.053172887759999996 0.034618445639999995 -0.039866984280000003 0.09723152573999999 0.07246366866 -0.0336222702 -0.032051917799999996 -0.0112960143 0.05594420898 -0.032051917799999996 0.01630953972 5.639238e-05 -0.06059374722 -0.0005528611799999999 -0.03251681766 0.07020878291999999 0.055536780779999996 -0.0028403951399999998 0.23055552378 -0.03559087692 0.28268825544000004 0.12333553146000001 0.08160139277999999 -0.07498135908 0.08154796841999999 -0.2784515418 0.14712016445999998 0.14332217814 0.0386409222 -0.02170081314 0.870749613 -0.48989922263999996 -0.7485122489399999 0.16632487278 0.17305013628 0.11851249896 -0.019989790356679794 0.05625896545449417 -0.006886773872010441 -0.005483234553474625 -0.05794782875697957 0.011356451679153702 0.16322720559617304 0.02696490721953655 0.039443155705878356 0.2824512449814771 0.19069192721437161 -0.5261640884768454 0.8069268680972371 0.6047905441542658 -0.6036237799688542 0.15489988385540737 0.07319694321297403 0.092853258676279 0.2891561596335922 0.10618548940746851 0.08802622949174839 -0.033951166441599144 0.028916809787559845 -0.03842482366274449
-0.013461049979999999 0.19896041124 0.2683508301 -0.039044303100000004 -0.01897886898 -0.0006597099000000001 0.7206271614 0.22597613874 0.26430110172 -0.44219477681999997 0.22597613874 0.04171767966 0.03976418286 -0.009724312799999999 -0.03577462434 0.03906130176 -0.009724312799999999 0.07045297001999999 -1.28600906868 -5.2103863618199995 0.55795106448 0.0343494351 0.10329546042 -0.05604107436 -0.00399927204 0.02329841736 -0.01211302926 0.89555983182 1.3427112020399998 -0.50167551654 0.00410315274 0.048452656680000004 0.13394890116 -0.015530569379999998 0.048452656680000004 -0.07921024793999999 0.034618445639999995 0.016812484200000002 -0.01179545112 0.07246366866 0.09875573892 -0.00477554418 -0.01630953972 0.06629423436 -0.07565887710000001 0.0112960143 0.06629423436 0.04599162846 -0.0005528611799999999 -0.11210589287999999 -0.06504793578 0.055536780779999996 0.035972132579999996 0.009924519239999999 -0.2918548503 0.16607070234 -0.35783636327999996 0.03851329734 0.01763327664 0.02266380072 -0.44661173022 0.66765232152 -0.31701313692 0.13041776682 0.10104111432 0.0473642028 -0.53086437432 0.02858581008 0.29053597014 0.12653047007999998 0.08249800464 0.04138094429999999 0.0015165546761950646 0.03384491608774344 0.013764793033216292 0.06884624988449314 0.06275257322309849 0.05441410912312699 -0.01708203254535538 -0.03399016469881959 -0.02801905398868919 0.1161937156227154 0.2319349718733936 -0.10185827462159992 0.70490225397035 0.7113871070281498 -0.5869743097255254 -0.14144230158315216 -0.017236433808636323 -0.11004432716529153 0.24047678402887168 0.9715229921101279 0.4829591927147948 0.0697814121749834 -0.016185072629285143 0.0027123685838219788
-0.036180703439999996 0.25772774688 0.18868809402 0.00521454132 0.0065363895 -0.0017783836199999998 0.49614177815999994 0.04171767966 0.11563405919999999 -0.5230663065 0.26430110172 0.11563405919999999 -0.04531330098 -0.07045297001999999 0.09862352712 -0.0759691701 0.03577462434 0.09862352712 1.9123505990999998 0.55795106448 -7.008309806579999 -0.031414602959999996 -0.05604107436 0.07060164084 0.029082818519999998 -0.01211302926 0.06316297326 -0.34253406162 -0.50167551654 -0.007145103419999999 -0.046150012799999994 0.07921024793999999 0.053687434500000006 -0.05112171612 -0.13394890116 0.053687434500000006 0.039866984280000003 0.01179545112 -0.028033758359999997 0.0336222702 0.00477554418 0.24309756683999997 -5.639238e-05 0.04599162846 0.01854553806 -0.05594420898 -0.07565887710000001 0.01854553806 0.03251681766 0.06504793578 1.27882241298 0.0028403951399999998 -0.009924519239999999 -0.02376331722 0.51201124146 -0.15605012718 0.587033883 -0.15003637902 -0.01166458842 0.036313185059999996 0.28568163851999995 -0.60400906866 0.26642890224 -0.11704926510000001 0.016871844599999998 -0.00286575822 -0.70817847606 0.32110144956 0.29015768249999996 0.17430830694 0.07651069884 0.02482020216 -0.0011794983102183605 0.00570727556179208 0.058091087661054676 0.04208071130646112 0.09271676477600743 0.05247414479710995 0.10930694175070496 -0.01783652944015093 0.1028992893245457 -0.7532628785135035 -0.21893263456297704 1.7360639278469439 -0.8672380708300559 -0.697713044634181 0.853901462743464 -0.043196936934046304 -0.0017004036030914488 0.050926550691698616 0.2705022585574128 0.6378344042033893 0.6956871249657189 -0.008223459035311208 0.028975307173390513 0.006885580047809815
0.04401195912 0.01210439502 -0.005281726499999999 -0.057213981899999995 -0.08341970975999999 -0.09227897964000001 1.30547361366 -0.7206271614 -0.49614177815999994 1.30547361366 0.44219477681999997 0.5230663065 0.01803153096 -0.03976418286 -0.04531330098 0.01803153096 -0.03906130176 -0.0759691701 -0.0008431875 0.0343494351 -0.031414602959999996 -6.1043523669 -1.28600906868 1.9123505990999998 0.29337690492 0.89555983182 -0.34253406162 0.07204517783999999 -0.00399927204 0.029082818519999998 -0.0210378654 -0.00410315274 -0.046150012799999994 -0.0210378654 0.015530569379999998 -0.05112171612 0.09723152573999999 0.07246366866 -0.0336222702 -0.053172887759999996 0.034618445639999995 -0.039866984280000003 -0.032051917799999996 0.01630953972 5.639238e-05 -0.032051917799999996 -0.0112960143 0.05594420898 0.07020878291999999 0.055536780779999996 -0.0028403951399999998 -0.06059374722 -0.0005528611799999999 -0.03251681766 0.12333553146000001 0.08160139277999999 -0.07498135908 0.23055552378 -0.03559087692 0.28268825544000004 0.14332217814 0.0386409222 -0.02170081314 0.08154796841999999 -0.2784515418 0.14712016445999998 0.16632487278 0.17305013628 0.11851249896 0.870749613 -0.48989922263999996 -0.7485122489399999 -0.005483234553474625 -0.05794782875697957 0.011356451679153702 -0.019989790356679794 0.05625896545449417 -0.006886773872010441 0.2824512449814771 0.19069192721437161 -0.5261640884768454 0.16322720559617304 0.02696490721953655 0.039443155705878356 0.15489988385540737 0.07319694321297403 0.092853258676279 0.8069268680972371 0.6047905441542658 -0.6036237799688542 -0.033951166441599144 0.028916809787559845 -0.03842482366274449 0.2891561596335922 0.10618548940746851 0.08802622949174839
-0.039044303100000004 -0.01897886898 -0.0006597099000000001 -0.013461049979999999 0.19896041124 0.2683508301 -0.44219477681999997 0.22597613874 0.04171767966 0.7206271614 0.22597613874 0.26430110172 0.03906130176 -0.009724312799999999 0.07045297001999999 0.03976418286 -0.009724312799999999 -0.03577462434 0.0343494351 0.10329546042 -0.05604107436 -1.28600906868 -5.2103863618199995 0.55795106448 0.89555983182 1.3427112020399998 -0.50167551654 -0.00399927204 0.02329841736 -0.01211302926 -0.015530569379999998 0.048452656680000004 -0.07921024793999999 0.00410315274 0.048452656680000004 0.13394890116 0.07246366866 0.09875573892 -0.00477554418 0.034618445639999995 0.016812484200000002 -0.01179545112 0.0112960143 0.06629423436 0.04599162846 -0.01630953972 0.06629423436 -0.07565887710000001 0.055536780779999996 0.035972132579999996 0.009924519239999999 -0.0005528611799999999 -0.11210589287999999 -0.06504793578 0.03851329734 0.01763327664 0.02266380072 -0.2918548503 0.16607070234 -0.35783636327999996 0.13041776682 0.10104111432 0.0473642028 -0.44661173022 0.66765232152 -0.31701313692 0.12653047007999998 0.08249800464 0.04138094429999999 -0.53086437432 0.02858581008 0.29053597014 0.06884624988449314 0.06275257322309849 0.05441410912312699 0.0015165546761950646 0.03384491608774344 0.013764793033216292 0.1161937156227154 0.2319349718733936 -0.10185827462159992 -0.01708203254535538 -0.03399016469881959 -0.02801905398868919 -0.14144230158315216 -0.017236433808636323 -0.11004432716529153 0.70490225397035 0.7113871070281498 -0.5869743097255254 0.0697814121749834 -0.016185072629285143 0.0027123685838219788 0.24047678402887168 0.9715229921101279 0.4829591927147948
0.00521454132 0.0065363895 -0.0017783836199999998 -0.036180703439999996 0.25772774688 0.18868809402 -0.5230663065 0.26430110172 0.11563405919999999 0.49614177815999994 0.04171767966 0.11563405919999999 -0.0759691701 0.03577462434 0.09862352712 -0.04531330098 -0.07045297001999999 0.09862352712 -0.031414602959999996 -0.05604107436 0.07060164084 1.9123505990999998 0.55795106448 -7.008309806579999 -0.34253406162 -0.50167551654 -0.007145103419999999 0.029082818519999998 -0.01211302926 0.06316297326 -0.05112171612 -0.13394890116 0.053687434500000006 -0.046150012799999994 0.07921024793999999 0.053687434500000006 0.0336222702 0.00477554418 0.24309756683999997 0.039866984280000003 0.01179545112 -0.028033758359999997 -0.05594420898 -0.07565887710000001 0.01854553806 -5.639238e-05 0.04599162846 0.01854553806 0.0028403951399999998 -0.009924519239999999 -0.02376331722 0.03251681766 0.06504793578 1.27882241298 -0.15003637902 -0.01166458842 0.036313185059999996 0.51201124146 -0.15605012718 0.587033883 -0.11704926510000001 0.016871844599999998 -0.00286575822 0.28568163851999995 -0.60400906866 0.26642890224 0.17430830694 0.07651069884 0.02482020216 -0.70817847606 0.32110144956 0.29015768249999996 0.04208071130646112 0.09271676477600743 0.05247414479710995 -0.0011794983102183605 0.00570727556179208 0.058091087661054676 -0.7532628785135035 -0.21893263456297704 1.7360639278469439 0.10930694175070496 -0.01783652944015093 0.1028992893245457 -0.043196936934046304 -0.0017004036030914488 0.050926550691698616 -0.8672380708300559 -0.697713044634181 0.853901462743464 -0.008223459035311208 0.028975307173390513 0.006885580047809815 0.2705022585574128 0.6378344042033893 0.6956871249657189
