5.070067 0.000000 0.000000
0.000000 6.907206 0.000000
0.000000 0.000000 7.695639
0.000000 0.000000 7.695639
-5.070067 6.907206 0.000000
-5.070067 -6.907206 0.000000
32 2
direct
0.250000 0.042967 0.040315 Al
0.250000 0.542967 0.540315 Al
0.444815 0.404696 0.236779 Al
0.444815 0.904697 0.736779 Al
0.055185 0.404696 0.236779 Al
0.055185 0.904697 0.736779 Al
0.555185 0.236779 0.904697 Al
0.555185 0.736780 0.404697 Al
0.444815 0.763220 0.095303 Al
0.444815 0.263220 0.595303 Al
0.944815 0.595303 0.763220 Al
0.944815 0.095303 0.263220 Al
0.055185 0.763220 0.095303 Al
0.055185 0.263220 0.595303 Al
0.555185 0.595303 0.763220 Al
0.555185 0.095303 0.263220 Al
0.944815 0.236779 0.904697 Al
0.944815 0.736780 0.404697 Al
0.250000 0.459685 0.957033 Al
0.250000 0.959685 0.457033 Al
0.750000 0.957033 0.959685 Al
0.750000 0.457033 0.459685 Al
0.750000 0.540315 0.042967 Al
0.750000 0.040315 0.542967 Al
0.250000 0.710450 0.844099 Ni
0.250000 0.210450 0.344100 Ni
0.250000 0.655900 0.289549 Ni
0.250000 0.155900 0.789550 Ni
0.750000 0.289550 0.155900 Ni
0.750000 0.789550 0.655900 Ni
0.750000 0.344099 0.710450 Ni
0.750000 0.844100 0.210451 Ni
-3.8283602272199997 -1.2378626576999998 0.0 0.21342869928 0.029471898959999996 -0.0 0.11787248591999999 -0.13362268878 -0.12521590704 0.68741987436 0.42214957919999996 0.57429082404 0.11787248591999999 -0.13362268878 0.12521590704 0.68741987436 0.42214957919999996 -0.57429082404 -0.05368527593999999 0.014833084679999999 -0.012679111619999999 0.038986831439999994 -0.04274677314 0.00038557278 0.05238258498 -0.3110471469 0.22382540352 0.12990429936 0.12068050266 -0.10728366983999998 0.10438472376 -0.01788043176 -0.10529212841999999 0.1700567532 0.22398405768 0.45172131155999995 0.05238258498 -0.3110471469 -0.22382540352 0.12990429936 0.12068050266 0.10728366983999998 0.10438472376 -0.01788043176 0.10529212841999999 0.1700567532 0.22398405768 -0.45172131155999995 -0.05368527593999999 0.014833084679999999 0.012679111619999999 0.038986831439999994 -0.04274677314 -0.00038557278 0.03715259508 -0.11558333304000001 0.0 0.03715259508 0.07033290011999999 -0.0 0.07051826646 0.008523883619999999 0.0 -0.05692041773999999 0.04508368416 0.0 0.01331750574 0.017592264 0.0 0.01331750574 -0.05039266248 0.0 -0.29230188640224136 0.1891140895625444 0.0 0.9077345774222864 0.18272514038219498 0.0 0.020863669671537927 0.07922575542613466 0.0 0.3259705144496924 0.19197290058164318 0.0 0.08362499760544101 0.06783906020056513 -0.0 -0.002606118229966276 -0.06375618143442464 0.0 0.10153514620463053 0.010931450263730892 0.0 0.023799681322277156 0.03830583918408211 -0.0
-1.2378626576999998 -3.43249435386 -0.0 0.029471898959999996 0.038791481759999996 -0.0 -0.10575837737999999 0.03817737144 0.04858702704 0.44731407168000004 0.017303826419999998 0.26239698198 -0.10575837737999999 0.03817737144 -0.04858702704 0.44731407168000004 0.017303826419999998 -0.26239698198 -0.07232282261999999 0.16425454392 0.16717399632 0.026652819600000002 -0.01670914314 0.00733262832 -0.14989526316000001 0.5039144829 -0.43473209526 0.06258016206 0.10638543905999999 0.00618373476 -0.03317463882 0.02116522044 -0.011027543400000001 0.03830553594 0.13301127665999998 0.08225516663999999 -0.14989526316000001 0.5039144829 0.43473209526 0.06258016206 0.10638543905999999 -0.00618373476 -0.03317463882 0.02116522044 0.011027543400000001 0.03830553594 0.13301127665999998 -0.08225516663999999 -0.07232282261999999 0.16425454392 -0.16717399632 0.026652819600000002 -0.01670914314 -0.00733262832 -0.07033290011999999 0.14227797474 0.0 0.11558333304000001 0.14227797474 0.0 0.008523883619999999 -0.037360356479999995 0.0 0.04508368416 0.04312694952 -0.0 0.05039266248 -0.011392879679999999 -0.0 -0.017592264 -0.011392879679999999 -0.0 -0.026114904388690928 0.1871796964161303 -0.0 0.38478625340052697 0.362270728976723 -0.0 0.03263994952791173 0.12908064992707147 -0.0 0.12946307161267195 0.6880645574447228 0.0 0.00047355026624826214 0.0030701179026095316 -0.0 0.008940549438487148 -0.03846421986136515 0.0 0.056371184929353 -0.07083635482693647 0.0 0.026814087428857478 0.06565237220641873 -0.0
0.0 -0.0 -2.54823296472 -0.0 -0.0 0.050672195999999996 -0.10421122949999999 0.027112592879999998 0.016960885199999998 0.57882245094 0.21609802854000001 0.2191113783 0.10421122949999999 -0.027112592879999998 0.016960885199999998 -0.57882245094 -0.21609802854000001 0.2191113783 -0.08268175206 0.17747572392 0.10642483277999999 0.0049120731 -0.00032216507999999997 0.00624579336 0.09828625211999999 -0.21484363535999998 0.19339240572 -0.01074639096 0.02914352802 -0.008065459439999999 -0.06134033916000001 -0.0217771722 0.029958654239999997 0.21848404679999997 0.2771132346 0.48235208741999996 -0.09828625211999999 0.21484363535999998 0.19339240572 0.01074639096 -0.02914352802 -0.008065459439999999 0.06134033916000001 0.0217771722 0.029958654239999997 -0.21848404679999997 -0.2771132346 0.48235208741999996 0.08268175206 -0.17747572392 0.10642483277999999 -0.0049120731 0.00032216507999999997 0.00624579336 -0.0 -0.0 -0.07355131308 -0.0 -0.0 -0.07355131308 0.0 0.0 -0.0248949423 0.0 -0.0 -0.06480105048 0.0 0.0 0.053503147439999996 -0.0 -0.0 0.053503147439999996 0.0 0.0 0.08193454253735477 0.0 0.0 0.02165835864775455 -0.0 0.0 0.036732378887657215 -0.0 -0.0 0.15158702169867058 0.0 0.0 0.14702502148667893 -0.0 0.0 -0.06874079541343786 0.0 -0.0 -0.016471192496035143 0.0 -0.0 0.22488981732410013
0.21342869928 0.029471898959999996 -0.0 -3.8283602272199997 -1.2378626576999998 0.0 0.68741987436 0.42214957919999996 0.57429082404 0.11787248591999999 -0.13362268878 -0.12521590704 0.68741987436 0.42214957919999996 -0.57429082404 0.11787248591999999 -0.13362268878 0.12521590704 0.038986831439999994 -0.04274677314 0.00038557278 -0.05368527593999999 0.014833084679999999 -0.012679111619999999 0.12990429936 0.12068050266 -0.10728366983999998 0.05238258498 -0.3110471469 0.22382540352 0.1700567532 0.22398405768 0.45172131155999995 0.10438472376 -0.01788043176 -0.10529212841999999 0.12990429936 0.12068050266 0.10728366983999998 0.05238258498 -0.3110471469 -0.22382540352 0.1700567532 0.22398405768 -0.45172131155999995 0.10438472376 -0.01788043176 0.10529212841999999 0.038986831439999994 -0.04274677314 -0.00038557278 -0.05368527593999999 0.014833084679999999 0.012679111619999999 0.03715259508 0.07033290011999999 -0.0 0.03715259508 -0.11558333304000001 0.0 -0.05692041773999999 0.04508368416 0.0 0.07051826646 0.008523883619999999 0.0 0.01331750574 -0.05039266248 0.0 0.01331750574 0.017592264 0.0 0.9077345774222864 0.18272514038219498 0.0 -0.29230188640224136 0.1891140895625444 0.0 0.3259705144496924 0.19197290058164318 0.0 0.020863669671537927 0.07922575542613466 0.0 -0.002606118229966276 -0.06375618143442464 0.0 0.08362499760544101 0.06783906020056513 -0.0 0.023799681322277156 0.03830583918408211 -0.0 0.10153514620463053 0.010931450263730892 0.0
0.029471898959999996 0.038791481759999996 -0.0 -1.2378626576999998 -3.43249435386 -0.0 0.44731407168000004 0.017303826419999998 0.26239698198 -0.10575837737999999 0.03817737144 0.04858702704 0.44731407168000004 0.017303826419999998 -0.26239698198 -0.10575837737999999 0.03817737144 -0.04858702704 0.026652819600000002 -0.01670914314 0.00733262832 -0.07232282261999999 0.16425454392 0.16717399632 0.06258016206 0.10638543905999999 0.00618373476 -0.14989526316000001 0.5039144829 -0.43473209526 0.03830553594 0.13301127665999998 0.08225516663999999 -0.03317463882 0.02116522044 -0.011027543400000001 0.06258016206 0.10638543905999999 -0.00618373476 -0.14989526316000001 0.5039144829 0.43473209526 0.03830553594 0.13301127665999998 -0.08225516663999999 -0.03317463882 0.02116522044 0.011027543400000001 0.026652819600000002 -0.01670914314 -0.00733262832 -0.07232282261999999 0.16425454392 -0.16717399632 0.11558333304000001 0.14227797474 0.0 -0.07033290011999999 0.14227797474 0.0 0.04508368416 0.04312694952 -0.0 0.008523883619999999 -0.037360356479999995 0.0 -0.017592264 -0.011392879679999999 -0.0 0.05039266248 -0.011392879679999999 -0.0 0.38478625340052697 0.362270728976723 -0.0 -0.026114904388690928 0.1871796964161303 -0.0 0.12946307161267195 0.6880645574447228 0.0 0.03263994952791173 0.12908064992707147 -0.0 0.008940549438487148 -0.03846421986136515 0.0 0.00047355026624826214 0.0030701179026095316 -0.0 0.026814087428857478 0.06565237220641873 -0.0 0.056371184929353 -0.07083635482693647 0.0
-0.0 -0.0 0.050672195999999996 0.0 -0.0 -2.54823296472 0.57882245094 0.21609802854000001 0.2191113783 -0.10421122949999999 0.027112592879999998 0.016960885199999998 -0.57882245094 -0.21609802854000001 0.2191113783 0.10421122949999999 -0.027112592879999998 0.016960885199999998 0.0049120731 -0.00032216507999999997 0.00624579336 -0.08268175206 0.17747572392 0.10642483277999999 -0.01074639096 0.02914352802 -0.008065459439999999 0.09828625211999999 -0.21484363535999998 0.19339240572 0.21848404679999997 0.2771132346 0.48235208741999996 -0.06134033916000001 -0.0217771722 0.029958654239999997 0.01074639096 -0.02914352802 -0.008065459439999999 -0.09828625211999999 0.21484363535999998 0.19339240572 -0.21848404679999997 -0.2771132346 0.48235208741999996 0.06134033916000001 0.0217771722 0.029958654239999997 -0.0049120731 0.00032216507999999997 0.00624579336 0.08268175206 -0.17747572392 0.10642483277999999 -0.0 -0.0 -0.07355131308 -0.0 -0.0 -0.07355131308 0.0 -0.0 -0.06480105048 0.0 0.0 -0.0248949423 -0.0 -0.0 0.053503147439999996 0.0 0.0 0.053503147439999996 0.0 0.0 0.02165835864775455 0.0 0.0 0.08193454253735477 -0.0 -0.0 0.15158702169867058 -0.0 0.0 0.036732378887657215 -0.0 0.0 -0.06874079541343786 0.0 0.0 0.14702502148667893 0.0 -0.0 0.22488981732410013 0.0 -0.0 -0.016471192496035143
0.11787248591999999 -0.10575837737999999 -0.10421122949999999 0.68741987436 0.44731407168000004 0.57882245094 -4.42272565926 0.92229251814 -1.35536333166 -0.00791840754 -0.00423185688 0.02932754526 -0.08428124502 0.02625564456 0.07853219028 0.06421769964 -0.01957031442 -0.00531572382 0.87982042176 0.49525380054 0.28624205466 0.87982042176 -0.31334709258 -0.4016311173 -0.04356432774 -0.051585536700000004 -0.01357113654 -0.04356432774 -0.013875493499999999 -0.03960849672 -0.04965578406 -0.028933877879999997 0.0265179096 0.10753676100000001 -0.062244505979999996 0.03998921274 -0.03260342988 -0.028042662420000003 0.055220551740000005 -0.03260342988 -0.030510436139999996 0.025885721339999997 0.04847748012 0.00302252364 -0.01998475794 0.26200979028 -0.75147945948 0.28958431500000004 0.02037788568 0.04679596188 0.04590366714 0.02037788568 0.03698071974 0.09594151631999999 0.05238258498 0.14989526316000001 -0.09828625211999999 0.12990429936 -0.06258016206 0.01074639096 0.10438472376 -0.03317463882 0.06134033916000001 0.1700567532 0.03830553594 -0.21848404679999997 -0.05368527593999999 0.07232282261999999 0.08268175206 0.038986831439999994 -0.026652819600000002 -0.0049120731 -0.012385926081493411 -0.03280628903319893 0.025753971538701705 0.2921586274981663 -0.038094134359171125 -0.0598320812869674 0.6052533500027084 -0.4243822186040855 0.4110440187518928 0.1561518075004637 -0.05361345102590724 -0.09543947983623484 0.208216470596759 -0.15327309941135453 0.3218693303791423 0.1265266620205325 -0.01364700237875454 -0.035819899256978836 -0.017004831913714907 -0.05426328933244792 -0.009055952444547648 0.0037848206573842195 0.05572174456421253 0.0038333695082096715
-0.13362268878 0.03817737144 0.027112592879999998 0.42214957919999996 0.017303826419999998 0.21609802854000001 0.92229251814 -3.78410596974 0.53888531346 -0.00423185688 0.05237152236 -0.018118143179999997 0.02625564456 -0.14010592374 -0.03710078964 -0.01957031442 -0.00644950746 -0.02783625012 0.31334709258 0.16491560292 0.0022152222 -0.49525380054 0.16491560292 0.19449192221999997 0.013875493499999999 0.08811538722 0.03926798388 0.051585536700000004 0.08811538722 -0.0822182013 -0.028933877879999997 0.02022813558 -0.0146997936 -0.062244505979999996 0.05705532774 0.022790346299999997 0.030510436139999996 0.06955042212 -0.05794060716 0.028042662420000003 0.06955042212 0.11583939222 0.00302252364 0.027191380319999996 -0.009464476139999999 -0.75147945948 1.0170603174600001 -0.42148663146 -0.03698071974 -0.01020243384 0.05322280446 -0.04679596188 -0.01020243384 -0.03965652468 0.3110471469 0.5039144829 -0.21484363535999998 -0.12068050266 0.10638543905999999 0.02914352802 -0.01788043176 0.02116522044 0.0217771722 0.22398405768 0.13301127665999998 -0.2771132346 -0.014833084679999999 0.16425454392 0.17747572392 0.04274677314 -0.01670914314 -0.00032216507999999997 -0.04305646361977266 -0.04431793785843399 -0.001651456810865788 -0.15448443303358958 0.5947146679009835 0.21844038105091895 -0.47879553184441204 0.5226789176938181 -0.3548499177456326 0.1486888144809512 -0.011170613045256274 -0.09557637167790661 -0.099434015611529 0.2264640735033254 -0.013709081237187086 0.00826882435493499 -0.02571019798467876 -0.010020164457253143 -0.023353986954043494 0.008458244461434295 -0.003996525482295207 -0.047845688371283446 0.020232534610807054 0.026175789422922844
-0.12521590704 0.04858702704 0.016960885199999998 0.57429082404 0.26239698198 0.2191113783 -1.35536333166 0.53888531346 -4.95074586096 0.02932754526 -0.018118143179999997 0.07678105848 -0.07853219028 0.03710078964 0.94645921626 0.00531572382 0.02783625012 -0.02203458048 0.4016311173 0.19449192221999997 0.09230434271999999 -0.28624205466 0.0022152222 0.09230434271999999 0.03960849672 -0.0822182013 0.01134485172 0.01357113654 0.03926798388 0.01134485172 -0.0265179096 0.0146997936 -0.030101389019999997 -0.03998921274 -0.022790346299999997 0.19951057422 0.025885721339999997 -0.11583939222 0.05155207902 0.055220551740000005 0.05794060716 0.05155207902 -0.01998475794 -0.009464476139999999 0.07164719334 0.28958431500000004 -0.42148663146 -0.00481250952 0.09594151631999999 0.03965652468 0.0806114232 0.04590366714 -0.05322280446 0.0806114232 -0.22382540352 -0.43473209526 0.19339240572 0.10728366983999998 0.00618373476 -0.008065459439999999 0.10529212841999999 0.011027543400000001 0.029958654239999997 -0.45172131155999995 -0.08225516663999999 0.48235208741999996 0.012679111619999999 0.16717399632 0.10642483277999999 -0.00038557278 0.00733262832 0.00624579336 0.012708656557062603 0.026465888703674934 -0.011282832520115105 -0.18206177206804722 0.2402849762739711 0.3998141124380054 0.5931061887613402 -0.4394283829459735 0.6051164581610367 0.018152096970516368 -0.003581074660477404 0.03872129000589992 0.46195385590478266 -0.09434752863406237 1.0854046681976313 -0.06012894557152303 -0.014600072032254193 0.06323925555555364 -0.010185310138339723 -0.019182765197056702 0.024508017014648505 -0.04050924071703726 0.09789796180672372 0.0358318374989851
0.68741987436 0.44731407168000004 0.57882245094 0.11787248591999999 -0.10575837737999999 -0.10421122949999999 -0.00791840754 -0.00423185688 0.02932754526 -4.42272565926 0.92229251814 -1.35536333166 0.06421769964 -0.01957031442 -0.00531572382 -0.08428124502 0.02625564456 0.07853219028 0.87982042176 -0.31334709258 -0.4016311173 0.87982042176 0.49525380054 0.28624205466 -0.04356432774 -0.013875493499999999 -0.03960849672 -0.04356432774 -0.051585536700000004 -0.01357113654 0.10753676100000001 -0.062244505979999996 0.03998921274 -0.04965578406 -0.028933877879999997 0.0265179096 -0.03260342988 -0.030510436139999996 0.025885721339999997 -0.03260342988 -0.028042662420000003 0.055220551740000005 0.26200979028 -0.75147945948 0.28958431500000004 0.04847748012 0.00302252364 -0.01998475794 0.02037788568 0.03698071974 0.09594151631999999 0.02037788568 0.04679596188 0.04590366714 0.12990429936 -0.06258016206 0.01074639096 0.05238258498 0.14989526316000001 -0.09828625211999999 0.1700567532 0.03830553594 -0.21848404679999997 0.10438472376 -0.03317463882 0.06134033916000001 0.038986831439999994 -0.026652819600000002 -0.0049120731 -0.05368527593999999 0.07232282261999999 0.08268175206 0.2921586274981663 -0.038094134359171125 -0.0598320812869674 -0.012385926081493411 -0.03280628903319893 0.025753971538701705 0.1561518075004637 -0.05361345102590724 -0.09543947983623484 0.6052533500027084 -0.4243822186040855 0.4110440187518928 0.1265266620205325 -0.01364700237875454 -0.035819899256978836 0.208216470596759 -0.15327309941135453 0.3218693303791423 0.0037848206573842195 0.05572174456421253 0.0038333695082096715 -0.017004831913714907 -0.05426328933244792 -0.009055952444547648
0.42214957919999996 0.017303826419999998 0.21609802854000001 -0.13362268878 0.03817737144 0.027112592879999998 -0.00423185688 0.05237152236 -0.018118143179999997 0.92229251814 -3.78410596974 0.53888531346 -0.01957031442 -0.00644950746 -0.02783625012 0.02625564456 -0.14010592374 -0.03710078964 -0.49525380054 0.16491560292 0.19449192221999997 0.31334709258 0.16491560292 0.0022152222 0.051585536700000004 0.08811538722 -0.0822182013 0.013875493499999999 0.08811538722 0.03926798388 -0.062244505979999996 0.05705532774 0.022790346299999997 -0.028933877879999997 0.02022813558 -0.0146997936 0.028042662420000003 0.06955042212 0.11583939222 0.030510436139999996 0.06955042212 -0.05794060716 -0.75147945948 1.0170603174600001 -0.42148663146 0.00302252364 0.027191380319999996 -0.009464476139999999 -0.04679596188 -0.01020243384 -0.03965652468 -0.03698071974 -0.01020243384 0.05322280446 -0.12068050266 0.10638543905999999 0.02914352802 0.3110471469 0.5039144829 -0.21484363535999998 0.22398405768 0.13301127665999998 -0.2771132346 -0.01788043176 0.02116522044 0.0217771722 0.04274677314 -0.01670914314 -0.00032216507999999997 -0.014833084679999999 0.16425454392 0.17747572392 -0.15448443303358958 0.5947146679009835 0.21844038105091895 -0.04305646361977266 -0.04431793785843399 -0.001651456810865788 0.1486888144809512 -0.011170613045256274 -0.09557637167790661 -0.47879553184441204 0.5226789176938181 -0.3548499177456326 0.00826882435493499 -0.02571019798467876 -0.010020164457253143 -0.099434015611529 0.2264640735033254 -0.013709081237187086 -0.047845688371283446 0.020232534610807054 0.026175789422922844 -0.023353986954043494 0.008458244461434295 -0.003996525482295207
0.57429082404 0.26239698198 0.2191113783 -0.12521590704 0.04858702704 0.016960885199999998 0.02932754526 -0.018118143179999997 0.07678105848 -1.35536333166 0.53888531346 -4.95074586096 0.00531572382 0.02783625012 -0.02203458048 -0.07853219028 0.03710078964 0.94645921626 -0.28624205466 0.0022152222 0.09230434271999999 0.4016311173 0.19449192221999997 0.09230434271999999 0.01357113654 0.03926798388 0.01134485172 0.03960849672 -0.0822182013 0.01134485172 -0.03998921274 -0.022790346299999997 0.19951057422 -0.0265179096 0.0146997936 -0.030101389019999997 0.055220551740000005 0.05794060716 0.05155207902 0.025885721339999997 -0.11583939222 0.05155207902 0.28958431500000004 -0.42148663146 -0.00481250952 -0.01998475794 -0.009464476139999999 0.07164719334 0.04590366714 -0.05322280446 0.0806114232 0.09594151631999999 0.03965652468 0.0806114232 0.10728366983999998 0.00618373476 -0.008065459439999999 -0.22382540352 -0.43473209526 0.19339240572 -0.45172131155999995 -0.08225516663999999 0.48235208741999996 0.10529212841999999 0.011027543400000001 0.029958654239999997 -0.00038557278 0.00733262832 0.00624579336 0.012679111619999999 0.16717399632 0.10642483277999999 -0.18206177206804722 0.2402849762739711 0.3998141124380054 0.012708656557062603 0.026465888703674934 -0.011282832520115105 0.018152096970516368 -0.003581074660477404 0.03872129000589992 0.5931061887613402 -0.4394283829459735 0.6051164581610367 -0.06012894557152303 -0.014600072032254193 0.06323925555555364 0.46195385590478266 -0.09434752863406237 1.0854046681976313 -0.04050924071703726 0.09789796180672372 0.0358318374989851 -0.010185310138339723 -0.019182765197056702 0.024508017014648505
0.11787248591999999 -0.10575837737999999 0.10421122949999999 0.68741987436 0.44731407168000004 -0.57882245094 -0.08428124502 0.02625564456 -0.07853219028 0.06421769964 -0.01957031442 0.00531572382 -4.42272565926 0.92229251814 1.35536333166 -0.00791840754 -0.00423185688 -0.02932754526 0.02037788568 0.04679596188 -0.04590366714 0.02037788568 0.03698071974 -0.09594151631999999 -0.03260342988 -0.028042662420000003 -0.055220551740000005 -0.03260342988 -0.030510436139999996 -0.025885721339999997 0.04847748012 0.00302252364 0.01998475794 0.26200979028 -0.75147945948 -0.28958431500000004 -0.04356432774 -0.051585536700000004 0.01357113654 -0.04356432774 -0.013875493499999999 0.03960849672 -0.04965578406 -0.028933877879999997 -0.0265179096 0.10753676100000001 -0.062244505979999996 -0.03998921274 0.87982042176 0.49525380054 -0.28624205466 0.87982042176 -0.31334709258 0.4016311173 0.05238258498 0.14989526316000001 0.09828625211999999 0.12990429936 -0.06258016206 -0.01074639096 0.10438472376 -0.03317463882 -0.06134033916000001 0.1700567532 0.03830553594 0.21848404679999997 -0.05368527593999999 0.07232282261999999 -0.08268175206 0.038986831439999994 -0.026652819600000002 0.0049120731 -0.012385926081493411 -0.03280628903319893 -0.025753971538701705 0.2921586274981663 -0.038094134359171125 0.0598320812869674 0.6052533500027084 -0.4243822186040855 -0.4110440187518928 0.1561518075004637 -0.05361345102590724 0.09543947983623484 0.208216470596759 -0.15327309941135453 -0.3218693303791423 0.1265266620205325 -0.01364700237875454 0.035819899256978836 -0.017004831913714907 -0.05426328933244792 0.009055952444547648 0.0037848206573842195 0.05572174456421253 -0.0038333695082096715
-0.13362268878 0.03817737144 -0.027112592879999998 0.42214957919999996 0.017303826419999998 -0.21609802854000001 0.02625564456 -0.14010592374 0.03710078964 -0.01957031442 -0.00644950746 0.02783625012 0.92229251814 -3.78410596974 -0.53888531346 -0.00423185688 0.05237152236 0.018118143179999997 -0.03698071974 -0.01020243384 -0.05322280446 -0.04679596188 -0.01020243384 0.03965652468 0.030510436139999996 0.06955042212 0.05794060716 0.028042662420000003 0.06955042212 -0.11583939222 0.00302252364 0.027191380319999996 0.009464476139999999 -0.75147945948 1.0170603174600001 0.42148663146 0.013875493499999999 0.08811538722 -0.03926798388 0.051585536700000004 0.08811538722 0.0822182013 -0.028933877879999997 0.02022813558 0.0146997936 -0.062244505979999996 0.05705532774 -0.022790346299999997 0.31334709258 0.16491560292 -0.0022152222 -0.49525380054 0.16491560292 -0.19449192221999997 0.3110471469 0.5039144829 0.21484363535999998 -0.12068050266 0.10638543905999999 -0.02914352802 -0.01788043176 0.02116522044 -0.0217771722 0.22398405768 0.13301127665999998 0.2771132346 -0.014833084679999999 0.16425454392 -0.17747572392 0.04274677314 -0.01670914314 0.00032216507999999997 -0.04305646361977266 -0.04431793785843399 0.001651456810865788 -0.15448443303358958 0.5947146679009835 -0.21844038105091895 -0.47879553184441204 0.5226789176938181 0.3548499177456326 0.1486888144809512 -0.011170613045256274 0.09557637167790661 -0.099434015611529 0.2264640735033254 0.013709081237187086 0.00826882435493499 -0.02571019798467876 0.010020164457253143 -0.023353986954043494 0.008458244461434295 0.003996525482295207 -0.047845688371283446 0.020232534610807054 -0.026175789422922844
0.12521590704 -0.04858702704 0.016960885199999998 -0.57429082404 -0.26239698198 0.2191113783 0.07853219028 -0.03710078964 0.94645921626 -0.00531572382 -0.02783625012 -0.02203458048 1.35536333166 -0.53888531346 -4.95074586096 -0.02932754526 0.018118143179999997 0.07678105848 -0.09594151631999999 -0.03965652468 0.0806114232 -0.04590366714 0.05322280446 0.0806114232 -0.025885721339999997 0.11583939222 0.05155207902 -0.055220551740000005 -0.05794060716 0.05155207902 0.01998475794 0.009464476139999999 0.07164719334 -0.28958431500000004 0.42148663146 -0.00481250952 -0.03960849672 0.0822182013 0.01134485172 -0.01357113654 -0.03926798388 0.01134485172 0.0265179096 -0.0146997936 -0.030101389019999997 0.03998921274 0.022790346299999997 0.19951057422 -0.4016311173 -0.19449192221999997 0.09230434271999999 0.28624205466 -0.0022152222 0.09230434271999999 0.22382540352 0.43473209526 0.19339240572 -0.10728366983999998 -0.00618373476 -0.008065459439999999 -0.10529212841999999 -0.011027543400000001 0.029958654239999997 0.45172131155999995 0.08225516663999999 0.48235208741999996 -0.012679111619999999 -0.16717399632 0.10642483277999999 0.00038557278 -0.00733262832 0.00624579336 -0.012708656557062603 -0.026465888703674934 -0.011282832520115105 0.18206177206804722 -0.2402849762739711 0.3998141124380054 -0.5931061887613402 0.4394283829459735 0.6051164581610367 -0.018152096970516368 0.003581074660477404 0.03872129000589992 -0.46195385590478266 0.09434752863406237 1.0854046681976313 0.06012894557152303 0.014600072032254193 0.06323925555555364 0.010185310138339723 0.019182765197056702 0.024508017014648505 0.04050924071703726 -0.09789796180672372 0.0358318374989851
0.68741987436 0.44731407168000004 -0.57882245094 0.11787248591999999 -0.10575837737999999 0.10421122949999999 0.06421769964 -0.01957031442 0.00531572382 -0.08428124502 0.02625564456 -0.07853219028 -0.00791840754 -0.00423185688 -0.02932754526 -4.42272565926 0.92229251814 1.35536333166 0.02037788568 0.03698071974 -0.09594151631999999 0.02037788568 0.04679596188 -0.04590366714 -0.03260342988 -0.030510436139999996 -0.025885721339999997 -0.03260342988 -0.028042662420000003 -0.055220551740000005 0.26200979028 -0.75147945948 -0.28958431500000004 0.04847748012 0.00302252364 0.01998475794 -0.04356432774 -0.013875493499999999 0.03960849672 -0.04356432774 -0.051585536700000004 0.01357113654 0.10753676100000001 -0.062244505979999996 -0.03998921274 -0.04965578406 -0.028933877879999997 -0.0265179096 0.87982042176 -0.31334709258 0.4016311173 0.87982042176 0.49525380054 -0.28624205466 0.12990429936 -0.06258016206 -0.01074639096 0.05238258498 0.14989526316000001 0.09828625211999999 0.1700567532 0.03830553594 0.21848404679999997 0.10438472376 -0.03317463882 -0.06134033916000001 0.038986831439999994 -0.026652819600000002 0.0049120731 -0.05368527593999999 0.07232282261999999 -0.08268175206 0.2921586274981663 -0.038094134359171125 0.0598320812869674 -0.012385926081493411 -0.03280628903319893 -0.025753971538701705 0.1561518075004637 -0.05361345102590724 0.09543947983623484 0.6052533500027084 -0.4243822186040855 -0.4110440187518928 0.1265266620205325 -0.01364700237875454 0.035819899256978836 0.208216470596759 -0.15327309941135453 -0.3218693303791423 0.0037848206573842195 0.05572174456421253 -0.0038333695082096715 -0.017004831913714907 -0.05426328933244792 0.009055952444547648
0.42214957919999996 0.017303826419999998 -0.21609802854000001 -0.13362268878 0.03817737144 -0.027112592879999998 -0.01957031442 -0.00644950746 0.02783625012 0.02625564456 -0.14010592374 0.03710078964 -0.00423185688 0.05237152236 0.018118143179999997 0.92229251814 -3.78410596974 -0.53888531346 -0.04679596188 -0.01020243384 0.03965652468 -0.03698071974 -0.01020243384 -0.05322280446 0.028042662420000003 0.06955042212 -0.11583939222 0.030510436139999996 0.06955042212 0.05794060716 -0.75147945948 1.0170603174600001 0.42148663146 0.00302252364 0.027191380319999996 0.009464476139999999 0.051585536700000004 0.08811538722 0.0822182013 0.013875493499999999 0.08811538722 -0.03926798388 -0.062244505979999996 0.05705532774 -0.022790346299999997 -0.028933877879999997 0.02022813558 0.0146997936 -0.49525380054 0.16491560292 -0.19449192221999997 0.31334709258 0.16491560292 -0.0022152222 -0.12068050266 0.10638543905999999 -0.02914352802 0.3110471469 0.5039144829 0.21484363535999998 0.22398405768 0.13301127665999998 0.2771132346 -0.01788043176 0.02116522044 -0.0217771722 0.04274677314 -0.01670914314 0.00032216507999999997 -0.014833084679999999 0.16425454392 -0.17747572392 -0.15448443303358958 0.5947146679009835 -0.21844038105091895 -0.04305646361977266 -0.04431793785843399 0.001651456810865788 0.1486888144809512 -0.011170613045256274 0.09557637167790661 -0.47879553184441204 0.5226789176938181 0.3548499177456326 0.00826882435493499 -0.02571019798467876 0.010020164457253143 -0.099434015611529 0.2264640735033254 0.013709081237187086 -0.047845688371283446 0.020232534610807054 -0.026175789422922844 -0.023353986954043494 0.008458244461434295 0.003996525482295207
-0.57429082404 -0.26239698198 0.2191113783 0.12521590704 -0.04858702704 0.016960885199999998 -0.00531572382 -0.02783625012 -0.02203458048 0.07853219028 -0.03710078964 0.94645921626 -0.02932754526 0.018118143179999997 0.07678105848 1.35536333166 -0.53888531346 -4.95074586096 -0.04590366714 0.05322280446 0.0806114232 -0.09594151631999999 -0.03965652468 0.0806114232 -0.055220551740000005 -0.05794060716 0.05155207902 -0.025885721339999997 0.11583939222 0.05155207902 -0.28958431500000004 0.42148663146 -0.00481250952 0.01998475794 0.009464476139999999 0.07164719334 -0.01357113654 -0.03926798388 0.01134485172 -0.03960849672 0.0822182013 0.01134485172 0.03998921274 0.022790346299999997 0.19951057422 0.0265179096 -0.0146997936 -0.030101389019999997 0.28624205466 -0.0022152222 0.09230434271999999 -0.4016311173 -0.19449192221999997 0.09230434271999999 -0.10728366983999998 -0.00618373476 -0.008065459439999999 0.22382540352 0.43473209526 0.19339240572 0.45172131155999995 0.08225516663999999 0.48235208741999996 -0.10529212841999999 -0.011027543400000001 0.029958654239999997 0.00038557278 -0.00733262832 0.00624579336 -0.012679111619999999 -0.16717399632 0.10642483277999999 0.18206177206804722 -0.2402849762739711 0.3998141124380054 -0.012708656557062603 -0.026465888703674934 -0.011282832520115105 -0.018152096970516368 0.003581074660477404 0.03872129000589992 -0.5931061887613402 0.4394283829459735 0.6051164581610367 0.06012894557152303 0.014600072032254193 0.06323925555555364 -0.46195385590478266 0.09434752863406237 1.0854046681976313 0.04050924071703726 -0.09789796180672372 0.0358318374989851 0.010185310138339723 0.019182765197056702 0.024508017014648505
-0.05368527593999999 -0.07232282261999999 -0.08268175206 0.038986831439999994 0.026652819600000002 0.0049120731 0.87982042176 0.31334709258 0.4016311173 0.87982042176 -0.49525380054 -0.28624205466 0.02037788568 -0.03698071974 -0.09594151631999999 0.02037788568 -0.04679596188 -0.04590366714 -4.42272565926 -0.92229251814 1.35536333166 -0.00791840754 0.00423185688 -0.02932754526 0.04847748012 -0.00302252364 0.01998475794 0.26200979028 0.75147945948 -0.28958431500000004 -0.03260342988 0.030510436139999996 -0.025885721339999997 -0.03260342988 0.028042662420000003 -0.055220551740000005 -0.04965578406 0.028933877879999997 -0.0265179096 0.10753676100000001 0.062244505979999996 -0.03998921274 -0.04356432774 0.013875493499999999 0.03960849672 -0.04356432774 0.051585536700000004 0.01357113654 -0.08428124502 -0.02625564456 -0.07853219028 0.06421769964 0.01957031442 0.00531572382 0.1700567532 -0.03830553594 0.21848404679999997 0.10438472376 0.03317463882 -0.06134033916000001 0.05238258498 -0.14989526316000001 0.09828625211999999 0.12990429936 0.06258016206 -0.01074639096 0.68741987436 -0.44731407168000004 -0.57882245094 0.11787248591999999 0.10575837737999999 0.10421122949999999 -0.017004831913714907 0.05426328933244792 0.009055952444547648 0.0037848206573842195 -0.05572174456421253 -0.0038333695082096715 0.1265266620205325 0.01364700237875454 0.035819899256978836 0.208216470596759 0.15327309941135453 -0.3218693303791423 0.6052533500027084 0.4243822186040855 -0.4110440187518928 0.1561518075004637 0.05361345102590724 0.09543947983623484 0.2921586274981663 0.038094134359171125 0.0598320812869674 -0.012385926081493411 0.03280628903319893 -0.025753971538701705
0.014833084679999999 0.16425454392 0.17747572392 -0.04274677314 -0.01670914314 -0.00032216507999999997 0.49525380054 0.16491560292 0.19449192221999997 -0.31334709258 0.16491560292 0.0022152222 0.04679596188 -0.01020243384 -0.03965652468 0.03698071974 -0.01020243384 0.05322280446 -0.92229251814 -3.78410596974 0.53888531346 0.00423185688 0.05237152236 -0.018118143179999997 -0.00302252364 0.027191380319999996 -0.009464476139999999 0.75147945948 1.0170603174600001 -0.42148663146 -0.028042662420000003 0.06955042212 0.11583939222 -0.030510436139999996 0.06955042212 -0.05794060716 0.028933877879999997 0.02022813558 -0.0146997936 0.062244505979999996 0.05705532774 0.022790346299999997 -0.051585536700000004 0.08811538722 -0.0822182013 -0.013875493499999999 0.08811538722 0.03926798388 -0.02625564456 -0.14010592374 -0.03710078964 0.01957031442 -0.00644950746 -0.02783625012 -0.22398405768 0.13301127665999998 -0.2771132346 0.01788043176 0.02116522044 0.0217771722 -0.3110471469 0.5039144829 -0.21484363535999998 0.12068050266 0.10638543905999999 0.02914352802 -0.42214957919999996 0.017303826419999998 0.21609802854000001 0.13362268878 0.03817737144 0.027112592879999998 0.023353986954043494 0.008458244461434295 -0.003996525482295207 0.047845688371283446 0.020232534610807054 0.026175789422922844 -0.00826882435493499 -0.02571019798467876 -0.010020164457253143 0.099434015611529 0.2264640735033254 -0.013709081237187086 0.47879553184441204 0.5226789176938181 -0.3548499177456326 -0.1486888144809512 -0.011170613045256274 -0.09557637167790661 0.15448443303358958 0.5947146679009835 0.21844038105091895 0.04305646361977266 -0.04431793785843399 -0.001651456810865788
-0.012679111619999999 0.16717399632 0.10642483277999999 0.00038557278 0.00733262832 0.00624579336 0.28624205466 0.0022152222 0.09230434271999999 -0.4016311173 0.19449192221999997 0.09230434271999999 -0.04590366714 -0.05322280446 0.0806114232 -0.09594151631999999 0.03965652468 0.0806114232 1.35536333166 0.53888531346 -4.95074586096 -0.02932754526 -0.018118143179999997 0.07678105848 0.01998475794 -0.009464476139999999 0.07164719334 -0.28958431500000004 -0.42148663146 -0.00481250952 -0.055220551740000005 0.05794060716 0.05155207902 -0.025885721339999997 -0.11583939222 0.05155207902 0.0265179096 0.0146997936 -0.030101389019999997 0.03998921274 -0.022790346299999997 0.19951057422 -0.01357113654 0.03926798388 0.01134485172 -0.03960849672 -0.0822182013 0.01134485172 0.07853219028 0.03710078964 0.94645921626 -0.00531572382 0.02783625012 -0.02203458048 0.45172131155999995 -0.08225516663999999 0.48235208741999996 -0.10529212841999999 0.011027543400000001 0.029958654239999997 0.22382540352 -0.43473209526 0.19339240572 -0.10728366983999998 0.00618373476 -0.008065459439999999 -0.57429082404 0.26239698198 0.2191113783 0.12521590704 0.04858702704 0.016960885199999998 0.010185310138339723 -0.019182765197056702 0.024508017014648505 0.04050924071703726 0.09789796180672372 0.0358318374989851 0.06012894557152303 -0.014600072032254193 0.06323925555555364 -0.46195385590478266 -0.09434752863406237 1.0854046681976313 -0.5931061887613402 -0.4394283829459735 0.6051164581610367 -0.018152096970516368 -0.003581074660477404 0.03872129000589992 0.18206177206804722 0.2402849762739711 0.3998141124380054 -0.012708656557062603 0.026465888703674934 -0.011282832520115105
0.038986831439999994 0.026652819600000002 0.0049120731 -0.05368527593999999 -0.07232282261999999 -0.08268175206 0.87982042176 -0.49525380054 -0.28624205466 0.87982042176 0.31334709258 0.4016311173 0.02037788568 -0.04679596188 -0.04590366714 0.02037788568 -0.03698071974 -0.09594151631999999 -0.00791840754 0.00423185688 -0.02932754526 -4.42272565926 -0.92229251814 1.35536333166 0.26200979028 0.75147945948 -0.28958431500000004 0.04847748012 -0.00302252364 0.01998475794 -0.03260342988 0.028042662420000003 -0.055220551740000005 -0.03260342988 0.030510436139999996 -0.025885721339999997 0.10753676100000001 0.062244505979999996 -0.03998921274 -0.04965578406 0.028933877879999997 -0.0265179096 -0.04356432774 0.051585536700000004 0.01357113654 -0.04356432774 0.013875493499999999 0.03960849672 0.06421769964 0.01957031442 0.00531572382 -0.08428124502 -0.02625564456 -0.07853219028 0.10438472376 0.03317463882 -0.06134033916000001 0.1700567532 -0.03830553594 0.21848404679999997 0.12990429936 0.06258016206 -0.01074639096 0.05238258498 -0.14989526316000001 0.09828625211999999 0.11787248591999999 0.10575837737999999 0.10421122949999999 0.68741987436 -0.44731407168000004 -0.57882245094 0.0037848206573842195 -0.05572174456421253 -0.0038333695082096715 -0.017004831913714907 0.05426328933244792 0.009055952444547648 0.208216470596759 0.15327309941135453 -0.3218693303791423 0.1265266620205325 0.01364700237875454 0.035819899256978836 0.1561518075004637 0.05361345102590724 0.09543947983623484 0.6052533500027084 0.4243822186040855 -0.4110440187518928 -0.012385926081493411 0.03280628903319893 -0.025753971538701705 0.2921586274981663 0.038094134359171125 0.0598320812869674
-0.04274677314 -0.01670914314 -0.00032216507999999997 0.014833084679999999 0.16425454392 0.17747572392 -0.31334709258 0.16491560292 0.0022152222 0.49525380054 0.16491560292 0.19449192221999997 0.03698071974 -0.01020243384 0.05322280446 0.04679596188 -0.01020243384 -0.03965652468 0.00423185688 0.05237152236 -0.018118143179999997 -0.92229251814 -3.78410596974 0.53888531346 0.75147945948 1.0170603174600001 -0.42148663146 -0.00302252364 0.027191380319999996 -0.009464476139999999 -0.030510436139999996 0.06955042212 -0.05794060716 -0.028042662420000003 0.06955042212 0.11583939222 0.062244505979999996 0.05705532774 0.022790346299999997 0.028933877879999997 0.02022813558 -0.0146997936 -0.013875493499999999 0.08811538722 0.03926798388 -0.051585536700000004 0.08811538722 -0.0822182013 0.01957031442 -0.00644950746 -0.02783625012 -0.02625564456 -0.14010592374 -0.03710078964 0.01788043176 0.02116522044 0.0217771722 -0.22398405768 0.13301127665999998 -0.2771132346 0.12068050266 0.10638543905999999 0.02914352802 -0.3110471469 0.5039144829 -0.21484363535999998 0.13362268878 0.03817737144 0.027112592879999998 -0.42214957919999996 0.017303826419999998 0.21609802854000001 0.047845688371283446 0.020232534610807054 0.026175789422922844 0.023353986954043494 0.008458244461434295 -0.003996525482295207 0.099434015611529 0.2264640735033254 -0.013709081237187086 -0.00826882435493499 -0.02571019798467876 -0.010020164457253143 -0.1486888144809512 -0.011170613045256274 -0.09557637167790661 0.47879553184441204 0.5226789176938181 -0.3548499177456326 0.04305646361977266 -0.04431793785843399 -0.001651456810865788 0.15448443303358958 0.5947146679009835 0.21844038105091895
0.00038557278 0.00733262832 0.00624579336 -0.012679111619999999 0.16717399632 0.10642483277999999 -0.4016311173 0.19449192221999997 0.09230434271999999 0.28624205466 0.0022152222 0.09230434271999999 -0.09594151631999999 0.03965652468 0.0806114232 -0.04590366714 -0.05322280446 0.0806114232 -0.02932754526 -0.018118143179999997 0.07678105848 1.35536333166 0.53888531346 -4.95074586096 -0.28958431500000004 -0.42148663146 -0.00481250952 0.01998475794 -0.009464476139999999 0.07164719334 -0.025885721339999997 -0.11583939222 0.05155207902 -0.055220551740000005 0.05794060716 0.05155207902 0.03998921274 -0.022790346299999997 0.19951057422 0.0265179096 0.0146997936 -0.030101389019999997 -0.03960849672 -0.0822182013 0.01134485172 -0.01357113654 0.03926798388 0.01134485172 -0.00531572382 0.02783625012 -0.02203458048 0.07853219028 0.03710078964 0.94645921626 -0.10529212841999999 0.011027543400000001 0.029958654239999997 0.45172131155999995 -0.08225516663999999 0.48235208741999996 -0.10728366983999998 0.00618373476 -0.008065459439999999 0.22382540352 -0.43473209526 0.19339240572 0.12521590704 0.04858702704 0.016960885199999998 -0.57429082404 0.26239698198 0.2191113783 0.04050924071703726 0.09789796180672372 0.0358318374989851 0.010185310138339723 -0.019182765197056702 0.024508017014648505 -0.46195385590478266 -0.09434752863406237 1.0854046681976313 0.06012894557152303 -0.014600072032254193 0.06323925555555364 -0.018152096970516368 -0.003581074660477404 0.03872129000589992 -0.5931061887613402 -0.4394283829459735 0.6051164581610367 -0.012708656557062603 0.026465888703674934 -0.011282832520115105 0.18206177206804722 0.2402849762739711 0.3998141124380054
