1.847633 1.868889 -3.644487
0.035642 -5.881234 -1.939646
-7.673567 1.995182 -1.901034
-7.637925 -3.886052 -3.840680
-5.825934 3.864071 -5.545521
1.883275 -4.012345 -5.584133
32 2
direct
0.125000 0.187500 0.062500 Ni
0.625000 0.687500 0.562500 Ni
0.125000 0.937500 0.312500 Ni
0.625000 0.437500 0.812500 Ni
0.250000 0.625000 0.875000 Ni
0.750000 0.125000 0.375000 Ni
0.250000 0.375000 0.125000 Ni
0.750000 0.875000 0.625000 Ni
0.250000 0.125000 0.375000 Ni
0.750000 0.625000 0.875000 Ni
0.250000 0.875000 0.625000 Ni
0.750000 0.375000 0.125000 Ni
0.875000 0.562500 0.187500 Ni
0.375000 0.062500 0.687500 Ni
0.875000 0.312500 0.437500 Ni
0.375000 0.812500 0.937500 Ni
0.375000 0.562500 0.187500 Ni
0.875000 0.062500 0.687500 Ni
0.375000 0.312500 0.437500 Ni
0.875000 0.812500 0.937500 Ni
0.500000 0.750000 0.250000 Ni
1.000000 0.250000 0.750000 Ni
0.000000 0.000000 0.000000 Ni
0.500000 0.500000 0.500000 Ni
0.625000 0.187500 0.062500 Al
0.125000 0.687500 0.562500 Al
0.625000 0.937500 0.312500 Al
0.125000 0.437500 0.812500 Al
0.500000 0.250000 0.750000 Al
1.000000 0.750000 0.250000 Al
0.500000 0.000000 1.000000 Al
0.000000 0.500000 0.500000 Al
-2.7280485345999996 0.0095811425 0.4474854264 0.0998804027 0.014399004599999998 -0.1014521209 0.015183103 -0.0296942055 0.0059059747 0.0427873576 0.0464026616 -0.008160844499999998 0.0315452881 -0.0221413894 0.015325132799999999 0.0859462229 -0.013570888699999999 0.0194880145 0.2860128032 -0.0101099394 0.2713714089 0.0456144549 0.038728357199999994 -0.0169244353 0.0772002391 0.055766651099999995 0.0661829523 -0.0214183286 0.0176034786 0.007135530199999999 -0.017476121299999998 -0.0050256247 0.002400421 0.035783879899999996 0.0042779141 -0.0270742839 0.0368743401 0.0160798862 0.0377781661 0.36366378149999995 -0.0505684778 -0.4454600345 0.2520647465 -0.0456819484 -0.223145249 0.1015912162 0.0447933818 -0.06316863389999999 0.0029157192 -0.0168545942 -0.0288179638 0.0912858391 -0.040484361999999996 0.0189251774 0.07324805449999999 -0.016849898999999998 0.049595984499999995 0.0122579934 -0.023143227699999998 0.0214664544 0.0033230277999999995 0.0338283291 0.0327408034 0.0864216119 0.0190496002 -0.09743655109999999 0.1883180161 -0.0149225194 0.0641346713 0.11610466629999999 0.0480635886 -0.044522234 0.08839313146274073 0.0564865879354135 0.04131467411105951 0.03918091232314088 -0.047620453538765366 -0.0013199716244920048 0.06297263481741386 0.05966733354728103 -0.05645714027179806 0.10803870250824006 -0.11721602707985133 0.033187118953198584 0.09580558592442677 0.02620961444194058 0.0010418105857461766 0.07631401820080817 -0.0067132714215194815 0.05072559028459325 0.22746807965605179 0.20362263507275064 -0.06902651733878765 -0.01704104458113389 -0.024182898890678057 -0.007949675351967674
0.0095811425 -2.2206746584 0.7681728685 0.014399004599999998 0.05884083329999999 -0.12423557889999998 -0.0038829304 -0.0049522622 -0.025472046899999996 0.0674888048 0.0851844267 0.023985429200000002 -0.0201347783 0.024105743699999998 -0.042880674699999996 0.011078911299999999 -0.03909047449999999 0.0118700525 -0.0292440532 0.0104356689 -0.008302287399999999 0.039078736499999996 0.015306351999999999 -0.0030002327999999997 -0.0762025091 0.1099510198 0.0418412748 0.0012160568000000001 0.1610840954 -0.027897704599999996 -0.0464983263 -0.017147457300000002 0.0101621735 -0.1108571934 -0.042733362799999994 0.0136624451 0.0558975298 0.2470338397 -0.2825682871 -0.0009719064000000001 -0.0910375804 0.034918202399999994 -0.024783026299999997 0.173364391 0.0579305514 -0.0426993226 0.3090521496 -0.2482587 -0.0567344492 0.0635665521 -0.0016973148 -0.0118060804 0.0356794117 -0.0037790490999999996 0.0026750902 0.0228873393 0.0168903951 -0.0325453657 0.0028488126 -0.0115636907 0.05205626929999999 0.18963971489999998 0.0031064617000000003 0.0534795018 0.1117827347 0.0016333426999999999 -0.0149225194 0.152570524 -0.0474414746 0.0480635886 0.0053102712 -0.029737636099999996 0.043682425442300825 0.01113718596763875 0.03207407685681506 -0.046243576294043534 0.04617393654900702 -0.01449103608859703 -0.018432645657663446 0.12377370341388926 -0.019333584987735773 -0.14898766847250786 0.20818662499174334 -0.03615297620895346 -0.030088349269774033 -0.04508715858503727 0.011409377885381449 -0.044791090183282055 0.09518240969170007 -0.049774112396694443 0.26394816369597673 0.24673839196115438 -0.033243228690628006 -0.013027407618629713 -0.028493400137737872 0.014206905928848072
0.4474854264 0.7681728685 -3.0872090324 -0.1014521209 -0.12423557889999998 0.13365649770000002 0.036095523799999994 -0.029139585 0.122380388 -0.0252237882 0.009741953099999999 0.13031762360000002 0.0679154811 -0.0587463424 0.0527470506 0.0251146248 0.0138707946 -0.030243543900000003 0.2128175697 -0.0470881608 0.28370980760000003 -0.029262833999999998 0.0044046845 0.006303306 -0.0810526507 -0.0423342708 0.0780852843 0.034838970899999995 0.0110607174 -0.017913948699999998 -0.038278204899999994 0.05919473399999999 0.0519682343 -0.0425021242 -0.030019348099999996 0.14332098000000001 -0.0066020381 -0.22494820579999997 0.3562119122 -0.43056333869999996 0.074683025 0.3120418182 -0.10863812449999999 0.0507011172 0.28296444460000003 0.0328352943 -0.1927948893 0.3127009069 -0.061551724399999994 -0.0249943103 0.0141894813 -0.0047474341000000005 -0.00013087869999999998 0.0878419099 -0.04574533359999999 0.0257250008 0.0037602683 0.018041306 -0.0009132163999999999 0.034263221999999996 0.0347955403 -0.08230626910000001 0.0120954221 -0.0526736881 0.0052850345 0.0809493563 0.0641346713 -0.0474414746 0.1103671319 -0.044522234 -0.029737636099999996 0.0568195497 0.03037327531232341 -0.01626346708512624 0.07722212047608425 0.012946625514387362 0.005257203838156127 -0.043211660765854025 -0.043783502557953824 0.013070385289852243 0.14775842748726342 0.014240730947865805 -0.02503608525272535 0.0921385559215043 0.025833161877343223 -0.031482337994704845 -0.026595617600142944 0.041285226447444076 0.013019050849225331 0.07119211443872298 -0.011063566808600156 -0.019716404614736466 0.06136534950197123 -0.035509107023415906 -0.01794317773540684 0.03428981457317668
0.0998804027 0.014399004599999998 -0.1014521209 -2.7280485345999996 0.0095811425 0.4474854264 0.0427873576 0.0464026616 -0.008160844499999998 0.015183103 -0.0296942055 0.0059059747 0.0859462229 -0.013570888699999999 0.0194880145 0.0315452881 -0.0221413894 0.015325132799999999 0.0456144549 0.038728357199999994 -0.0169244353 0.2860128032 -0.0101099394 0.2713714089 -0.0214183286 0.0176034786 0.007135530199999999 0.0772002391 0.055766651099999995 0.0661829523 0.035783879899999996 0.0042779141 -0.0270742839 -0.017476121299999998 -0.0050256247 0.002400421 0.36366378149999995 -0.0505684778 -0.4454600345 0.0368743401 0.0160798862 0.0377781661 0.1015912162 0.0447933818 -0.06316863389999999 0.2520647465 -0.0456819484 -0.223145249 0.0912858391 -0.040484361999999996 0.0189251774 0.0029157192 -0.0168545942 -0.0288179638 0.0122579934 -0.023143227699999998 0.0214664544 0.07324805449999999 -0.016849898999999998 0.049595984499999995 0.0864216119 0.0190496002 -0.09743655109999999 0.0033230277999999995 0.0338283291 0.0327408034 0.11610466629999999 0.0480635886 -0.044522234 0.1883180161 -0.0149225194 0.0641346713 0.03918091232314088 -0.047620453538765366 -0.0013199716244920048 0.08839313146274073 0.0564865879354135 0.04131467411105951 0.10803870250824006 -0.11721602707985133 0.033187118953198584 0.06297263481741386 0.05966733354728103 -0.05645714027179806 0.07631401820080817 -0.0067132714215194815 0.05072559028459325 0.09580558592442677 0.02620961444194058 0.0010418105857461766 -0.01704104458113389 -0.024182898890678057 -0.007949675351967674 0.22746807965605179 0.20362263507275064 -0.06902651733878765
0.014399004599999998 0.05884083329999999 -0.12423557889999998 0.0095811425 -2.2206746584 0.7681728685 0.0674888048 0.0851844267 0.023985429200000002 -0.0038829304 -0.0049522622 -0.025472046899999996 0.011078911299999999 -0.03909047449999999 0.0118700525 -0.0201347783 0.024105743699999998 -0.042880674699999996 0.039078736499999996 0.015306351999999999 -0.0030002327999999997 -0.0292440532 0.0104356689 -0.008302287399999999 0.0012160568000000001 0.1610840954 -0.027897704599999996 -0.0762025091 0.1099510198 0.0418412748 -0.1108571934 -0.042733362799999994 0.0136624451 -0.0464983263 -0.017147457300000002 0.0101621735 -0.0009719064000000001 -0.0910375804 0.034918202399999994 0.0558975298 0.2470338397 -0.2825682871 -0.0426993226 0.3090521496 -0.2482587 -0.024783026299999997 0.173364391 0.0579305514 -0.0118060804 0.0356794117 -0.0037790490999999996 -0.0567344492 0.0635665521 -0.0016973148 -0.0325453657 0.0028488126 -0.0115636907 0.0026750902 0.0228873393 0.0168903951 0.0534795018 0.1117827347 0.0016333426999999999 0.05205626929999999 0.18963971489999998 0.0031064617000000003 0.0480635886 0.0053102712 -0.029737636099999996 -0.0149225194 0.152570524 -0.0474414746 -0.046243576294043534 0.04617393654900702 -0.01449103608859703 0.043682425442300825 0.01113718596763875 0.03207407685681506 -0.14898766847250786 0.20818662499174334 -0.03615297620895346 -0.018432645657663446 0.12377370341388926 -0.019333584987735773 -0.044791090183282055 0.09518240969170007 -0.049774112396694443 -0.030088349269774033 -0.04508715858503727 0.011409377885381449 -0.013027407618629713 -0.028493400137737872 0.014206905928848072 0.26394816369597673 0.24673839196115438 -0.033243228690628006
-0.1014521209 -0.12423557889999998 0.13365649770000002 0.4474854264 0.7681728685 -3.0872090324 -0.0252237882 0.009741953099999999 0.13031762360000002 0.036095523799999994 -0.029139585 0.122380388 0.0251146248 0.0138707946 -0.030243543900000003 0.0679154811 -0.0587463424 0.0527470506 -0.029262833999999998 0.0044046845 0.006303306 0.2128175697 -0.0470881608 0.28370980760000003 0.034838970899999995 0.0110607174 -0.017913948699999998 -0.0810526507 -0.0423342708 0.0780852843 -0.0425021242 -0.030019348099999996 0.14332098000000001 -0.038278204899999994 0.05919473399999999 0.0519682343 -0.43056333869999996 0.074683025 0.3120418182 -0.0066020381 -0.22494820579999997 0.3562119122 0.0328352943 -0.1927948893 0.3127009069 -0.10863812449999999 0.0507011172 0.28296444460000003 -0.0047474341000000005 -0.00013087869999999998 0.0878419099 -0.061551724399999994 -0.0249943103 0.0141894813 0.018041306 -0.0009132163999999999 0.034263221999999996 -0.04574533359999999 0.0257250008 0.0037602683 -0.0526736881 0.0052850345 0.0809493563 0.0347955403 -0.08230626910000001 0.0120954221 -0.044522234 -0.029737636099999996 0.0568195497 0.0641346713 -0.0474414746 0.1103671319 0.012946625514387362 0.005257203838156127 -0.043211660765854025 0.03037327531232341 -0.01626346708512624 0.07722212047608425 0.014240730947865805 -0.02503608525272535 0.0921385559215043 -0.043783502557953824 0.013070385289852243 0.14775842748726342 0.041285226447444076 0.013019050849225331 0.07119211443872298 0.025833161877343223 -0.031482337994704845 -0.026595617600142944 -0.035509107023415906 -0.01794317773540684 0.03428981457317668 -0.011063566808600156 -0.019716404614736466 0.06136534950197123
0.015183103 -0.0038829304 0.036095523799999994 0.0427873576 0.0674888048 -0.0252237882 -2.6539412584999997 -0.11979391969999999 0.41818092249999994 0.084672063 -0.0350226706 -0.0849173872 -0.0049111792 -0.0333277034 -0.0168070553 0.1481048019 0.0160687351 -0.14655069069999999 0.0204487698 0.0209939999 0.0001778307 0.1995888437 0.0513795736 -0.0283419879 0.1550812822 -0.0493958516 0.055609948799999996 0.0741636185 0.0170946363 -0.0513161884 0.0466749832 0.0373186234 -0.0794392626 -0.0258106882 0.064975699 -0.00013087869999999998 0.0514024627 0.018576558799999997 -0.0844050235 0.103229841 -0.0029386082999999998 -0.019351853699999998 0.2420886203 0.017684470799999998 -0.0021791596999999998 0.3109008846 -0.0013187643 -0.2150325303 -0.0972675239 -0.1069777844 0.15975065859999998 0.337062539 0.09249720069999999 -0.2772744491 0.0150404863 0.015073352699999999 0.0438742964 0.0274410964 -0.019162285 0.0262608405 0.10659806009999999 -0.034891204999999995 0.00897957 -0.063250213 -0.0237465609 -0.04073496829999999 0.0864216119 0.0534795018 -0.0526736881 0.0033230277999999995 0.05205626929999999 0.0347955403 0.07378868207508425 0.038787746219734756 -0.05355097422607449 0.10284556723551752 -0.02943930684603377 0.08064441651787842 0.0707316962386816 0.10266927919522512 0.05317133813027546 0.05768319772584083 -0.02937245269079872 0.019771718469365464 0.06637304408219655 0.0540038315395119 -0.03599379964887001 0.190267323740349 -0.05849977347906893 0.19116547748061988 0.07030948041306026 0.000426195239623436 0.004747838845889089 0.13743224609324983 -0.03708614879244268 0.05770985979965481
-0.0296942055 -0.0049522622 -0.029139585 0.0464026616 0.0851844267 0.009741953099999999 -0.11979391969999999 -2.5235555545 0.6124729937 -0.0350226706 0.0843017291 -0.0708253313 -0.0465417569 -0.04961417839999999 0.0481105406 0.1283614859 0.1165694911 -0.0302523474 -0.0103857824 0.061845174399999994 0.010261359599999999 0.0018141079 -0.0111264502 0.0025336473 -0.0097871444 0.1258072971 -0.0003732684 0.0215791392 0.036540394 0.0132475068 0.0141513328 0.10449637120000001 0.07092216979999999 0.0044164224999999994 0.18550089609999998 -0.049688127799999995 -0.0316855572 0.0282838848 -0.0535475822 -0.0240898974 0.0489803264 0.0215850082 0.0605475385 0.30029325399999995 -0.19825188549999997 0.015447794899999999 0.20637223389999998 0.0574017545 0.182836957 0.3107881998 -0.3169277607 -0.060674895799999996 0.06587072149999999 0.14512041539999998 0.010344699399999999 0.016415006099999997 0.0284746273 -0.0474226938 0.0190296456 0.0182191367 -0.034891204999999995 0.031072833600000002 -0.0409468392 -0.0237465609 -0.035304382599999996 -0.006950069799999999 0.0190496002 0.1117827347 0.0052850345 0.0338283291 0.18963971489999998 -0.08230626910000001 0.00663845843828026 0.0974773377467032 -0.03704834435942286 -0.1235588150577766 0.1279107022104581 -0.04357219567444304 0.07924883602734677 0.06869184862121219 0.013129678558483328 -0.039377097433443725 0.04128920586144617 0.013802995407636319 0.04134292795047433 0.06241949627112387 -0.003740649161961062 -0.020194332236387023 0.047091191476487895 0.013877012508075125 0.04015348110525075 -0.016420255996808436 -0.014562665540634581 -0.038373887163517785 0.011658091260511838 -0.036466554032317855
0.0059059747 -0.025472046899999996 0.122380388 -0.008160844499999998 0.023985429200000002 0.13031762360000002 0.41818092249999994 0.6124729937 -3.0545873697 -0.0849173872 -0.0708253313 0.1365593051 0.275655192 0.0205749533 0.0759941596 0.020009768600000002 0.0448168578 0.112749359 0.0469766498 0.0044680697 0.0576910962 0.0543187688 0.0094655232 -0.0463404502 0.0981249848 -0.060060411499999994 0.07753829350000001 -0.048387557399999996 0.0016855767999999999 0.0028493995 -0.07290706559999999 0.0654399369 0.0948835361 0.0171298503 -0.0275966249 -0.0057005597 -0.0788112796 -0.0346582057 0.0020711701000000002 -0.018455657400000002 0.0270889564 0.09912917069999999 0.022666078 -0.1578849035 0.31523455419999996 -0.17528824919999997 0.0621979013 0.2121784356 -0.15868895649999998 -0.3803786935 0.3637494689 -0.3572718536 0.0479215588 0.32244462069999996 0.0107713757 -0.0299641795 -0.0027989261 -0.0180859104 0.0142211739 0.0588760473 0.00897957 -0.0409468392 0.1765248475 -0.04073496829999999 -0.006950069799999999 0.0700787945 -0.09743655109999999 0.0016333426999999999 0.0809493563 0.0327408034 0.0031064617000000003 0.0120954221 -0.019803951722782365 -0.0783459069902734 0.1577762042961153 0.042635441618351935 -0.03754935258228552 0.05140965155155188 0.07933081195578974 0.03512668533781542 0.04933040773546182 -0.03954701841133281 -0.0016705579980758022 -0.037298251558753874 -0.0024568902048880425 0.03690986075215026 0.029073598699242042 0.27638542421809703 -0.014908874558816086 0.2361428042391996 -0.00776304083526983 0.0022392162589739252 -0.012168650076979502 -0.0158555771499124 -0.03208919863002299 0.02829721502743502
0.0427873576 0.0674888048 -0.0252237882 0.015183103 -0.0038829304 0.036095523799999994 0.084672063 -0.0350226706 -0.0849173872 -2.6539412584999997 -0.11979391969999999 0.41818092249999994 0.1481048019 0.0160687351 -0.14655069069999999 -0.0049111792 -0.0333277034 -0.0168070553 0.1995888437 0.0513795736 -0.0283419879 0.0204487698 0.0209939999 0.0001778307 0.0741636185 0.0170946363 -0.0513161884 0.1550812822 -0.0493958516 0.055609948799999996 -0.0258106882 0.064975699 -0.00013087869999999998 0.0466749832 0.0373186234 -0.0794392626 0.103229841 -0.0029386082999999998 -0.019351853699999998 0.0514024627 0.018576558799999997 -0.0844050235 0.3109008846 -0.0013187643 -0.2150325303 0.2420886203 0.017684470799999998 -0.0021791596999999998 0.337062539 0.09249720069999999 -0.2772744491 -0.0972675239 -0.1069777844 0.15975065859999998 0.0274410964 -0.019162285 0.0262608405 0.0150404863 0.015073352699999999 0.0438742964 -0.063250213 -0.0237465609 -0.04073496829999999 0.10659806009999999 -0.034891204999999995 0.00897957 0.0033230277999999995 0.05205626929999999 0.0347955403 0.0864216119 0.0534795018 -0.0526736881 0.10284556723551752 -0.02943930684603377 0.08064441651787842 0.07378868207508425 0.038787746219734756 -0.05355097422607449 0.05768319772584083 -0.02937245269079872 0.019771718469365464 0.0707316962386816 0.10266927919522512 0.05317133813027546 0.190267323740349 -0.05849977347906893 0.19116547748061988 0.06637304408219655 0.0540038315395119 -0.03599379964887001 0.13743224609324983 -0.03708614879244268 0.05770985979965481 0.07030948041306026 0.000426195239623436 0.004747838845889089
0.0464026616 0.0851844267 0.009741953099999999 -0.0296942055 -0.0049522622 -0.029139585 -0.0350226706 0.0843017291 -0.0708253313 -0.11979391969999999 -2.5235555545 0.6124729937 0.1283614859 0.1165694911 -0.0302523474 -0.0465417569 -0.04961417839999999 0.0481105406 0.0018141079 -0.0111264502 0.0025336473 -0.0103857824 0.061845174399999994 0.010261359599999999 0.0215791392 0.036540394 0.0132475068 -0.0097871444 0.1258072971 -0.0003732684 0.0044164224999999994 0.18550089609999998 -0.049688127799999995 0.0141513328 0.10449637120000001 0.07092216979999999 -0.0240898974 0.0489803264 0.0215850082 -0.0316855572 0.0282838848 -0.0535475822 0.015447794899999999 0.20637223389999998 0.0574017545 0.0605475385 0.30029325399999995 -0.19825188549999997 -0.060674895799999996 0.06587072149999999 0.14512041539999998 0.182836957 0.3107881998 -0.3169277607 -0.0474226938 0.0190296456 0.0182191367 0.010344699399999999 0.016415006099999997 0.0284746273 -0.0237465609 -0.035304382599999996 -0.006950069799999999 -0.034891204999999995 0.031072833600000002 -0.0409468392 0.0338283291 0.18963971489999998 -0.08230626910000001 0.0190496002 0.1117827347 0.0052850345 -0.1235588150577766 0.1279107022104581 -0.04357219567444304 0.00663845843828026 0.0974773377467032 -0.03704834435942286 -0.039377097433443725 0.04128920586144617 0.013802995407636319 0.07924883602734677 0.06869184862121219 0.013129678558483328 -0.020194332236387023 0.047091191476487895 0.013877012508075125 0.04134292795047433 0.06241949627112387 -0.003740649161961062 -0.038373887163517785 0.011658091260511838 -0.036466554032317855 0.04015348110525075 -0.016420255996808436 -0.014562665540634581
-0.008160844499999998 0.023985429200000002 0.13031762360000002 0.0059059747 -0.025472046899999996 0.122380388 -0.0849173872 -0.0708253313 0.1365593051 0.41818092249999994 0.6124729937 -3.0545873697 0.020009768600000002 0.0448168578 0.112749359 0.275655192 0.0205749533 0.0759941596 0.0543187688 0.0094655232 -0.0463404502 0.0469766498 0.0044680697 0.0576910962 -0.048387557399999996 0.0016855767999999999 0.0028493995 0.0981249848 -0.060060411499999994 0.07753829350000001 0.0171298503 -0.0275966249 -0.0057005597 -0.07290706559999999 0.0654399369 0.0948835361 -0.018455657400000002 0.0270889564 0.09912917069999999 -0.0788112796 -0.0346582057 0.0020711701000000002 -0.17528824919999997 0.0621979013 0.2121784356 0.022666078 -0.1578849035 0.31523455419999996 -0.3572718536 0.0479215588 0.32244462069999996 -0.15868895649999998 -0.3803786935 0.3637494689 -0.0180859104 0.0142211739 0.0588760473 0.0107713757 -0.0299641795 -0.0027989261 -0.04073496829999999 -0.006950069799999999 0.0700787945 0.00897957 -0.0409468392 0.1765248475 0.0327408034 0.0031064617000000003 0.0120954221 -0.09743655109999999 0.0016333426999999999 0.0809493563 0.042635441618351935 -0.03754935258228552 0.05140965155155188 -0.019803951722782365 -0.0783459069902734 0.1577762042961153 -0.03954701841133281 -0.0016705579980758022 -0.037298251558753874 0.07933081195578974 0.03512668533781542 0.04933040773546182 0.27638542421809703 -0.014908874558816086 0.2361428042391996 -0.0024568902048880425 0.03690986075215026 0.029073598699242042 -0.0158555771499124 -0.03208919863002299 0.02829721502743502 -0.00776304083526983 0.0022392162589739252 -0.012168650076979502
0.0315452881 -0.0201347783 0.0679154811 0.0859462229 0.011078911299999999 0.0251146248 -0.0049111792 -0.0465417569 0.275655192 0.1481048019 0.1283614859 0.020009768600000002 -2.6793329001 -0.2558643371 0.6649999568 0.0634063284 0.0224418822 -0.0324837412 0.1492140429 -0.2587201925 -0.025224375099999998 -0.027326063999999997 0.0330266237 0.0525897614 -0.0491511143 -0.0306584822 -0.0313850644 0.048530761 0.028826767299999997 0.05440034789999999 0.016922087699999998 -0.0535757534 0.0588549189 0.0254468102 0.0552466577 -0.0324444189 0.165887285 0.043053810199999994 -0.049289622699999994 0.032551234699999994 -0.0103846086 0.0649492885 0.07625415629999999 0.0672147225 -0.0711211289 0.2165109314 -0.0325042827 0.1474891438 0.040959164099999994 -0.0420296697 -0.0857102891 0.0034016724 0.0238234448 -0.025053587199999998 -0.0412936971 -0.0119528054 0.006418338399999999 0.2731461945 0.2792839947 -0.1710203124 0.103229841 -0.0240898974 -0.018455657400000002 0.0514024627 -0.0316855572 -0.0788112796 0.0368743401 0.0558975298 -0.0066020381 0.36366378149999995 -0.0009719064000000001 -0.43056333869999996 0.04169749373806021 -0.02121704163492319 0.06573196048646045 0.11764063055387394 -0.039340486824624536 -0.09588716391146954 0.03838463158132342 0.05033799536079006 -0.016076434627028187 0.13936743512246438 -0.0691904691956736 0.17193973461234066 0.11550129758635239 0.12958643344673662 -0.06520309636558319 0.4308053907448528 -0.018480398625688482 -0.4864570976226287 0.05275986672245973 0.025889271614772637 0.06233274504587839 -0.012695126549455512 0.03268332514053447 -0.005558843419514264
-0.0221413894 0.024105743699999998 -0.0587463424 -0.013570888699999999 -0.03909047449999999 0.0138707946 -0.0333277034 -0.04961417839999999 0.0205749533 0.0160687351 0.1165694911 0.0448168578 -0.2558643371 -2.4816356351 0.5708840859000001 0.0224418822 0.034715135 -0.04852254439999999 -0.2094340912 0.3392540236 0.07775133819999999 0.008610409900000001 0.0014443608999999999 0.0672916064 0.0264885577 0.0012988097 0.0158310406 0.040553029299999994 0.017791286599999998 -0.0176768411 0.024217841599999998 0.0702572121 -0.1041753369 0.0343811889 0.06776347399999999 -0.0286624353 0.043053810199999994 -0.0145128632 -0.0069130951 -0.0103846086 0.0403364632 0.015319263799999998 0.046058151299999996 0.018264327999999996 -0.0159566372 -0.0173088548 0.10273156289999999 -0.041330671799999996 -0.017630476 0.09323434709999999 -0.0135890826 -0.0036147171 0.2018941869 0.005304989099999999 0.0006109629 -0.0349915649 0.0069400925 0.24895887169999997 0.26542141669999997 -0.20777668559999998 -0.0029386082999999998 0.0489803264 0.0270889564 0.018576558799999997 0.0282838848 -0.0346582057 0.0160798862 0.2470338397 -0.22494820579999997 -0.0505684778 -0.0910375804 0.074683025 0.07282486800377896 0.14470422724066223 0.052631331650192355 0.033031921807117226 0.24743399352871903 0.23149007338796032 0.023992682901378334 0.03599300376606959 0.02337865932085643 0.003433040459599796 0.09701970513646327 -0.0005161299960705849 -0.033775674284107146 0.3582495311276149 -0.49926603541254383 0.015683666465022273 -0.0021767394591411713 0.0053909121486262245 -0.014974136948450298 0.03223325341689851 -0.03484613665066834 -0.008437949450023656 0.04527657869153657 0.03825132121225353
0.015325132799999999 -0.042880674699999996 0.0527470506 0.0194880145 0.0118700525 -0.030243543900000003 -0.0168070553 0.0481105406 0.0759941596 -0.14655069069999999 -0.0302523474 0.112749359 0.6649999568 0.5708840859000001 -2.471829123 -0.0324837412 -0.04852254439999999 0.0932660397 0.23427228609999998 -0.055094650599999996 -0.1529590518 0.0802773558 0.034950481900000004 -0.0350455597 -0.021863198799999997 -0.0371396189 -0.0373526636 0.040591177799999996 0.0043823823 -0.0028623113 -0.0189967792 -0.0463375157 0.0672851505 -0.05909613479999999 0.0206952678 0.0703059248 -0.049289622699999994 -0.0069130951 -0.0412678735 0.0649492885 0.015319263799999998 0.07278264279999999 -0.0377623198 -0.0105624393 0.014784011 0.1042164199 -0.027307283199999997 0.0870184892 0.0469543476 0.06619292959999999 0.0632173466 0.00022830409999999998 0.005083727799999999 -0.046307583799999996 -0.07614675359999999 0.010164521099999999 0.25835337999999997 0.0170253821 0.010664559899999999 -0.15271020619999998 -0.019351853699999998 0.0215850082 0.09912917069999999 -0.0844050235 -0.0535475822 0.0020711701000000002 0.0377781661 -0.2825682871 0.3562119122 -0.4454600345 0.034918202399999994 0.3120418182 0.0105303253323206 -0.04558617710089888 -0.02473444567136721 0.017106704912168313 0.16328291739220224 0.11244510763275016 -0.06109912670523166 -0.024573279404282722 0.027224762953872775 0.06809055916549697 -0.08335877480870144 0.15346411128345466 0.12714824648765838 -0.2961292867894479 0.34578162911767857 -0.514903938616542 0.03559108295185888 0.4338392959800434 0.05054333312329771 0.0021846982871453436 0.07928385487056513 -0.042923551192102984 0.07080650922192082 0.09951599153997197
0.0859462229 0.011078911299999999 0.0251146248 0.0315452881 -0.0201347783 0.0679154811 0.1481048019 0.1283614859 0.020009768600000002 -0.0049111792 -0.0465417569 0.275655192 0.0634063284 0.0224418822 -0.0324837412 -2.6793329001 -0.2558643371 0.6649999568 -0.027326063999999997 0.0330266237 0.0525897614 0.1492140429 -0.2587201925 -0.025224375099999998 0.048530761 0.028826767299999997 0.05440034789999999 -0.0491511143 -0.0306584822 -0.0313850644 0.0254468102 0.0552466577 -0.0324444189 0.016922087699999998 -0.0535757534 0.0588549189 0.032551234699999994 -0.0103846086 0.0649492885 0.165887285 0.043053810199999994 -0.049289622699999994 0.2165109314 -0.0325042827 0.1474891438 0.07625415629999999 0.0672147225 -0.0711211289 0.0034016724 0.0238234448 -0.025053587199999998 0.040959164099999994 -0.0420296697 -0.0857102891 0.2731461945 0.2792839947 -0.1710203124 -0.0412936971 -0.0119528054 0.006418338399999999 0.0514024627 -0.0316855572 -0.0788112796 0.103229841 -0.0240898974 -0.018455657400000002 0.36366378149999995 -0.0009719064000000001 -0.43056333869999996 0.0368743401 0.0558975298 -0.0066020381 0.11764063055387394 -0.039340486824624536 -0.09588716391146954 0.04169749373806021 -0.02121704163492319 0.06573196048646045 0.13936743512246438 -0.0691904691956736 0.17193973461234066 0.03838463158132342 0.05033799536079006 -0.016076434627028187 0.4308053907448528 -0.018480398625688482 -0.4864570976226287 0.11550129758635239 0.12958643344673662 -0.06520309636558319 -0.012695126549455512 0.03268332514053447 -0.005558843419514264 0.05275986672245973 0.025889271614772637 0.06233274504587839
-0.013570888699999999 -0.03909047449999999 0.0138707946 -0.0221413894 0.024105743699999998 -0.0587463424 0.0160687351 0.1165694911 0.0448168578 -0.0333277034 -0.04961417839999999 0.0205749533 0.0224418822 0.034715135 -0.04852254439999999 -0.2558643371 -2.4816356351 0.5708840859000001 0.008610409900000001 0.0014443608999999999 0.0672916064 -0.2094340912 0.3392540236 0.07775133819999999 0.040553029299999994 0.017791286599999998 -0.0176768411 0.0264885577 0.0012988097 0.0158310406 0.0343811889 0.06776347399999999 -0.0286624353 0.024217841599999998 0.0702572121 -0.1041753369 -0.0103846086 0.0403364632 0.015319263799999998 0.043053810199999994 -0.0145128632 -0.0069130951 -0.0173088548 0.10273156289999999 -0.041330671799999996 0.046058151299999996 0.018264327999999996 -0.0159566372 -0.0036147171 0.2018941869 0.005304989099999999 -0.017630476 0.09323434709999999 -0.0135890826 0.24895887169999997 0.26542141669999997 -0.20777668559999998 0.0006109629 -0.0349915649 0.0069400925 0.018576558799999997 0.0282838848 -0.0346582057 -0.0029386082999999998 0.0489803264 0.0270889564 -0.0505684778 -0.0910375804 0.074683025 0.0160798862 0.2470338397 -0.22494820579999997 0.033031921807117226 0.24743399352871903 0.23149007338796032 0.07282486800377896 0.14470422724066223 0.052631331650192355 0.003433040459599796 0.09701970513646327 -0.0005161299960705849 0.023992682901378334 0.03599300376606959 0.02337865932085643 0.015683666465022273 -0.0021767394591411713 0.0053909121486262245 -0.033775674284107146 0.3582495311276149 -0.49926603541254383 -0.008437949450023656 0.04527657869153657 0.03825132121225353 -0.014974136948450298 0.03223325341689851 -0.03484613665066834
0.0194880145 0.0118700525 -0.030243543900000003 0.015325132799999999 -0.042880674699999996 0.0527470506 -0.14655069069999999 -0.0302523474 0.112749359 -0.0168070553 0.0481105406 0.0759941596 -0.0324837412 -0.04852254439999999 0.0932660397 0.6649999568 0.5708840859000001 -2.471829123 0.0802773558 0.034950481900000004 -0.0350455597 0.23427228609999998 -0.055094650599999996 -0.1529590518 0.040591177799999996 0.0043823823 -0.0028623113 -0.021863198799999997 -0.0371396189 -0.0373526636 -0.05909613479999999 0.0206952678 0.0703059248 -0.0189967792 -0.0463375157 0.0672851505 0.0649492885 0.015319263799999998 0.07278264279999999 -0.049289622699999994 -0.0069130951 -0.0412678735 0.1042164199 -0.027307283199999997 0.0870184892 -0.0377623198 -0.0105624393 0.014784011 0.00022830409999999998 0.005083727799999999 -0.046307583799999996 0.0469543476 0.06619292959999999 0.0632173466 0.0170253821 0.010664559899999999 -0.15271020619999998 -0.07614675359999999 0.010164521099999999 0.25835337999999997 -0.0844050235 -0.0535475822 0.0020711701000000002 -0.019351853699999998 0.0215850082 0.09912917069999999 -0.4454600345 0.034918202399999994 0.3120418182 0.0377781661 -0.2825682871 0.3562119122 0.017106704912168313 0.16328291739220224 0.11244510763275016 0.0105303253323206 -0.04558617710089888 -0.02473444567136721 0.06809055916549697 -0.08335877480870144 0.15346411128345466 -0.06109912670523166 -0.024573279404282722 0.027224762953872775 -0.514903938616542 0.03559108295185888 0.4338392959800434 0.12714824648765838 -0.2961292867894479 0.34578162911767857 -0.042923551192102984 0.07080650922192082 0.09951599153997197 0.05054333312329771 0.0021846982871453436 0.07928385487056513
0.2860128032 -0.0292440532 0.2128175697 0.0456144549 0.039078736499999996 -0.029262833999999998 0.0204487698 -0.0103857824 0.0469766498 0.1995888437 0.0018141079 0.0543187688 0.1492140429 -0.2094340912 0.23427228609999998 -0.027326063999999997 0.008610409900000001 0.0802773558 -2.8792410173999996 0.24206514429999998 0.0269615991 0.007292232500000001 0.0294606193 -0.0313680443 0.21794942329999997 -0.17756366049999997 0.07110763020000001 -0.0029714747 0.0379360422 0.0508501898 0.0083727154 0.001596368 -0.0197397946 0.0446484175 0.0292323152 0.0376760455 0.2731461945 0.24895887169999997 0.0170253821 -0.0412936971 0.0006109629 -0.07614675359999999 0.12689188829999998 -0.0226737077 0.024053509600000002 -0.0389284901 -0.040612306199999997 0.016123903699999997 0.33128979059999997 -0.15065370860000002 0.25512895139999997 0.05712532459999999 0.0339339711 -0.0421435283 -0.0882093093 -0.09632672319999999 0.0238527898 -0.023511214 -0.0387042943 0.042706365399999995 0.0150404863 0.010344699399999999 0.0107713757 0.0274410964 -0.0474226938 -0.0180859104 0.0122579934 -0.0325453657 0.018041306 0.07324805449999999 0.0026750902 -0.04574533359999999 0.2406431235341589 0.10380619777562115 -0.1292334594247516 -0.016627583466317132 -0.007862128243921776 -0.06230170561666212 -0.00678012557675453 0.017658251692857466 0.0038783368864332463 0.08892597499762007 0.07156578141351887 -0.02260386741465024 0.34342342838004225 0.052464992144905145 -0.33735283231985963 0.09607817578356967 -0.13586395903502765 0.10482055040475294 0.05226164408939855 -0.09189700549157767 0.06850919351851643 0.4461030540516727 0.007607445747788258 -0.5610925989973569
-0.0101099394 0.0104356689 -0.0470881608 0.038728357199999994 0.015306351999999999 0.0044046845 0.0209939999 0.061845174399999994 0.0044680697 0.0513795736 -0.0111264502 0.0094655232 -0.2587201925 0.3392540236 -0.055094650599999996 0.0330266237 0.0014443608999999999 0.034950481900000004 0.24206514429999998 -3.1983221142 0.07913055320000001 0.0294606193 0.0012031449999999999 -0.0365750211 -0.214347618 0.2841646551 0.0671689443 -0.0045244121 0.0038864518 0.0667815903 -0.0042532643 -0.021392505 0.0026457452 0.0258136227 0.0408118522 -0.015781741 0.2792839947 0.26542141669999997 0.010664559899999999 -0.0119528054 -0.0349915649 0.010164521099999999 0.012612480999999998 -0.008132673299999999 0.014641394299999999 -0.0133607785 0.0057293178 -0.008379171299999998 -0.1424142195 -0.0485031767 0.0243751308 0.013435901699999999 -0.0159190756 0.007826311499999999 -0.09632672319999999 0.24896826209999998 0.2284637368 -0.0387042943 0.24459292259999998 0.0503988637 0.015073352699999999 0.016415006099999997 -0.0299641795 -0.019162285 0.0190296456 0.0142211739 -0.023143227699999998 0.0028488126 -0.0009132163999999999 -0.016849898999999998 0.0228873393 0.0257250008 0.16012684414714765 0.23059152170628927 -0.11727850387968411 -0.024047200873206918 -0.02672614237941137 0.00253846819193081 0.03423649042554873 0.22565784422650276 0.025150294434585222 -0.03036770413272049 0.2286869741648908 0.21281468347616964 -0.023429197878682927 0.13258134042470673 0.04157811131799763 0.023256491310992382 0.38616392652804926 -0.45116248101392514 0.10964001870267956 0.4002458788572318 -0.37929625384324883 -0.13925004240940284 0.03688439250253691 0.10432232777169173
0.2713714089 -0.008302287399999999 0.28370980760000003 -0.0169244353 -0.0030002327999999997 0.006303306 0.0001778307 0.010261359599999999 0.0576910962 -0.0283419879 0.0025336473 -0.0463404502 -0.025224375099999998 0.07775133819999999 -0.1529590518 0.0525897614 0.0672916064 -0.0350455597 0.0269615991 0.07913055320000001 -2.6559150032 -0.0313680443 -0.0365750211 0.1121630459 0.2739408571 0.0778205924 -0.0670468691 0.0603996397 0.0663150048 -0.0431747116 0.023194288 -0.036774567099999995 0.0049616526 0.0392031593 0.0206682704 0.0438742964 -0.1710203124 -0.20777668559999998 -0.15271020619999998 0.006418338399999999 0.0069400925 0.25835337999999997 0.0059852062 -0.008959615399999999 -0.0251181462 0.0023957258 0.006556846799999999 0.05854738329999999 0.35584099140000003 0.0396233797 0.3515630773 0.0175623956 -0.0050015618 -0.026979793 0.0238527898 0.2284637368 0.1687654426 0.042706365399999995 0.0503988637 -0.039667397199999996 0.0438742964 0.0284746273 -0.0027989261 0.0262608405 0.0182191367 0.0588760473 0.0214664544 -0.0115636907 0.034263221999999996 0.049595984499999995 0.0168903951 0.0037602683 0.07259207228465692 0.08684195588472753 0.10140223377696087 0.02407346500562069 0.012275696313635622 0.14320160051347447 0.0414018232777052 -0.038080206410163825 -0.06664841953114091 -0.11805448961009092 0.19907376692696588 0.2271608688950907 -0.27014251953162416 -0.004278665935043121 0.31004688932034435 -0.10353917909608117 -0.39277333524411423 0.3847619789751142 -0.11787024274179432 -0.35693115126872377 0.3616638683414049 -0.4139231247824022 -0.04477756017567496 0.3556318725970426
0.0456144549 0.039078736499999996 -0.029262833999999998 0.2860128032 -0.0292440532 0.2128175697 0.1995888437 0.0018141079 0.0543187688 0.0204487698 -0.0103857824 0.0469766498 -0.027326063999999997 0.008610409900000001 0.0802773558 0.1492140429 -0.2094340912 0.23427228609999998 0.007292232500000001 0.0294606193 -0.0313680443 -2.8792410173999996 0.24206514429999998 0.0269615991 -0.0029714747 0.0379360422 0.0508501898 0.21794942329999997 -0.17756366049999997 0.07110763020000001 0.0446484175 0.0292323152 0.0376760455 0.0083727154 0.001596368 -0.0197397946 -0.0412936971 0.0006109629 -0.07614675359999999 0.2731461945 0.24895887169999997 0.0170253821 -0.0389284901 -0.040612306199999997 0.016123903699999997 0.12689188829999998 -0.0226737077 0.024053509600000002 0.05712532459999999 0.0339339711 -0.0421435283 0.33128979059999997 -0.15065370860000002 0.25512895139999997 -0.023511214 -0.0387042943 0.042706365399999995 -0.0882093093 -0.09632672319999999 0.0238527898 0.0274410964 -0.0474226938 -0.0180859104 0.0150404863 0.010344699399999999 0.0107713757 0.07324805449999999 0.0026750902 -0.04574533359999999 0.0122579934 -0.0325453657 0.018041306 -0.016627583466317132 -0.007862128243921776 -0.06230170561666212 0.2406431235341589 0.10380619777562115 -0.1292334594247516 0.08892597499762007 0.07156578141351887 -0.02260386741465024 -0.00678012557675453 0.017658251692857466 0.0038783368864332463 0.09607817578356967 -0.13586395903502765 0.10482055040475294 0.34342342838004225 0.052464992144905145 -0.33735283231985963 0.4461030540516727 0.007607445747788258 -0.5610925989973569 0.05226164408939855 -0.09189700549157767 0.06850919351851643
0.038728357199999994 0.015306351999999999 0.0044046845 -0.0101099394 0.0104356689 -0.0470881608 0.0513795736 -0.0111264502 0.0094655232 0.0209939999 0.061845174399999994 0.0044680697 0.0330266237 0.0014443608999999999 0.034950481900000004 -0.2587201925 0.3392540236 -0.055094650599999996 0.0294606193 0.0012031449999999999 -0.0365750211 0.24206514429999998 -3.1983221142 0.07913055320000001 -0.0045244121 0.0038864518 0.0667815903 -0.214347618 0.2841646551 0.0671689443 0.0258136227 0.0408118522 -0.015781741 -0.0042532643 -0.021392505 0.0026457452 -0.0119528054 -0.0349915649 0.010164521099999999 0.2792839947 0.26542141669999997 0.010664559899999999 -0.0133607785 0.0057293178 -0.008379171299999998 0.012612480999999998 -0.008132673299999999 0.014641394299999999 0.013435901699999999 -0.0159190756 0.007826311499999999 -0.1424142195 -0.0485031767 0.0243751308 -0.0387042943 0.24459292259999998 0.0503988637 -0.09632672319999999 0.24896826209999998 0.2284637368 -0.019162285 0.0190296456 0.0142211739 0.015073352699999999 0.016415006099999997 -0.0299641795 -0.016849898999999998 0.0228873393 0.0257250008 -0.023143227699999998 0.0028488126 -0.0009132163999999999 -0.024047200873206918 -0.02672614237941137 0.00253846819193081 0.16012684414714765 0.23059152170628927 -0.11727850387968411 -0.03036770413272049 0.2286869741648908 0.21281468347616964 0.03423649042554873 0.22565784422650276 0.025150294434585222 0.023256491310992382 0.38616392652804926 -0.45116248101392514 -0.023429197878682927 0.13258134042470673 0.04157811131799763 -0.13925004240940284 0.03688439250253691 0.10432232777169173 0.10964001870267956 0.4002458788572318 -0.37929625384324883
