1.705769 1.727318 -3.338780
0.012818 -5.320800 -1.728556
-6.958169 1.784102 -1.708239
-6.945351 -3.536698 -3.436795
-5.252400 3.511420 -5.047019
1.718587 -3.593482 -5.067336
32 2
direct
0.125000 0.187500 0.062500 Ni
0.625000 0.687500 0.562500 Ni
0.125000 0.937500 0.312500 Ni
0.625000 0.437500 0.812500 Ni
0.250000 0.625000 0.875000 Ni
0.750000 0.125000 0.375000 Ni
0.250000 0.375000 0.125000 Ni
0.750000 0.875000 0.625000 Ni
0.250000 0.125000 0.375000 Ni
0.750000 0.625000 0.875000 Ni
0.250000 0.875000 0.625000 Ni
0.750000 0.375000 0.125000 Ni
0.875000 0.562500 0.187500 Ni
0.375000 0.062500 0.687500 Ni
0.875000 0.312500 0.437500 Ni
0.375000 0.812500 0.937500 Ni
0.375000 0.562500 0.187500 Ni
0.875000 0.062500 0.687500 Ni
0.375000 0.312500 0.437500 Ni
0.875000 0.812500 0.937500 Ni
0.500000 0.750000 0.250000 Ni
0.000000 0.250000 0.750000 Ni
0.000000 0.000000 0.000000 Ni
0.500000 0.500000 0.500000 Ni
0.625000 0.187500 0.062500 Al
0.125000 0.687500 0.562500 Al
0.625000 0.937500 0.312500 Al
0.125000 0.437500 0.812500 Al
0.500000 0.250000 0.750000 Al
0.000000 0.750000 0.250000 Al
0.500000 0.000000 0.000000 Al
1.000000 0.500000 0.500000 Al
-11.8973104836 -0.0700793814 0.662034938 0.1352998177 -0.0801640841 -0.1375276901 1.0266195656 -1.2079006506999999 0.031391520299999996 0.023311668 0.0498548074 -0.0334163253 0.0776005049 -0.0415343261 0.051721736299999994 0.1376063347 -0.0427855969 -0.0031933229 1.6528142813 0.0144588684 1.8043641862 0.0766643994 0.0450240335 -0.0128149615 0.10108882979999999 0.0359053682 0.0656594375 0.0114251823 0.0331269836 0.020499830099999998 -0.1062693961 -0.0133742772 -7.39494e-05 1.0993253244999999 1.2626848311999999 -0.048450355699999996 -0.0771286373 0.06587365599999999 0.0442769098 1.6149686216999999 -0.015221838399999998 -2.1135918189 1.5719253757 -0.1018083692 -1.7539160229 0.0444353728 0.0457811345 -0.0716798577 0.0795625116 -0.0201418211 0.038766505699999995 0.1445276464 -0.0393604485 0.021636068499999998 0.1552045312 -0.0413840797 0.0538081658 0.078738504 -0.009629855199999999 0.053225960999999995 -0.0022049833 -0.0302118513 0.0501911011 0.11422247799999999 0.053971910899999996 -0.11570674809999998 1.4751743238 -0.0486328816 1.4058796276999999 0.054378045699999995 0.0561140959 -0.061979574499999995 0.08312438732397856 0.0981148398698374 0.11157640155609475 0.07556867395821742 -0.017286176483662402 -0.00665835550829069 0.14525935549395327 0.05921487417524383 -0.061511791937248005 1.0431946259361022 -1.2285660766296846 0.06798510469444168 0.00971454546189292 -0.013627901191544525 -0.004159681456380743 0.11244908704675224 -0.013941479014908921 0.05467794427146531 1.2094270849866509 1.3471335127046444 -0.039522346044519874 -0.0036749888309266393 -0.030486688611382866 -0.05613242008922783
-0.0700793814 -11.7691954957 1.019480514 -0.0801640841 0.1192058459 -0.1156873804 -1.2290044008999998 0.9917078191 0.026322465 0.057594257700000005 0.0632138252 0.0258834638 0.0123976756 -0.0104485807 -0.028828528 -0.0241614992 -0.0365386333 -0.0242559901 -0.0062810038 0.015806390799999997 0.0060186595 0.0630142792 0.0153480219 0.0040425672000000005 -0.0998915538 1.3460739307999998 1.3097794478999998 0.0106334542 0.173053334 0.0355197749 -0.0766561828 -0.0423823966 -0.0004366536 1.106095216 0.9672123738 -0.011808428000000001 0.0726142025 1.4873031991999999 -1.7975297357 -0.0470476647 -0.2376305279 0.0402824684 -0.0817956661 0.2214819744 0.08186022509999999 -0.0465112381 1.6825689375 -1.7501070419 -0.07804067989999999 0.1247015775 -0.015074526499999998 -0.070263668 0.07817390619999999 0.016713738199999998 0.0276500328 0.0341640359 0.0181939 -0.0091397937 0.0173616758 0.011125863299999999 0.056193914299999995 0.18229055309999997 0.005874282099999999 0.0598831677 1.4345984053999998 1.2906330091999998 -0.0486328816 0.20402932910000002 -0.07343644939999999 0.0561140959 0.014092055899999999 0.0089830914 0.07192989779470976 0.07783017493560303 0.07673265255382765 0.005059824903652649 0.10555952758494035 0.016392400098793836 0.011755188962162743 0.2020105744605055 -0.02137542231220622 -1.1944788142292142 1.1547555077775888 -0.041724951694674606 -0.054005821246512944 -0.07036956956449175 0.0034959152008327585 0.032180725152070974 0.09972172724387983 -0.08197672432577689 1.3949258769283002 1.2309115432425144 -0.03366226098504768 0.08847232180138224 0.011060781218798695 0.06334232237820767
0.662034938 1.019480514 -12.7098529921 -0.1375276901 -0.1156873804 0.1179269908 0.2529210336 -0.06996669659999999 -0.0332819252 -0.0513795736 0.027209857799999997 0.2039917675 0.0787878036 -0.1000247801 0.0625113059 0.0578648186 -0.0301326198 0.002946238 1.5636271966 -0.0890603143 1.6100099036 0.021386049100000002 0.0215069505 0.037830400199999996 -0.0665902609 1.1397920795 1.1165185599999998 -0.0170236214 0.0684037819 0.0228826441 -0.06382948329999999 0.06488238190000001 0.1012249906 -0.1006686094 -0.0293901913 0.061547616099999994 0.048784888699999994 -1.5804776824999998 1.5170261628 -2.1055941326 0.09958636579999999 1.6505030691 -1.5421472435 0.15441104239999998 1.5606874144999998 -0.0052404300999999995 -1.6705392482 1.4902629359 -0.0558623158 -0.0229436817 0.0569011288 0.042272646299999994 0.0163175807 0.13239994479999997 -0.031035271999999996 0.008480705 0.0321222108 0.026055425499999996 -0.044176549899999994 0.06650633419999999 0.0116822445 -0.042164656700000004 0.0396580068 -0.030360337 1.2126791904999998 1.145024293 1.4058796276999999 -0.07343644939999999 1.3441119241 -0.061979574499999995 0.0089830914 0.022740027399999998 0.11317493216073278 0.0056436049377587005 0.1737241038508761 -0.009160213091402308 0.03943838040907585 -0.06340042182263814 -0.02320515687036547 -0.04252600773329457 0.27028896196690094 -0.005394095679827893 -0.020280287578832084 -0.08689368826675464 0.060356965993842576 -0.03898034985743573 -0.029951855369502477 0.10749113514155301 -0.003968669584280603 0.10495187106682177 -0.05163528432547017 -0.012076327672131102 -0.08693547211377654 -0.09479959006469936 0.05301892657399555 0.08242122486980992
0.1352998177 -0.0801640841 -0.1375276901 -11.8973104836 -0.0700793814 0.662034938 0.023311668 0.0498548074 -0.0334163253 1.0266195656 -1.2079006506999999 0.031391520299999996 0.1376063347 -0.0427855969 -0.0031933229 0.0776005049 -0.0415343261 0.051721736299999994 0.0766643994 0.0450240335 -0.0128149615 1.6528142813 0.0144588684 1.8043641862 0.0114251823 0.0331269836 0.020499830099999998 0.10108882979999999 0.0359053682 0.0656594375 1.0993253244999999 1.2626848311999999 -0.048450355699999996 -0.1062693961 -0.0133742772 -7.39494e-05 1.6149686216999999 -0.015221838399999998 -2.1135918189 -0.0771286373 0.06587365599999999 0.0442769098 0.0444353728 0.0457811345 -0.0716798577 1.5719253757 -0.1018083692 -1.7539160229 0.1445276464 -0.0393604485 0.021636068499999998 0.0795625116 -0.0201418211 0.038766505699999995 0.078738504 -0.009629855199999999 0.053225960999999995 0.1552045312 -0.0413840797 0.0538081658 0.11422247799999999 0.053971910899999996 -0.11570674809999998 -0.0022049833 -0.0302118513 0.0501911011 0.054378045699999995 0.0561140959 -0.061979574499999995 1.4751743238 -0.0486328816 1.4058796276999999 0.07556867395821742 -0.017286176483662402 -0.00665835550829069 0.08312438732397856 0.0981148398698374 0.11157640155609475 1.0431946259361022 -1.2285660766296846 0.06798510469444168 0.14525935549395327 0.05921487417524383 -0.061511791937248005 0.11244908704675224 -0.013941479014908921 0.05467794427146531 0.00971454546189292 -0.013627901191544525 -0.004159681456380743 -0.0036749888309266393 -0.030486688611382866 -0.05613242008922783 1.2094270849866509 1.3471335127046444 -0.039522346044519874
-0.0801640841 0.1192058459 -0.1156873804 -0.0700793814 -11.7691954957 1.019480514 0.057594257700000005 0.0632138252 0.0258834638 -1.2290044008999998 0.9917078191 0.026322465 -0.0241614992 -0.0365386333 -0.0242559901 0.0123976756 -0.0104485807 -0.028828528 0.0630142792 0.0153480219 0.0040425672000000005 -0.0062810038 0.015806390799999997 0.0060186595 0.0106334542 0.173053334 0.0355197749 -0.0998915538 1.3460739307999998 1.3097794478999998 1.106095216 0.9672123738 -0.011808428000000001 -0.0766561828 -0.0423823966 -0.0004366536 -0.0470476647 -0.2376305279 0.0402824684 0.0726142025 1.4873031991999999 -1.7975297357 -0.0465112381 1.6825689375 -1.7501070419 -0.0817956661 0.2214819744 0.08186022509999999 -0.070263668 0.07817390619999999 0.016713738199999998 -0.07804067989999999 0.1247015775 -0.015074526499999998 -0.0091397937 0.0173616758 0.011125863299999999 0.0276500328 0.0341640359 0.0181939 0.0598831677 1.4345984053999998 1.2906330091999998 0.056193914299999995 0.18229055309999997 0.005874282099999999 0.0561140959 0.014092055899999999 0.0089830914 -0.0486328816 0.20402932910000002 -0.07343644939999999 0.005059824903652649 0.10555952758494035 0.016392400098793836 0.07192989779470976 0.07783017493560303 0.07673265255382765 -1.1944788142292142 1.1547555077775888 -0.041724951694674606 0.011755188962162743 0.2020105744605055 -0.02137542231220622 0.032180725152070974 0.09972172724387983 -0.08197672432577689 -0.054005821246512944 -0.07036956956449175 0.0034959152008327585 0.08847232180138224 0.011060781218798695 0.06334232237820767 1.3949258769283002 1.2309115432425144 -0.03366226098504768
-0.1375276901 -0.1156873804 0.1179269908 0.662034938 1.019480514 -12.7098529921 -0.0513795736 0.027209857799999997 0.2039917675 0.2529210336 -0.06996669659999999 -0.0332819252 0.0578648186 -0.0301326198 0.002946238 0.0787878036 -0.1000247801 0.0625113059 0.021386049100000002 0.0215069505 0.037830400199999996 1.5636271966 -0.0890603143 1.6100099036 -0.0170236214 0.0684037819 0.0228826441 -0.0665902609 1.1397920795 1.1165185599999998 -0.1006686094 -0.0293901913 0.061547616099999994 -0.06382948329999999 0.06488238190000001 0.1012249906 -2.1055941326 0.09958636579999999 1.6505030691 0.048784888699999994 -1.5804776824999998 1.5170261628 -0.0052404300999999995 -1.6705392482 1.4902629359 -1.5421472435 0.15441104239999998 1.5606874144999998 0.042272646299999994 0.0163175807 0.13239994479999997 -0.0558623158 -0.0229436817 0.0569011288 0.026055425499999996 -0.044176549899999994 0.06650633419999999 -0.031035271999999996 0.008480705 0.0321222108 -0.030360337 1.2126791904999998 1.145024293 0.0116822445 -0.042164656700000004 0.0396580068 -0.061979574499999995 0.0089830914 0.022740027399999998 1.4058796276999999 -0.07343644939999999 1.3441119241 -0.009160213091402308 0.03943838040907585 -0.06340042182263814 0.11317493216073278 0.0056436049377587005 0.1737241038508761 -0.005394095679827893 -0.020280287578832084 -0.08689368826675464 -0.02320515687036547 -0.04252600773329457 0.27028896196690094 0.10749113514155301 -0.003968669584280603 0.10495187106682177 0.060356965993842576 -0.03898034985743573 -0.029951855369502477 -0.09479959006469936 0.05301892657399555 0.08242122486980992 -0.05163528432547017 -0.012076327672131102 -0.08693547211377654
1.0266195656 -1.2290044008999998 0.2529210336 0.023311668 0.057594257700000005 -0.0513795736 -12.0241155107 -0.39222468309999997 0.6304790857 0.0944574467 -0.0078673945 -0.1187445425 -0.0035026192 0.0213179687 -0.047396870199999996 1.2588153995 1.2107388991 -0.1540653583 0.0531138631 0.040406891199999996 -0.031842259500000004 0.2673229727 0.07413192589999999 -0.0491252907 1.4562327132 -0.0777795094 1.4405290299 0.1085283742 0.0576547084 -0.0818050565 -0.0159666145 -0.0135239367 -0.08155503709999999 -0.0341593407 0.0646429267 -0.06078464609999999 0.0724610216 0.0769924765 -0.0956934581 0.1341976195 0.0336839517 -0.0041816625 0.2942446626 0.0224113634 -0.0060967172 1.6504273589999998 -0.038854540699999995 -1.6726145265999999 -0.3840802718 -0.1658397461 0.1921082163 1.6611582386 0.1635244256 -1.8130890415999998 0.0827699201 0.049593636899999995 0.030160790999999996 0.0737821335 -0.0336211534 0.0044404854 1.2306066379 1.1353222491 0.0070903389 -0.1080236402 -0.028300317999999998 -0.0456062383 0.11422247799999999 0.0598831677 -0.030360337 -0.0022049833 0.056193914299999995 0.0116822445 0.1555604665797537 0.0637458349580192 -0.09648288218758186 0.9701831234156255 -1.0565364072608967 0.16508439811094666 0.14296880479435242 0.15995055610685524 0.11254618474840314 0.10501235815965348 -0.04335651143552997 0.017167192005000026 0.0959918224997244 0.07511263311357834 -0.05794384934297748 1.3356755859684375 -0.16340389157786567 1.4562800840710652 0.11571578800106483 -0.013008306431419698 -0.008831513494829985 0.22614293479335706 -0.07476244468139474 0.09453575491636106
-1.2079006506999999 0.9917078191 -0.06996669659999999 0.0498548074 0.0632138252 0.027209857799999997 -0.39222468309999997 -12.1262114609 0.9517651657999999 -0.0078673945 0.11532526309999998 -0.11586051589999999 -0.0397348907 -0.07669961339999999 0.0544631462 1.2946145388 1.1604732617 -0.026048382699999997 -0.00045778199999999995 0.1034047372 0.046476611 -0.0373808348 -0.0016832292 -0.0003673994 -0.016163226 0.0510315419 0.043410645399999996 0.0729358237 0.0497961174 0.020854904599999998 0.0365133966 1.3920452209 1.4216637163 0.0301731159 0.1978880075 0.015247662 0.0353425311 0.0759953334 -0.0367293758 -0.03069487 0.0609718672 0.0108623452 0.1053861116 1.6283646142000001 -1.6307122142 0.033818938699999995 0.19562492110000002 0.0451472825 0.2894755132 1.6694939793 -1.9593773879999998 -0.0668179781 -0.0074929522999999994 0.22855705389999997 0.020609580399999997 0.0202468762 0.035842569899999996 -0.0088733411 0.0761226907 0.0356594571 1.1353222491 1.0419212224 -0.0832998908 -0.028300317999999998 -0.0079037823 0.016609856899999997 0.053971910899999996 1.4345984053999998 1.2126791904999998 -0.0302118513 0.18229055309999997 -0.042164656700000004 -0.02675280445322535 0.20326249810556182 -0.1026187406373986 -1.261882526537951 1.1228238939420485 -0.05632860519953068 0.09072665983356411 0.14419645401399603 0.022981115862048016 -0.04563154242052266 0.07722052871048342 0.02519685357840963 0.01308908853566205 0.08779781112802863 -1.1142359205841462e-05 -0.012931503741179434 -0.10264898418381448 0.03452778353050144 0.09653779810081065 -0.025653292364448924 -0.03969982790901292 -0.08443401247206513 -0.0020700911638852604 -0.09267697063598657
0.031391520299999996 0.026322465 -0.0332819252 -0.0334163253 0.0258834638 0.2039917675 0.6304790857 0.9517651657999999 -12.7815410664 -0.1187445425 -0.11586051589999999 0.1896091961 0.0103658278 0.0341945547 0.0959728225 0.035481626399999994 0.11856319039999999 0.0840211909 0.0661770833 -0.017728488299999998 0.0695077408 0.0680886166 0.0178306089 -0.0385352671 1.6006623473 -0.047697363 1.2516916073 -0.03667538099999999 -0.0024796525 0.018805449800000002 -0.066442949 1.373539677 1.1843606786 0.0667434418 -0.029924270300000003 0.0434816603 -0.0392835646 -0.045208907 0.0496669994 0.0103476339 0.049789074600000004 0.11726672829999998 0.026970989499999997 -1.6148494809999998 1.5781688179 -1.6588470264 0.0909143314 1.4508749031000001 -0.17738406909999999 -2.0422746654 1.6538448776999999 -2.0096999547000003 0.1115720376 1.5810516707 0.0334990782 -0.056219151 0.0572356618 -0.0053601577 0.0221331728 0.0582310442 0.0070903389 -0.0832998908 0.1984531922 -0.0456062383 0.016609856899999997 0.11653192949999999 -0.11570674809999998 1.2906330091999998 1.145024293 0.0501911011 0.005874282099999999 0.0396580068 -0.09630619620588922 -0.047842504840081776 0.20396884409093213 -0.048079677914606114 0.08152386701233948 -0.03420982835173475 0.08668556491444553 0.05863984885194236 0.04094657831586654 -0.006745106733536171 -0.012009075575495843 0.026341730986809843 -0.03038481561292946 0.002485541985703063 0.07449900747445665 1.6996160770604358 -0.06782115283755573 1.2178403620698617 -0.06202434046071671 -0.004157293807979491 -0.06728114635747263 0.005342761239200982 -0.058087904129853 0.06251699191417498
0.023311668 0.057594257700000005 -0.0513795736 1.0266195656 -1.2290044008999998 0.2529210336 0.0944574467 -0.0078673945 -0.1187445425 -12.0241155107 -0.39222468309999997 0.6304790857 1.2588153995 1.2107388991 -0.1540653583 -0.0035026192 0.0213179687 -0.047396870199999996 0.2673229727 0.07413192589999999 -0.0491252907 0.0531138631 0.040406891199999996 -0.031842259500000004 0.1085283742 0.0576547084 -0.0818050565 1.4562327132 -0.0777795094 1.4405290299 -0.0341593407 0.0646429267 -0.06078464609999999 -0.0159666145 -0.0135239367 -0.08155503709999999 0.1341976195 0.0336839517 -0.0041816625 0.0724610216 0.0769924765 -0.0956934581 1.6504273589999998 -0.038854540699999995 -1.6726145265999999 0.2942446626 0.0224113634 -0.0060967172 1.6611582386 0.1635244256 -1.8130890415999998 -0.3840802718 -0.1658397461 0.1921082163 0.0737821335 -0.0336211534 0.0044404854 0.0827699201 0.049593636899999995 0.030160790999999996 -0.1080236402 -0.028300317999999998 -0.0456062383 1.2306066379 1.1353222491 0.0070903389 -0.0022049833 0.056193914299999995 0.0116822445 0.11422247799999999 0.0598831677 -0.030360337 0.9701831234156255 -1.0565364072608967 0.16508439811094666 0.1555604665797537 0.0637458349580192 -0.09648288218758186 0.10501235815965348 -0.04335651143552997 0.017167192005000026 0.14296880479435242 0.15995055610685524 0.11254618474840314 1.3356755859684375 -0.16340389157786567 1.4562800840710652 0.0959918224997244 0.07511263311357834 -0.05794384934297748 0.22614293479335706 -0.07476244468139474 0.09453575491636106 0.11571578800106483 -0.013008306431419698 -0.008831513494829985
0.0498548074 0.0632138252 0.027209857799999997 -1.2079006506999999 0.9917078191 -0.06996669659999999 -0.0078673945 0.11532526309999998 -0.11586051589999999 -0.39222468309999997 -12.1262114609 0.9517651657999999 1.2946145388 1.1604732617 -0.026048382699999997 -0.0397348907 -0.07669961339999999 0.0544631462 -0.0373808348 -0.0016832292 -0.0003673994 -0.00045778199999999995 0.1034047372 0.046476611 0.0729358237 0.0497961174 0.020854904599999998 -0.016163226 0.0510315419 0.043410645399999996 0.0301731159 0.1978880075 0.015247662 0.0365133966 1.3920452209 1.4216637163 -0.03069487 0.0609718672 0.0108623452 0.0353425311 0.0759953334 -0.0367293758 0.033818938699999995 0.19562492110000002 0.0451472825 0.1053861116 1.6283646142000001 -1.6307122142 -0.0668179781 -0.0074929522999999994 0.22855705389999997 0.2894755132 1.6694939793 -1.9593773879999998 -0.0088733411 0.0761226907 0.0356594571 0.020609580399999997 0.0202468762 0.035842569899999996 -0.028300317999999998 -0.0079037823 0.016609856899999997 1.1353222491 1.0419212224 -0.0832998908 -0.0302118513 0.18229055309999997 -0.042164656700000004 0.053971910899999996 1.4345984053999998 1.2126791904999998 -1.261882526537951 1.1228238939420485 -0.05632860519953068 -0.02675280445322535 0.20326249810556182 -0.1026187406373986 -0.04563154242052266 0.07722052871048342 0.02519685357840963 0.09072665983356411 0.14419645401399603 0.022981115862048016 -0.012931503741179434 -0.10264898418381448 0.03452778353050144 0.01308908853566205 0.08779781112802863 -1.1142359205841462e-05 -0.08443401247206513 -0.0020700911638852604 -0.09267697063598657 0.09653779810081065 -0.025653292364448924 -0.03969982790901292
-0.0334163253 0.0258834638 0.2039917675 0.031391520299999996 0.026322465 -0.0332819252 -0.1187445425 -0.11586051589999999 0.1896091961 0.6304790857 0.9517651657999999 -12.7815410664 0.035481626399999994 0.11856319039999999 0.0840211909 0.0103658278 0.0341945547 0.0959728225 0.0680886166 0.0178306089 -0.0385352671 0.0661770833 -0.017728488299999998 0.0695077408 -0.03667538099999999 -0.0024796525 0.018805449800000002 1.6006623473 -0.047697363 1.2516916073 0.0667434418 -0.029924270300000003 0.0434816603 -0.066442949 1.373539677 1.1843606786 0.0103476339 0.049789074600000004 0.11726672829999998 -0.0392835646 -0.045208907 0.0496669994 -1.6588470264 0.0909143314 1.4508749031000001 0.026970989499999997 -1.6148494809999998 1.5781688179 -2.0096999547000003 0.1115720376 1.5810516707 -0.17738406909999999 -2.0422746654 1.6538448776999999 -0.0053601577 0.0221331728 0.0582310442 0.0334990782 -0.056219151 0.0572356618 -0.0456062383 0.016609856899999997 0.11653192949999999 0.0070903389 -0.0832998908 0.1984531922 0.0501911011 0.005874282099999999 0.0396580068 -0.11570674809999998 1.2906330091999998 1.145024293 -0.048079677914606114 0.08152386701233948 -0.03420982835173475 -0.09630619620588922 -0.047842504840081776 0.20396884409093213 -0.006745106733536171 -0.012009075575495843 0.026341730986809843 0.08668556491444553 0.05863984885194236 0.04094657831586654 1.6996160770604358 -0.06782115283755573 1.2178403620698617 -0.03038481561292946 0.002485541985703063 0.07449900747445665 0.005342761239200982 -0.058087904129853 0.06251699191417498 -0.06202434046071671 -0.004157293807979491 -0.06728114635747263
0.0776005049 0.0123976756 0.0787878036 0.1376063347 -0.0241614992 0.0578648186 -0.0035026192 -0.0397348907 0.0103658278 1.2588153995 1.2946145388 0.035481626399999994 -12.7830763968 -0.1898228277 1.0396029674 0.090957762 0.0563289013 -0.0246920568 1.3289270603999999 -1.591402826 -0.10099199129999999 0.0052392563 0.035865458999999995 0.0125837229 -0.0239478676 -0.045161368099999995 -0.056297208700000004 0.0578413426 0.0287645559 0.10373105359999998 1.1061785558000001 -1.2550304814 0.08780023999999999 0.09682382749999999 0.026118810699999998 -0.038433733399999996 0.0814223977 0.0414503994 0.0065380659999999995 0.121828702 0.011233265999999999 0.06994145989999999 0.067622618 0.0771744155 -0.0447998377 1.4544479503 -0.0207492626 1.5630567298 -0.0109445112 -0.06084040159999999 -0.0349698496 -0.0023411441 0.0183312346 -0.0198290034 -0.0065098948 0.0263083794 0.0518285521 1.6070090839 1.6764945224999999 -0.2787593061 0.1341976195 -0.03069487 0.0103476339 0.0724610216 0.0353425311 -0.0392835646 -0.0771286373 0.0726142025 0.048784888699999994 1.6149686216999999 -0.0470476647 -2.1055941326 0.04181528439252197 0.013253040392548002 0.04470632866503762 0.007694594914433947 -0.10780073355091531 -0.08271888503716597 0.06316762610351608 0.13748318259247655 8.23738698431851e-05 1.2967163270052129 -0.08265242882333113 1.5626140056208118 -0.05127077000287907 0.17695896949317202 -0.09566590849295355 1.7350965323030367 -0.0923224048484007 -1.979133300098175 0.14974813448830654 0.006561655748039996 0.09525563090933845 0.04755598703193157 -0.01419019239003931 0.07100508198062493
-0.0415343261 -0.0104485807 -0.1000247801 -0.0427855969 -0.0365386333 -0.0301326198 0.0213179687 -0.07669961339999999 0.0341945547 1.2107388991 1.1604732617 0.11856319039999999 -0.1898228277 -11.881558674499999 0.7757608986 0.0563289013 0.026004365199999997 -0.0633141851 -1.6027446685 1.6856577922 0.1524865973 0.0145991375 0.0581975909 0.1084315357 0.028316751199999997 0.0391186457 0.0021967667 0.0239942327 0.028914802299999997 0.0081714087 -1.1192505794999998 1.1879178794999998 -0.1175044228 0.0444911283 0.11315432 -0.026016103199999998 0.0414503994 0.0694390735 -0.0275561288 0.011233265999999999 0.047631043299999995 -0.0096627216 0.06514531309999999 0.0535998163 0.0206753132 -0.0501570609 0.0633511598 0.018796646299999997 -0.0462588711 1.2714096866 1.1985196410999999 0.0257097414 0.23535570349999996 0.035739862399999996 -0.006115498 -0.036012183999999996 0.0052040423 1.5564159563 1.4936675428 -0.30040476499999996 0.0336839517 0.0609718672 0.049789074600000004 0.0769924765 0.0759953334 -0.045208907 0.06587365599999999 1.4873031991999999 -1.5804776824999998 -0.015221838399999998 -0.2376305279 0.09958636579999999 0.07168715354058251 0.15311591255827212 0.09545340778524213 0.043235139308466335 1.3373282366035042 1.461048217928365 0.011305515179926999 0.03947499101789505 0.05838636018000947 -0.06669219308516386 0.06686609347705504 -0.05614595009683492 -0.13903316434628915 1.4688224011228408 -1.8854877400940806 -0.05843371520663429 -0.2310224922427152 -0.01772868732069439 -0.058477886702057454 0.04786439161709325 -0.04902638050570243 -0.02312755829732479 0.13366374103327416 0.06611557599626157
0.051721736299999994 -0.028828528 0.0625113059 -0.0031933229 -0.0242559901 0.002946238 -0.047396870199999996 0.0544631462 0.0959728225 -0.1540653583 -0.026048382699999997 0.0840211909 1.0396029674 0.7757608986 -11.758451704299999 -0.0246920568 -0.0633141851 0.0290585928 0.42528358629999996 -0.054610458099999995 -0.20821627369999998 0.067129622 0.0478810627 0.0245024881 -0.0184527229 -0.023625072599999998 -0.0218426573 0.0122990764 -0.0211131406 0.0485002422 -0.0180131348 -0.0389079486 0.0258670306 -0.0985575301 -0.006134278799999999 0.09635489439999999 0.0065380659999999995 -0.0275561288 -0.0564462813 0.06994145989999999 -0.0096627216 0.158433655 -0.0542477539 -0.0056618243 0.020452878100000002 1.511907221 0.0006461768999999999 1.2082715715 0.0638987375 1.4182632176999999 1.1362689188 -0.008342196599999999 0.026618262599999998 -0.0282692123 -0.1308875035 -0.017090527999999997 0.28857579549999995 0.08424303909999999 0.07549353389999999 -0.29538677 -0.0041816625 0.0108623452 0.11726672829999998 -0.0956934581 -0.0367293758 0.0496669994 0.0442769098 -1.7975297357 1.5170261628 -2.1135918189 0.0402824684 1.6505030691 -0.03013331664799761 -0.05702579853269618 -0.049928911601375595 0.09617487554382037 1.37474507469952 1.1394108873855444 -0.12926290708836702 -0.04466136128681404 0.04822850799828415 1.2474348660619767 -0.1285883964150134 1.1895550852844328 0.18720874613834554 -1.5444229103930749 1.3251870444831388 -1.9488173283474814 0.05834696398138882 1.5106018707893438 0.0722681479848871 -0.03610005000272571 0.14160585549863788 0.02568870914906749 0.15776784752671094 0.2498303966407754
0.1376063347 -0.0241614992 0.0578648186 0.0776005049 0.0123976756 0.0787878036 1.2588153995 1.2946145388 0.035481626399999994 -0.0035026192 -0.0397348907 0.0103658278 0.090957762 0.0563289013 -0.0246920568 -12.7830763968 -0.1898228277 1.0396029674 0.0052392563 0.035865458999999995 0.0125837229 1.3289270603999999 -1.591402826 -0.10099199129999999 0.0578413426 0.0287645559 0.10373105359999998 -0.0239478676 -0.045161368099999995 -0.056297208700000004 0.09682382749999999 0.026118810699999998 -0.038433733399999996 1.1061785558000001 -1.2550304814 0.08780023999999999 0.121828702 0.011233265999999999 0.06994145989999999 0.0814223977 0.0414503994 0.0065380659999999995 1.4544479503 -0.0207492626 1.5630567298 0.067622618 0.0771744155 -0.0447998377 -0.0023411441 0.0183312346 -0.0198290034 -0.0109445112 -0.06084040159999999 -0.0349698496 1.6070090839 1.6764945224999999 -0.2787593061 -0.0065098948 0.0263083794 0.0518285521 0.0724610216 0.0353425311 -0.0392835646 0.1341976195 -0.03069487 0.0103476339 1.6149686216999999 -0.0470476647 -2.1055941326 -0.0771286373 0.0726142025 0.048784888699999994 0.007694594914433947 -0.10780073355091531 -0.08271888503716597 0.04181528439252197 0.013253040392548002 0.04470632866503762 1.2967163270052129 -0.08265242882333113 1.5626140056208118 0.06316762610351608 0.13748318259247655 8.23738698431851e-05 1.7350965323030367 -0.0923224048484007 -1.979133300098175 -0.05127077000287907 0.17695896949317202 -0.09566590849295355 0.04755598703193157 -0.01419019239003931 0.07100508198062493 0.14974813448830654 0.006561655748039996 0.09525563090933845
-0.0427855969 -0.0365386333 -0.0301326198 -0.0415343261 -0.0104485807 -0.1000247801 1.2107388991 1.1604732617 0.11856319039999999 0.0213179687 -0.07669961339999999 0.0341945547 0.0563289013 0.026004365199999997 -0.0633141851 -0.1898228277 -11.881558674499999 0.7757608986 0.0145991375 0.0581975909 0.1084315357 -1.6027446685 1.6856577922 0.1524865973 0.0239942327 0.028914802299999997 0.0081714087 0.028316751199999997 0.0391186457 0.0021967667 0.0444911283 0.11315432 -0.026016103199999998 -1.1192505794999998 1.1879178794999998 -0.1175044228 0.011233265999999999 0.047631043299999995 -0.0096627216 0.0414503994 0.0694390735 -0.0275561288 -0.0501570609 0.0633511598 0.018796646299999997 0.06514531309999999 0.0535998163 0.0206753132 0.0257097414 0.23535570349999996 0.035739862399999996 -0.0462588711 1.2714096866 1.1985196410999999 1.5564159563 1.4936675428 -0.30040476499999996 -0.006115498 -0.036012183999999996 0.0052040423 0.0769924765 0.0759953334 -0.045208907 0.0336839517 0.0609718672 0.049789074600000004 -0.015221838399999998 -0.2376305279 0.09958636579999999 0.06587365599999999 1.4873031991999999 -1.5804776824999998 0.043235139308466335 1.3373282366035042 1.461048217928365 0.07168715354058251 0.15311591255827212 0.09545340778524213 -0.06669219308516386 0.06686609347705504 -0.05614595009683492 0.011305515179926999 0.03947499101789505 0.05838636018000947 -0.05843371520663429 -0.2310224922427152 -0.01772868732069439 -0.13903316434628915 1.4688224011228408 -1.8854877400940806 -0.02312755829732479 0.13366374103327416 0.06611557599626157 -0.058477886702057454 0.04786439161709325 -0.04902638050570243
-0.0031933229 -0.0242559901 0.002946238 0.051721736299999994 -0.028828528 0.0625113059 -0.1540653583 -0.026048382699999997 0.0840211909 -0.047396870199999996 0.0544631462 0.0959728225 -0.0246920568 -0.0633141851 0.0290585928 1.0396029674 0.7757608986 -11.758451704299999 0.067129622 0.0478810627 0.0245024881 0.42528358629999996 -0.054610458099999995 -0.20821627369999998 0.0122990764 -0.0211131406 0.0485002422 -0.0184527229 -0.023625072599999998 -0.0218426573 -0.0985575301 -0.006134278799999999 0.09635489439999999 -0.0180131348 -0.0389079486 0.0258670306 0.06994145989999999 -0.0096627216 0.158433655 0.0065380659999999995 -0.0275561288 -0.0564462813 1.511907221 0.0006461768999999999 1.2082715715 -0.0542477539 -0.0056618243 0.020452878100000002 -0.008342196599999999 0.026618262599999998 -0.0282692123 0.0638987375 1.4182632176999999 1.1362689188 0.08424303909999999 0.07549353389999999 -0.29538677 -0.1308875035 -0.017090527999999997 0.28857579549999995 -0.0956934581 -0.0367293758 0.0496669994 -0.0041816625 0.0108623452 0.11726672829999998 -2.1135918189 0.0402824684 1.6505030691 0.0442769098 -1.7975297357 1.5170261628 0.09617487554382037 1.37474507469952 1.1394108873855444 -0.03013331664799761 -0.05702579853269618 -0.049928911601375595 1.2474348660619767 -0.1285883964150134 1.1895550852844328 -0.12926290708836702 -0.04466136128681404 0.04822850799828415 -1.9488173283474814 0.05834696398138882 1.5106018707893438 0.18720874613834554 -1.5444229103930749 1.3251870444831388 0.02568870914906749 0.15776784752671094 0.2498303966407754 0.0722681479848871 -0.03610005000272571 0.14160585549863788
1.6528142813 -0.0062810038 1.5636271966 0.0766643994 0.0630142792 0.021386049100000002 0.0531138631 -0.00045778199999999995 0.0661770833 0.2673229727 -0.0373808348 0.0680886166 1.3289270603999999 -1.6027446685 0.42528358629999996 0.0052392563 0.0145991375 0.067129622 -13.2619909051 0.5207141131999999 -0.10599179239999999 0.0161767247 0.057867753099999995 -0.05235148 1.3938288099999998 -1.3908884409999998 0.0729017835 0.0899271656 0.0329444577 0.0429158887 0.06619997239999999 -0.0790266719 0.0012184044 0.0922935464 0.052459469599999996 0.0446707197 1.6070090839 1.5564159563 0.08424303909999999 -0.0065098948 -0.006115498 -0.1308875035 0.12685197909999998 0.0232183509 0.000868612 -0.040662192699999995 -0.0529483573 0.0144265889 1.7864848645999998 -0.2644371854 1.6995180226 0.1368498206 0.0669999171 -0.0706152211 -0.1656419608 -0.0933687472 -0.014238194 0.07442009379999999 -0.0246873616 0.033117006299999995 0.0827699201 0.020609580399999997 0.0334990782 0.0737821335 -0.0088733411 -0.0053601577 0.078738504 -0.0091397937 0.026055425499999996 0.1552045312 0.0276500328 -0.031035271999999996 1.1538147743074958 1.248047695818298 -0.3197299974116207 -0.07059520233841005 -0.04651338056338497 -0.03477570102283141 -0.0002033480555066067 0.030574633660828972 0.01884531088967979 -0.04650223820417913 0.21585575165656393 -0.012402241678901966 1.4132144677990877 0.1208082440995346 -1.742152033328736 -0.07584643705556304 -0.3242541931905926 0.2402654771453609 -0.1164575507710537 -0.2900117336440407 0.1472542357331991 1.7128368841995671 0.014853162762786877 -2.079250581093862
0.0144588684 0.015806390799999997 -0.0890603143 0.0450240335 0.0153480219 0.0215069505 0.040406891199999996 0.1034047372 -0.017728488299999998 0.07413192589999999 -0.0016832292 0.0178306089 -1.591402826 1.6856577922 -0.054610458099999995 0.035865458999999995 0.0581975909 0.0478810627 0.5207141131999999 -12.902342106499999 -0.017849976599999998 0.057867753099999995 0.0290673963 -0.0831337981 -1.5365458698999999 1.5317332899 0.07129954649999999 0.0060984779 0.0278261028 0.09840787059999999 -0.0475165978 0.0407185351 0.0081549755 0.0207480888 0.0315746331 0.0167595164 1.6764945224999999 1.4936675428 0.07549353389999999 0.0263083794 -0.036012183999999996 -0.017090527999999997 0.0089895473 -0.0002799513 0.021872002300000002 0.0129716638 -0.016169094999999998 -0.0233257536 -0.1490943153 -0.13156009089999998 0.08012241419999999 0.0251386877 0.0017002493 -0.00017665689999999998 -0.0933687472 1.5632251701 1.6943955593999998 -0.0246873616 0.2871983412 0.0110525008 0.049593636899999995 0.0202468762 -0.056219151 -0.0336211534 0.0761226907 0.0221331728 -0.009629855199999999 0.0173616758 -0.044176549899999994 -0.0413840797 0.0341640359 0.008480705 1.187663271867841 1.167243704798936 -0.23569392633976421 -0.019647958693900583 -0.04396536177784916 0.018056988975866505 0.024490109651639117 0.26974975136961826 0.004351887152681508 -0.05664775420249799 1.3473834199039756 1.4907004234235106 -0.12044691330814516 0.10653169842565002 0.1585108041209004 0.010954530864942991 1.553300983031729 -1.8563186354587884 0.1677569725547478 1.5394231746408535 -1.7011083573112185 -0.2441215293133825 -0.13256343306169735 0.19403742056592552
1.8043641862 0.0060186595 1.6100099036 -0.0128149615 0.0040425672000000005 0.037830400199999996 -0.031842259500000004 0.046476611 0.0695077408 -0.0491252907 -0.0003673994 -0.0385352671 -0.10099199129999999 0.1524865973 -0.20821627369999998 0.0125837229 0.1084315357 0.0245024881 -0.10599179239999999 -0.017849976599999998 -12.2625688724 -0.05235148 -0.0831337981 0.2809161636 0.006019246399999999 0.12990679360000001 -0.15680618129999999 0.0872972667 0.0485994283 0.0289828827 0.028501037799999997 -0.0657580367 0.030330405100000003 0.060988300399999994 -0.0225915417 0.0616867114 -0.2787593061 -0.30040476499999996 -0.29538677 0.0518285521 0.0052040423 0.28857579549999995 0.0357979655 0.0126412391 -0.0084272971 0.00012148830000000001 -0.003274902 0.07833295609999999 2.0373846146 0.04495771379999999 1.7639320583 0.0122556458 0.0213232508 -0.0488699892 -0.014238194 1.6943955593999998 1.3640647633999998 0.033117006299999995 0.0110525008 -0.06796067239999999 0.030160790999999996 0.035842569899999996 0.0572356618 0.0044404854 0.0356594571 0.0582310442 0.053225960999999995 0.011125863299999999 0.06650633419999999 0.0538081658 0.0181939 0.0321222108 0.20619890769770127 0.2765266934151711 0.02041439383070239 0.0047820618063070305 0.0018524172179711432 0.0896928080758221 0.0578941066679514 -0.050036753720832126 -0.032439785003606794 -0.19820466290891023 1.426345738123172 1.2855051239371353 -1.567892698294579 0.05712249829294688 1.3861890734867195 -0.14235995445203323 -1.7019766654464736 1.406744736514496 -0.2458012399636631 -1.6628757393447746 1.3443057411147619 -1.7653731078551096 -0.1308948647706226 1.4956285297236942
0.0766643994 0.0630142792 0.021386049100000002 1.6528142813 -0.0062810038 1.5636271966 0.2673229727 -0.0373808348 0.0680886166 0.0531138631 -0.00045778199999999995 0.0661770833 0.0052392563 0.0145991375 0.067129622 1.3289270603999999 -1.6027446685 0.42528358629999996 0.0161767247 0.057867753099999995 -0.05235148 -13.2619909051 0.5207141131999999 -0.10599179239999999 0.0899271656 0.0329444577 0.0429158887 1.3938288099999998 -1.3908884409999998 0.0729017835 0.0922935464 0.052459469599999996 0.0446707197 0.06619997239999999 -0.0790266719 0.0012184044 -0.0065098948 -0.006115498 -0.1308875035 1.6070090839 1.5564159563 0.08424303909999999 -0.040662192699999995 -0.0529483573 0.0144265889 0.12685197909999998 0.0232183509 0.000868612 0.1368498206 0.0669999171 -0.0706152211 1.7864848645999998 -0.2644371854 1.6995180226 0.07442009379999999 -0.0246873616 0.033117006299999995 -0.1656419608 -0.0933687472 -0.014238194 0.0737821335 -0.0088733411 -0.0053601577 0.0827699201 0.020609580399999997 0.0334990782 0.1552045312 0.0276500328 -0.031035271999999996 0.078738504 -0.0091397937 0.026055425499999996 -0.07059520233841005 -0.04651338056338497 -0.03477570102283141 1.1538147743074958 1.248047695818298 -0.3197299974116207 -0.04650223820417913 0.21585575165656393 -0.012402241678901966 -0.0002033480555066067 0.030574633660828972 0.01884531088967979 -0.07584643705556304 -0.3242541931905926 0.2402654771453609 1.4132144677990877 0.1208082440995346 -1.742152033328736 1.7128368841995671 0.014853162762786877 -2.079250581093862 -0.1164575507710537 -0.2900117336440407 0.1472542357331991
0.0450240335 0.0153480219 0.0215069505 0.0144588684 0.015806390799999997 -0.0890603143 0.07413192589999999 -0.0016832292 0.0178306089 0.040406891199999996 0.1034047372 -0.017728488299999998 0.035865458999999995 0.0581975909 0.0478810627 -1.591402826 1.6856577922 -0.054610458099999995 0.057867753099999995 0.0290673963 -0.0831337981 0.5207141131999999 -12.902342106499999 -0.017849976599999998 0.0060984779 0.0278261028 0.09840787059999999 -1.5365458698999999 1.5317332899 0.07129954649999999 0.0207480888 0.0315746331 0.0167595164 -0.0475165978 0.0407185351 0.0081549755 0.0263083794 -0.036012183999999996 -0.017090527999999997 1.6764945224999999 1.4936675428 0.07549353389999999 0.0129716638 -0.016169094999999998 -0.0233257536 0.0089895473 -0.0002799513 0.021872002300000002 0.0251386877 0.0017002493 -0.00017665689999999998 -0.1490943153 -0.13156009089999998 0.08012241419999999 -0.0246873616 0.2871983412 0.0110525008 -0.0933687472 1.5632251701 1.6943955593999998 -0.0336211534 0.0761226907 0.0221331728 0.049593636899999995 0.0202468762 -0.056219151 -0.0413840797 0.0341640359 0.008480705 -0.009629855199999999 0.0173616758 -0.044176549899999994 -0.019647958693900583 -0.04396536177784916 0.018056988975866505 1.187663271867841 1.167243704798936 -0.23569392633976421 -0.05664775420249799 1.3473834199039756 1.4907004234235106 0.024490109651639117 0.26974975136961826 0.004351887152681508 0.010954530864942991 1.553300983031729 -1.8563186354587884 -0.12044691330814516 0.10653169842565002 0.1585108041209004 -0.2441215293133825 -0.13256343306169735 0.19403742056592552 0.1677569725547478 1.5394231746408535 -1.7011083573112185
-0.0128149615 0.0040425672000000005 0.037830400199999996 1.8043641862 0.0060186595 1.6100099036 -0.0491252907 -0.0003673994 -0.0385352671 -0.031842259500000004 0.046476611 0.0695077408 0.0125837229 0.1084315357 0.0245024881 -0.10099199129999999 0.1524865973 -0.20821627369999998 -0.05235148 -0.0831337981 0.2809161636 -0.10599179239999999 -0.017849976599999998 -12.2625688724 0.0872972667 0.0485994283 0.0289828827 0.006019246399999999 0.12990679360000001 -0.15680618129999999 0.060988300399999994 -0.0225915417 0.0616867114 0.028501037799999997 -0.0657580367 0.030330405100000003 0.0518285521 0.0052040423 0.28857579549999995 -0.2787593061 -0.30040476499999996 -0.29538677 0.00012148830000000001 -0.003274902 0.07833295609999999 0.0357979655 0.0126412391 -0.0084272971 0.0122556458 0.0213232508 -0.0488699892 2.0373846146 0.04495771379999999 1.7639320583 0.033117006299999995 0.0110525008 -0.06796067239999999 -0.014238194 1.6943955593999998 1.3640647633999998 0.0044404854 0.0356594571 0.0582310442 0.030160790999999996 0.035842569899999996 0.0572356618 0.0538081658 0.0181939 0.0321222108 0.053225960999999995 0.011125863299999999 0.06650633419999999 0.0047820618063070305 0.0018524172179711432 0.0896928080758221 0.20619890769770127 0.2765266934151711 0.02041439383070239 -0.19820466290891023 1.426345738123172 1.2855051239371353 0.0578941066679514 -0.050036753720832126 -0.032439785003606794 -0.14235995445203323 -1.7019766654464736 1.406744736514496 -1.567892698294579 0.05712249829294688 1.3861890734867195 -1.7653731078551096 -0.1308948647706226 1.4956285297236942 -0.2458012399636631 -1.6628757393447746 1.3443057411147619
