-3.593085 3.593085 7.243776
-3.593085 7.243776 3.593085
-7.243776 3.593085 3.593085
-10.836861 10.836861 7.186170
-10.836861 7.186170 10.836861
-7.186170 10.836861 10.836861
32 2
direct
0.125000 0.125000 0.125000 Al
0.625000 0.625000 0.625000 Al
0.375000 0.375000 0.875000 Al
0.875000 0.875000 0.375000 Al
0.375000 0.875000 0.375000 Al
0.875000 0.375000 0.875000 Al
0.750000 0.250000 0.250000 Al
0.250000 0.750000 0.750000 Al
0.875000 0.375000 0.375000 Al
0.375000 0.875000 0.875000 Al
0.250000 0.750000 0.250000 Al
0.750000 0.250000 0.750000 Al
0.250000 0.250000 0.750000 Al
0.750000 0.750000 0.250000 Al
0.000000 0.000000 0.000000 Al
0.500000 0.500000 0.500000 Al
0.625000 0.125000 0.125000 Ni
0.125000 0.625000 0.625000 Ni
0.250000 0.250000 0.250000 Ni
0.750000 0.750000 0.750000 Ni
0.000000 0.000000 0.500000 Ni
0.500000 0.500000 0.000000 Ni
0.000000 0.500000 0.000000 Ni
0.500000 1.000000 0.500000 Ni
0.125000 0.625000 0.125000 Ni
0.625000 0.125000 0.625000 Ni
0.125000 0.125000 0.625000 Ni
0.625000 0.625000 0.125000 Ni
0.375000 0.375000 0.375000 Ni
0.875000 0.875000 0.875000 Ni
0.500000 0.000000 0.000000 Ni
0.000000 0.500000 0.500000 Ni
-8.040056156819999 1.665032238 1.665032238 0.0276403608 -0.00580625658 -0.00580625658 0.046779502859999995 -0.02605867596 -0.02605867596 0.05700433176 -0.03673005696 -0.03673005696 0.02522250378 -0.02076049044 -0.021152538899999997 0.00058443012 0.027631456739999997 -0.00884820726 1.80117720414 -2.14903238598 -0.11595757337999998 0.0315797328 0.0006079044599999999 0.021089940659999997 0.02522250378 -0.021152538899999997 -0.02076049044 0.00058443012 -0.00884820726 0.027631456739999997 1.80117720414 -0.11595757337999998 -2.14903238598 0.0315797328 0.021089940659999997 0.0006079044599999999 0.03805757136 0.18451155024 0.18451155024 0.01662334038 0.00076008294 0.00076008294 0.07238838888 -0.040237716959999996 -0.040237716959999996 0.039837034259999994 0.018643212899999997 0.018643212899999997 0.023504806744722564 -0.011288403699718027 0.02409853531383383 1.1665293999855615 1.293386353368267 0.002035072320666901 0.06683863552044064 -0.05517537102172609 -0.05517537102172609 0.10288934078954047 0.04043323390959742 0.04043323390959742 -0.033915749656980576 0.03909535492209602 0.03909535492209602 -0.05105309605696495 -0.0009952514419217678 -0.0009952514419217678 0.7553663967550064 0.1149847696488816 -0.8882597232374766 0.009907149099593894 0.050850145942858554 0.005981457186535821 0.023504806744722564 0.02409853531383383 -0.011288403699718027 1.1665293999855615 0.002035072320666901 1.293386353368267 0.038698209404687815 -0.007745531413660651 -0.007745531413660651 0.08818142663782975 -0.060660197340801546 -0.060660197340801546 -0.0670953077235752 0.015175893238356072 0.015175893238356072 0.17329313331445018 -0.12230092229171714 -0.12230092229171714 0.7553663967550064 -0.8882597232374766 0.1149847696488816 0.009907149099593894 0.005981457186535821 0.050850145942858554
1.665032238 -8.040056156819999 -1.665032238 -0.00580625658 0.0276403608 0.00580625658 -0.02076049044 0.02522250378 0.021152538899999997 0.027631456739999997 0.00058443012 0.00884820726 -0.02605867596 0.046779502859999995 0.02605867596 -0.03673005696 0.05700433176 0.03673005696 -2.14903238598 1.80117720414 0.11595757337999998 0.0006079044599999999 0.0315797328 -0.021089940659999997 -0.021152538899999997 0.02522250378 0.02076049044 -0.00884820726 0.00058443012 -0.027631456739999997 0.18451155024 0.03805757136 -0.18451155024 0.00076008294 0.01662334038 -0.00076008294 -0.11595757337999998 1.80117720414 2.14903238598 0.021089940659999997 0.0315797328 -0.0006079044599999999 -0.040237716959999996 0.07238838888 0.040237716959999996 0.018643212899999997 0.039837034259999994 -0.018643212899999997 -0.011288403699718027 0.023504806744722564 -0.02409853531383383 1.293386353368267 1.1665293999855615 -0.002035072320666901 -0.05517537102172609 0.06683863552044064 0.05517537102172609 0.04043323390959742 0.10288934078954047 -0.04043323390959742 0.1149847696488816 0.7553663967550064 0.8882597232374766 0.050850145942858554 0.009907149099593894 -0.005981457186535821 0.03909535492209602 -0.033915749656980576 -0.03909535492209602 -0.0009952514419217678 -0.05105309605696495 0.0009952514419217678 -0.007745531413660651 0.038698209404687815 0.007745531413660651 -0.060660197340801546 0.08818142663782975 0.060660197340801546 0.02409853531383383 0.023504806744722564 0.011288403699718027 0.002035072320666901 1.1665293999855615 -1.293386353368267 0.015175893238356072 -0.0670953077235752 -0.015175893238356072 -0.12230092229171714 0.17329313331445018 0.12230092229171714 -0.8882597232374766 0.7553663967550064 -0.1149847696488816 0.005981457186535821 0.009907149099593894 -0.050850145942858554
1.665032238 -1.665032238 -8.040056156819999 -0.00580625658 0.00580625658 0.0276403608 -0.02076049044 0.021152538899999997 0.02522250378 0.027631456739999997 0.00884820726 0.00058443012 -0.021152538899999997 0.02076049044 0.02522250378 -0.00884820726 -0.027631456739999997 0.00058443012 0.18451155024 -0.18451155024 0.03805757136 0.00076008294 -0.00076008294 0.01662334038 -0.02605867596 0.02605867596 0.046779502859999995 -0.03673005696 0.03673005696 0.05700433176 -2.14903238598 0.11595757337999998 1.80117720414 0.0006079044599999999 -0.021089940659999997 0.0315797328 -0.11595757337999998 2.14903238598 1.80117720414 0.021089940659999997 -0.0006079044599999999 0.0315797328 -0.040237716959999996 0.040237716959999996 0.07238838888 0.018643212899999997 -0.018643212899999997 0.039837034259999994 -0.007745531413660651 0.007745531413660651 0.038698209404687815 -0.060660197340801546 0.060660197340801546 0.08818142663782975 -0.05517537102172609 0.05517537102172609 0.06683863552044064 0.04043323390959742 -0.04043323390959742 0.10288934078954047 0.1149847696488816 0.8882597232374766 0.7553663967550064 0.050850145942858554 -0.005981457186535821 0.009907149099593894 -0.8882597232374766 -0.1149847696488816 0.7553663967550064 0.005981457186535821 -0.050850145942858554 0.009907149099593894 -0.011288403699718027 -0.02409853531383383 0.023504806744722564 1.293386353368267 -0.002035072320666901 1.1665293999855615 0.02409853531383383 0.011288403699718027 0.023504806744722564 0.002035072320666901 -1.293386353368267 1.1665293999855615 0.015175893238356072 -0.015175893238356072 -0.0670953077235752 -0.12230092229171714 0.12230092229171714 0.17329313331445018 0.03909535492209602 -0.03909535492209602 -0.033915749656980576 -0.0009952514419217678 0.0009952514419217678 -0.05105309605696495
0.0276403608 -0.00580625658 -0.00580625658 -8.040056156819999 1.665032238 1.665032238 0.05700433176 -0.03673005696 -0.03673005696 0.046779502859999995 -0.02605867596 -0.02605867596 0.00058443012 0.027631456739999997 -0.00884820726 0.02522250378 -0.02076049044 -0.021152538899999997 0.0315797328 0.0006079044599999999 0.021089940659999997 1.80117720414 -2.14903238598 -0.11595757337999998 0.00058443012 -0.00884820726 0.027631456739999997 0.02522250378 -0.021152538899999997 -0.02076049044 0.0315797328 0.021089940659999997 0.0006079044599999999 1.80117720414 -0.11595757337999998 -2.14903238598 0.01662334038 0.00076008294 0.00076008294 0.03805757136 0.18451155024 0.18451155024 0.039837034259999994 0.018643212899999997 0.018643212899999997 0.07238838888 -0.040237716959999996 -0.040237716959999996 1.1665293999855615 1.293386353368267 0.002035072320666901 0.023504806744722564 -0.011288403699718027 0.02409853531383383 0.10288934078954047 0.04043323390959742 0.04043323390959742 0.06683863552044064 -0.05517537102172609 -0.05517537102172609 -0.05105309605696495 -0.0009952514419217678 -0.0009952514419217678 -0.033915749656980576 0.03909535492209602 0.03909535492209602 0.009907149099593894 0.050850145942858554 0.005981457186535821 0.7553663967550064 0.1149847696488816 -0.8882597232374766 1.1665293999855615 0.002035072320666901 1.293386353368267 0.023504806744722564 0.02409853531383383 -0.011288403699718027 0.08818142663782975 -0.060660197340801546 -0.060660197340801546 0.038698209404687815 -0.007745531413660651 -0.007745531413660651 0.17329313331445018 -0.12230092229171714 -0.12230092229171714 -0.0670953077235752 0.015175893238356072 0.015175893238356072 0.009907149099593894 0.005981457186535821 0.050850145942858554 0.7553663967550064 -0.8882597232374766 0.1149847696488816
-0.00580625658 0.0276403608 0.00580625658 1.665032238 -8.040056156819999 -1.665032238 0.027631456739999997 0.00058443012 0.00884820726 -0.02076049044 0.02522250378 0.021152538899999997 -0.03673005696 0.05700433176 0.03673005696 -0.02605867596 0.046779502859999995 0.02605867596 0.0006079044599999999 0.0315797328 -0.021089940659999997 -2.14903238598 1.80117720414 0.11595757337999998 -0.00884820726 0.00058443012 -0.027631456739999997 -0.021152538899999997 0.02522250378 0.02076049044 0.00076008294 0.01662334038 -0.00076008294 0.18451155024 0.03805757136 -0.18451155024 0.021089940659999997 0.0315797328 -0.0006079044599999999 -0.11595757337999998 1.80117720414 2.14903238598 0.018643212899999997 0.039837034259999994 -0.018643212899999997 -0.040237716959999996 0.07238838888 0.040237716959999996 1.293386353368267 1.1665293999855615 -0.002035072320666901 -0.011288403699718027 0.023504806744722564 -0.02409853531383383 0.04043323390959742 0.10288934078954047 -0.04043323390959742 -0.05517537102172609 0.06683863552044064 0.05517537102172609 0.050850145942858554 0.009907149099593894 -0.005981457186535821 0.1149847696488816 0.7553663967550064 0.8882597232374766 -0.0009952514419217678 -0.05105309605696495 0.0009952514419217678 0.03909535492209602 -0.033915749656980576 -0.03909535492209602 -0.060660197340801546 0.08818142663782975 0.060660197340801546 -0.007745531413660651 0.038698209404687815 0.007745531413660651 0.002035072320666901 1.1665293999855615 -1.293386353368267 0.02409853531383383 0.023504806744722564 0.011288403699718027 -0.12230092229171714 0.17329313331445018 0.12230092229171714 0.015175893238356072 -0.0670953077235752 -0.015175893238356072 0.005981457186535821 0.009907149099593894 -0.050850145942858554 -0.8882597232374766 0.7553663967550064 -0.1149847696488816
-0.00580625658 0.00580625658 0.0276403608 1.665032238 -1.665032238 -8.040056156819999 0.027631456739999997 0.00884820726 0.00058443012 -0.02076049044 0.021152538899999997 0.02522250378 -0.00884820726 -0.027631456739999997 0.00058443012 -0.021152538899999997 0.02076049044 0.02522250378 0.00076008294 -0.00076008294 0.01662334038 0.18451155024 -0.18451155024 0.03805757136 -0.03673005696 0.03673005696 0.05700433176 -0.02605867596 0.02605867596 0.046779502859999995 0.0006079044599999999 -0.021089940659999997 0.0315797328 -2.14903238598 0.11595757337999998 1.80117720414 0.021089940659999997 -0.0006079044599999999 0.0315797328 -0.11595757337999998 2.14903238598 1.80117720414 0.018643212899999997 -0.018643212899999997 0.039837034259999994 -0.040237716959999996 0.040237716959999996 0.07238838888 -0.060660197340801546 0.060660197340801546 0.08818142663782975 -0.007745531413660651 0.007745531413660651 0.038698209404687815 0.04043323390959742 -0.04043323390959742 0.10288934078954047 -0.05517537102172609 0.05517537102172609 0.06683863552044064 0.050850145942858554 -0.005981457186535821 0.009907149099593894 0.1149847696488816 0.8882597232374766 0.7553663967550064 0.005981457186535821 -0.050850145942858554 0.009907149099593894 -0.8882597232374766 -0.1149847696488816 0.7553663967550064 1.293386353368267 -0.002035072320666901 1.1665293999855615 -0.011288403699718027 -0.02409853531383383 0.023504806744722564 0.002035072320666901 -1.293386353368267 1.1665293999855615 0.02409853531383383 0.011288403699718027 0.023504806744722564 -0.12230092229171714 0.12230092229171714 0.17329313331445018 0.015175893238356072 -0.015175893238356072 -0.0670953077235752 -0.0009952514419217678 0.0009952514419217678 -0.05105309605696495 0.03909535492209602 -0.03909535492209602 -0.033915749656980576
0.046779502859999995 -0.02076049044 -0.02076049044 0.05700433176 0.027631456739999997 0.027631456739999997 -12.5013488076 -1.1639155186799999 -1.1639155186799999 0.01154397888 0.01630819062 0.01630819062 3.42672857028 3.96443261178 0.18457873542 -0.0046233657 0.0111422169 0.017810818200000002 0.03284303004 -0.00694138932 -0.009213003899999999 1.8308838465000001 0.04373404452 -1.90574081856 3.42672857028 0.18457873542 3.96443261178 -0.0046233657 0.017810818200000002 0.0111422169 0.03284303004 -0.009213003899999999 -0.00694138932 1.8308838465000001 -1.90574081856 0.04373404452 0.034403938739999994 -0.0102113379 -0.0102113379 0.08186284835999999 -0.01582197498 -0.01582197498 0.01662334038 0.021089940659999997 0.021089940659999997 0.03805757136 -0.11595757337999998 -0.11595757337999998 0.06889280902831756 -0.006491618061603277 0.0016236009128511846 -0.08248171196264163 -0.10569363383681064 -0.014206110046047656 0.23312959195681987 -0.14476829580609582 -0.14476829580609582 0.08102882791047995 -0.05628085223150565 -0.05628085223150565 0.1155944158740012 -0.01120682571267526 -0.01120682571267526 0.04108386809893852 0.0013215633900928393 0.0013215633900928393 0.6249844784492526 -0.7683281440426015 0.10808247606226301 -0.00994614735681434 -0.013776333333822343 0.005577546665324069 0.06889280902831756 0.0016236009128511846 -0.006491618061603277 -0.08248171196264163 -0.014206110046047656 -0.10569363383681064 -0.12483978842504816 -0.003963098404677683 -0.003963098404677683 0.14906884851815042 -0.0035416784618567503 -0.0035416784618567503 0.04325702608547781 -0.027329819483527855 -0.027329819483527855 0.003305699211533037 0.034969100543332805 0.034969100543332805 0.6249844784492526 0.10808247606226301 -0.7683281440426015 -0.00994614735681434 0.005577546665324069 -0.013776333333822343
-0.02605867596 0.02522250378 0.021152538899999997 -0.03673005696 0.00058443012 0.00884820726 -1.1639155186799999 -9.868455230939999 -1.5619925669399999 0.01630819062 0.04350496734 0.0228510558 4.1669519488199995 3.42672857028 0.1559883384 -0.04026604806 -0.0046233657 0.02918696904 0.0344357775 -0.0026496324 0.00694138932 0.07442633934 -0.11674976490000001 -0.04373404452 -0.1559883384 -0.01269449136 -0.18457873542 -0.02918696904 0.053358254099999995 -0.017810818200000002 0.02587870602 0.03284303004 -0.0344357775 -2.22563644254 1.8308838465000001 -0.07442633934 -0.0102113379 -0.008985006 -0.04469865102 -0.01582197498 0.04627224126 -0.08573557482000001 0.00076008294 0.0315797328 -0.0006079044599999999 0.18451155024 1.80117720414 2.14903238598 0.02833979475725734 -0.004854885082545208 0.02788017244001638 -0.04902677844710264 0.0876895710671719 0.0741416560970693 0.06553696920035823 0.6077361063986101 0.5729142441733545 -0.05148804600739298 0.009731656942101891 0.025282410979454488 0.0042333006154193385 0.05809944443045905 -0.024192847425683273 -0.01563591349699724 0.017951136563411012 -0.015402719836474987 -0.6764510356210344 0.7126728556922238 -0.010493316782101197 0.014276545673884583 0.002774447442254524 0.004880353332158561 -0.040694681409534486 0.0829142742646684 0.011076300933406832 -0.032678947785132174 0.047596974996153056 0.07876732693309434 0.016120208181051136 -0.04733950691021808 0.003740649161961062 -0.06883868899788918 0.04865709088630883 -0.005971110710130397 -0.019433866220588344 0.00010147505705319904 0.012958165814993412 0.062887077416369 1.025441664189995 -1.3114831364841544 -0.014692792378502803 0.21858761936899612 0.15539532089866712 0.006043138103568158 0.00792818651635641 0.01490171161361233
-0.02605867596 0.021152538899999997 0.02522250378 -0.03673005696 0.00884820726 0.00058443012 -1.1639155186799999 -1.5619925669399999 -9.868455230939999 0.01630819062 0.0228510558 0.04350496734 -0.1559883384 -0.18457873542 -0.01269449136 -0.02918696904 -0.017810818200000002 0.053358254099999995 0.02587870602 -0.0344357775 0.03284303004 -2.22563644254 -0.07442633934 1.8308838465000001 4.1669519488199995 0.1559883384 3.42672857028 -0.04026604806 0.02918696904 -0.0046233657 0.0344357775 0.00694138932 -0.0026496324 0.07442633934 -0.04373404452 -0.11674976490000001 -0.0102113379 -0.04469865102 -0.008985006 -0.01582197498 -0.08573557482000001 0.04627224126 0.00076008294 -0.0006079044599999999 0.0315797328 0.18451155024 2.14903238598 1.80117720414 -0.040694681409534486 0.011076300933406832 0.0829142742646684 -0.032678947785132174 0.07876732693309434 0.047596974996153056 0.06553696920035823 0.5729142441733545 0.6077361063986101 -0.05148804600739298 0.025282410979454488 0.009731656942101891 0.0042333006154193385 -0.024192847425683273 0.05809944443045905 -0.01563591349699724 -0.015402719836474987 0.017951136563411012 -0.014692792378502803 0.15539532089866712 0.21858761936899612 0.006043138103568158 0.01490171161361233 0.00792818651635641 0.02833979475725734 0.02788017244001638 -0.004854885082545208 -0.04902677844710264 0.0741416560970693 0.0876895710671719 0.016120208181051136 0.003740649161961062 -0.04733950691021808 -0.06883868899788918 -0.005971110710130397 0.04865709088630883 -0.019433866220588344 0.012958165814993412 0.00010147505705319904 0.062887077416369 -1.3114831364841544 1.025441664189995 -0.6764510356210344 -0.010493316782101197 0.7126728556922238 0.014276545673884583 0.004880353332158561 0.002774447442254524
0.05700433176 0.027631456739999997 0.027631456739999997 0.046779502859999995 -0.02076049044 -0.02076049044 0.01154397888 0.01630819062 0.01630819062 -12.5013488076 -1.1639155186799999 -1.1639155186799999 -0.0046233657 0.0111422169 0.017810818200000002 3.42672857028 3.96443261178 0.18457873542 1.8308838465000001 0.04373404452 -1.90574081856 0.03284303004 -0.00694138932 -0.009213003899999999 -0.0046233657 0.017810818200000002 0.0111422169 3.42672857028 0.18457873542 3.96443261178 1.8308838465000001 -1.90574081856 0.04373404452 0.03284303004 -0.009213003899999999 -0.00694138932 0.08186284835999999 -0.01582197498 -0.01582197498 0.034403938739999994 -0.0102113379 -0.0102113379 0.03805757136 -0.11595757337999998 -0.11595757337999998 0.01662334038 0.021089940659999997 0.021089940659999997 -0.08248171196264163 -0.10569363383681064 -0.014206110046047656 0.06889280902831756 -0.006491618061603277 0.0016236009128511846 0.08102882791047995 -0.05628085223150565 -0.05628085223150565 0.23312959195681987 -0.14476829580609582 -0.14476829580609582 0.04108386809893852 0.0013215633900928393 0.0013215633900928393 0.1155944158740012 -0.01120682571267526 -0.01120682571267526 -0.00994614735681434 -0.013776333333822343 0.005577546665324069 0.6249844784492526 -0.7683281440426015 0.10808247606226301 -0.08248171196264163 -0.014206110046047656 -0.10569363383681064 0.06889280902831756 0.0016236009128511846 -0.006491618061603277 0.14906884851815042 -0.0035416784618567503 -0.0035416784618567503 -0.12483978842504816 -0.003963098404677683 -0.003963098404677683 0.003305699211533037 0.034969100543332805 0.034969100543332805 0.04325702608547781 -0.027329819483527855 -0.027329819483527855 -0.00994614735681434 0.005577546665324069 -0.013776333333822343 0.6249844784492526 0.10808247606226301 -0.7683281440426015
-0.03673005696 0.00058443012 0.00884820726 -0.02605867596 0.02522250378 0.021152538899999997 0.01630819062 0.04350496734 0.0228510558 -1.1639155186799999 -9.868455230939999 -1.5619925669399999 -0.04026604806 -0.0046233657 0.02918696904 4.1669519488199995 3.42672857028 0.1559883384 0.07442633934 -0.11674976490000001 -0.04373404452 0.0344357775 -0.0026496324 0.00694138932 -0.02918696904 0.053358254099999995 -0.017810818200000002 -0.1559883384 -0.01269449136 -0.18457873542 -2.22563644254 1.8308838465000001 -0.07442633934 0.02587870602 0.03284303004 -0.0344357775 -0.01582197498 0.04627224126 -0.08573557482000001 -0.0102113379 -0.008985006 -0.04469865102 0.18451155024 1.80117720414 2.14903238598 0.00076008294 0.0315797328 -0.0006079044599999999 -0.04902677844710264 0.0876895710671719 0.0741416560970693 0.02833979475725734 -0.004854885082545208 0.02788017244001638 -0.05148804600739298 0.009731656942101891 0.025282410979454488 0.06553696920035823 0.6077361063986101 0.5729142441733545 -0.01563591349699724 0.017951136563411012 -0.015402719836474987 0.0042333006154193385 0.05809944443045905 -0.024192847425683273 0.014276545673884583 0.002774447442254524 0.004880353332158561 -0.6764510356210344 0.7126728556922238 -0.010493316782101197 -0.032678947785132174 0.047596974996153056 0.07876732693309434 -0.040694681409534486 0.0829142742646684 0.011076300933406832 -0.06883868899788918 0.04865709088630883 -0.005971110710130397 0.016120208181051136 -0.04733950691021808 0.003740649161961062 0.062887077416369 1.025441664189995 -1.3114831364841544 -0.019433866220588344 0.00010147505705319904 0.012958165814993412 0.006043138103568158 0.00792818651635641 0.01490171161361233 -0.014692792378502803 0.21858761936899612 0.15539532089866712
-0.03673005696 0.00884820726 0.00058443012 -0.02605867596 0.021152538899999997 0.02522250378 0.01630819062 0.0228510558 0.04350496734 -1.1639155186799999 -1.5619925669399999 -9.868455230939999 -0.02918696904 -0.017810818200000002 0.053358254099999995 -0.1559883384 -0.18457873542 -0.01269449136 -2.22563644254 -0.07442633934 1.8308838465000001 0.02587870602 -0.0344357775 0.03284303004 -0.04026604806 0.02918696904 -0.0046233657 4.1669519488199995 0.1559883384 3.42672857028 0.07442633934 -0.04373404452 -0.11674976490000001 0.0344357775 0.00694138932 -0.0026496324 -0.01582197498 -0.08573557482000001 0.04627224126 -0.0102113379 -0.04469865102 -0.008985006 0.18451155024 2.14903238598 1.80117720414 0.00076008294 -0.0006079044599999999 0.0315797328 -0.032678947785132174 0.07876732693309434 0.047596974996153056 -0.040694681409534486 0.011076300933406832 0.0829142742646684 -0.05148804600739298 0.025282410979454488 0.009731656942101891 0.06553696920035823 0.5729142441733545 0.6077361063986101 -0.01563591349699724 -0.015402719836474987 0.017951136563411012 0.0042333006154193385 -0.024192847425683273 0.05809944443045905 0.006043138103568158 0.01490171161361233 0.00792818651635641 -0.014692792378502803 0.15539532089866712 0.21858761936899612 -0.04902677844710264 0.0741416560970693 0.0876895710671719 0.02833979475725734 0.02788017244001638 -0.004854885082545208 -0.06883868899788918 -0.005971110710130397 0.04865709088630883 0.016120208181051136 0.003740649161961062 -0.04733950691021808 0.062887077416369 -1.3114831364841544 1.025441664189995 -0.019433866220588344 0.012958165814993412 0.00010147505705319904 0.014276545673884583 0.004880353332158561 0.002774447442254524 -0.6764510356210344 -0.010493316782101197 0.7126728556922238
0.02522250378 -0.02605867596 -0.021152538899999997 0.00058443012 -0.03673005696 -0.00884820726 3.42672857028 4.1669519488199995 -0.1559883384 -0.0046233657 -0.04026604806 -0.02918696904 -9.868455230939999 -1.1639155186799999 1.5619925669399999 0.04350496734 0.01630819062 -0.0228510558 -0.0026496324 0.0344357775 -0.00694138932 -0.11674976490000001 0.07442633934 0.04373404452 -0.01269449136 -0.1559883384 0.18457873542 0.053358254099999995 -0.02918696904 0.017810818200000002 -0.008985006 -0.0102113379 0.04469865102 0.04627224126 -0.01582197498 0.08573557482000001 0.03284303004 0.02587870602 0.0344357775 1.8308838465000001 -2.22563644254 0.07442633934 0.0315797328 0.00076008294 0.0006079044599999999 1.80117720414 0.18451155024 -2.14903238598 -0.004854885082545208 0.02833979475725734 -0.02788017244001638 0.0876895710671719 -0.04902677844710264 -0.0741416560970693 0.6077361063986101 0.06553696920035823 -0.5729142441733545 0.009731656942101891 -0.05148804600739298 -0.025282410979454488 0.7126728556922238 -0.6764510356210344 0.010493316782101197 0.002774447442254524 0.014276545673884583 -0.004880353332158561 0.05809944443045905 0.0042333006154193385 0.024192847425683273 0.017951136563411012 -0.01563591349699724 0.015402719836474987 -0.04733950691021808 0.016120208181051136 -0.003740649161961062 0.04865709088630883 -0.06883868899788918 0.005971110710130397 0.0829142742646684 -0.040694681409534486 -0.011076300933406832 0.047596974996153056 -0.032678947785132174 -0.07876732693309434 0.00010147505705319904 -0.019433866220588344 -0.012958165814993412 1.025441664189995 0.062887077416369 1.3114831364841544 0.21858761936899612 -0.014692792378502803 -0.15539532089866712 0.00792818651635641 0.006043138103568158 -0.01490171161361233
-0.02076049044 0.046779502859999995 0.02076049044 0.027631456739999997 0.05700433176 -0.027631456739999997 3.96443261178 3.42672857028 -0.18457873542 0.0111422169 -0.0046233657 -0.017810818200000002 -1.1639155186799999 -12.5013488076 1.1639155186799999 0.01630819062 0.01154397888 -0.01630819062 -0.00694138932 0.03284303004 0.009213003899999999 0.04373404452 1.8308838465000001 1.90574081856 0.18457873542 3.42672857028 -3.96443261178 0.017810818200000002 -0.0046233657 -0.0111422169 -0.0102113379 0.034403938739999994 0.0102113379 -0.01582197498 0.08186284835999999 0.01582197498 -0.009213003899999999 0.03284303004 0.00694138932 -1.90574081856 1.8308838465000001 -0.04373404452 0.021089940659999997 0.01662334038 -0.021089940659999997 -0.11595757337999998 0.03805757136 0.11595757337999998 -0.006491618061603277 0.06889280902831756 -0.0016236009128511846 -0.10569363383681064 -0.08248171196264163 0.014206110046047656 -0.14476829580609582 0.23312959195681987 0.14476829580609582 -0.05628085223150565 0.08102882791047995 0.05628085223150565 -0.7683281440426015 0.6249844784492526 -0.10808247606226301 -0.013776333333822343 -0.00994614735681434 -0.005577546665324069 -0.01120682571267526 0.1155944158740012 0.01120682571267526 0.0013215633900928393 0.04108386809893852 -0.0013215633900928393 -0.003963098404677683 -0.12483978842504816 0.003963098404677683 -0.0035416784618567503 0.14906884851815042 0.0035416784618567503 0.0016236009128511846 0.06889280902831756 0.006491618061603277 -0.014206110046047656 -0.08248171196264163 0.10569363383681064 -0.027329819483527855 0.04325702608547781 0.027329819483527855 0.034969100543332805 0.003305699211533037 -0.034969100543332805 0.10808247606226301 0.6249844784492526 0.7683281440426015 0.005577546665324069 -0.00994614735681434 0.013776333333822343
-0.021152538899999997 0.02605867596 0.02522250378 -0.00884820726 0.03673005696 0.00058443012 0.18457873542 0.1559883384 -0.01269449136 0.017810818200000002 0.02918696904 0.053358254099999995 1.5619925669399999 1.1639155186799999 -9.868455230939999 -0.0228510558 -0.01630819062 0.04350496734 0.0344357775 -0.02587870602 0.03284303004 0.07442633934 2.22563644254 1.8308838465000001 -0.1559883384 -4.1669519488199995 3.42672857028 -0.02918696904 0.04026604806 -0.0046233657 0.04469865102 0.0102113379 -0.008985006 0.08573557482000001 0.01582197498 0.04627224126 -0.00694138932 -0.0344357775 -0.0026496324 0.04373404452 -0.07442633934 -0.11674976490000001 0.0006079044599999999 -0.00076008294 0.0315797328 -2.14903238598 -0.18451155024 1.80117720414 -0.011076300933406832 0.040694681409534486 0.0829142742646684 -0.07876732693309434 0.032678947785132174 0.047596974996153056 -0.5729142441733545 -0.06553696920035823 0.6077361063986101 -0.025282410979454488 0.05148804600739298 0.009731656942101891 -0.15539532089866712 0.014692792378502803 0.21858761936899612 -0.01490171161361233 -0.006043138103568158 0.00792818651635641 0.024192847425683273 -0.0042333006154193385 0.05809944443045905 0.015402719836474987 0.01563591349699724 0.017951136563411012 -0.003740649161961062 -0.016120208181051136 -0.04733950691021808 0.005971110710130397 0.06883868899788918 0.04865709088630883 -0.02788017244001638 -0.02833979475725734 -0.004854885082545208 -0.0741416560970693 0.04902677844710264 0.0876895710671719 -0.012958165814993412 0.019433866220588344 0.00010147505705319904 1.3114831364841544 -0.062887077416369 1.025441664189995 0.010493316782101197 0.6764510356210344 0.7126728556922238 -0.004880353332158561 -0.014276545673884583 0.002774447442254524
0.00058443012 -0.03673005696 -0.00884820726 0.02522250378 -0.02605867596 -0.021152538899999997 -0.0046233657 -0.04026604806 -0.02918696904 3.42672857028 4.1669519488199995 -0.1559883384 0.04350496734 0.01630819062 -0.0228510558 -9.868455230939999 -1.1639155186799999 1.5619925669399999 -0.11674976490000001 0.07442633934 0.04373404452 -0.0026496324 0.0344357775 -0.00694138932 0.053358254099999995 -0.02918696904 0.017810818200000002 -0.01269449136 -0.1559883384 0.18457873542 0.04627224126 -0.01582197498 0.08573557482000001 -0.008985006 -0.0102113379 0.04469865102 1.8308838465000001 -2.22563644254 0.07442633934 0.03284303004 0.02587870602 0.0344357775 1.80117720414 0.18451155024 -2.14903238598 0.0315797328 0.00076008294 0.0006079044599999999 0.0876895710671719 -0.04902677844710264 -0.0741416560970693 -0.004854885082545208 0.02833979475725734 -0.02788017244001638 0.009731656942101891 -0.05148804600739298 -0.025282410979454488 0.6077361063986101 0.06553696920035823 -0.5729142441733545 0.002774447442254524 0.014276545673884583 -0.004880353332158561 0.7126728556922238 -0.6764510356210344 0.010493316782101197 0.017951136563411012 -0.01563591349699724 0.015402719836474987 0.05809944443045905 0.0042333006154193385 0.024192847425683273 0.04865709088630883 -0.06883868899788918 0.005971110710130397 -0.04733950691021808 0.016120208181051136 -0.003740649161961062 0.047596974996153056 -0.032678947785132174 -0.07876732693309434 0.0829142742646684 -0.040694681409534486 -0.011076300933406832 1.025441664189995 0.062887077416369 1.3114831364841544 0.00010147505705319904 -0.019433866220588344 -0.012958165814993412 0.00792818651635641 0.006043138103568158 -0.01490171161361233 0.21858761936899612 -0.014692792378502803 -0.15539532089866712
0.027631456739999997 0.05700433176 -0.027631456739999997 -0.02076049044 0.046779502859999995 0.02076049044 0.0111422169 -0.0046233657 -0.017810818200000002 3.96443261178 3.42672857028 -0.18457873542 0.01630819062 0.01154397888 -0.01630819062 -1.1639155186799999 -12.5013488076 1.1639155186799999 0.04373404452 1.8308838465000001 1.90574081856 -0.00694138932 0.03284303004 0.009213003899999999 0.017810818200000002 -0.0046233657 -0.0111422169 0.18457873542 3.42672857028 -3.96443261178 -0.01582197498 0.08186284835999999 0.01582197498 -0.0102113379 0.034403938739999994 0.0102113379 -1.90574081856 1.8308838465000001 -0.04373404452 -0.009213003899999999 0.03284303004 0.00694138932 -0.11595757337999998 0.03805757136 0.11595757337999998 0.021089940659999997 0.01662334038 -0.021089940659999997 -0.10569363383681064 -0.08248171196264163 0.014206110046047656 -0.006491618061603277 0.06889280902831756 -0.0016236009128511846 -0.05628085223150565 0.08102882791047995 0.05628085223150565 -0.14476829580609582 0.23312959195681987 0.14476829580609582 -0.013776333333822343 -0.00994614735681434 -0.005577546665324069 -0.7683281440426015 0.6249844784492526 -0.10808247606226301 0.0013215633900928393 0.04108386809893852 -0.0013215633900928393 -0.01120682571267526 0.1155944158740012 0.01120682571267526 -0.0035416784618567503 0.14906884851815042 0.0035416784618567503 -0.003963098404677683 -0.12483978842504816 0.003963098404677683 -0.014206110046047656 -0.08248171196264163 0.10569363383681064 0.0016236009128511846 0.06889280902831756 0.006491618061603277 0.034969100543332805 0.003305699211533037 -0.034969100543332805 -0.027329819483527855 0.04325702608547781 0.027329819483527855 0.005577546665324069 -0.00994614735681434 0.013776333333822343 0.10808247606226301 0.6249844784492526 0.7683281440426015
-0.00884820726 0.03673005696 0.00058443012 -0.021152538899999997 0.02605867596 0.02522250378 0.017810818200000002 0.02918696904 0.053358254099999995 0.18457873542 0.1559883384 -0.01269449136 -0.0228510558 -0.01630819062 0.04350496734 1.5619925669399999 1.1639155186799999 -9.868455230939999 0.07442633934 2.22563644254 1.8308838465000001 0.0344357775 -0.02587870602 0.03284303004 -0.02918696904 0.04026604806 -0.0046233657 -0.1559883384 -4.1669519488199995 3.42672857028 0.08573557482000001 0.01582197498 0.04627224126 0.04469865102 0.0102113379 -0.008985006 0.04373404452 -0.07442633934 -0.11674976490000001 -0.00694138932 -0.0344357775 -0.0026496324 -2.14903238598 -0.18451155024 1.80117720414 0.0006079044599999999 -0.00076008294 0.0315797328 -0.07876732693309434 0.032678947785132174 0.047596974996153056 -0.011076300933406832 0.040694681409534486 0.0829142742646684 -0.025282410979454488 0.05148804600739298 0.009731656942101891 -0.5729142441733545 -0.06553696920035823 0.6077361063986101 -0.01490171161361233 -0.006043138103568158 0.00792818651635641 -0.15539532089866712 0.014692792378502803 0.21858761936899612 0.015402719836474987 0.01563591349699724 0.017951136563411012 0.024192847425683273 -0.0042333006154193385 0.05809944443045905 0.005971110710130397 0.06883868899788918 0.04865709088630883 -0.003740649161961062 -0.016120208181051136 -0.04733950691021808 -0.0741416560970693 0.04902677844710264 0.0876895710671719 -0.02788017244001638 -0.02833979475725734 -0.004854885082545208 1.3114831364841544 -0.062887077416369 1.025441664189995 -0.012958165814993412 0.019433866220588344 0.00010147505705319904 -0.004880353332158561 -0.014276545673884583 0.002774447442254524 0.010493316782101197 0.6764510356210344 0.7126728556922238
1.80117720414 -2.14903238598 0.18451155024 0.0315797328 0.0006079044599999999 0.00076008294 0.03284303004 0.0344357775 0.02587870602 1.8308838465000001 0.07442633934 -2.22563644254 -0.0026496324 -0.00694138932 0.0344357775 -0.11674976490000001 0.04373404452 0.07442633934 -9.868455230939999 1.5619925669399999 -1.1639155186799999 0.04350496734 -0.0228510558 0.01630819062 -0.008985006 0.04469865102 -0.0102113379 0.04627224126 0.08573557482000001 -0.01582197498 -0.01269449136 0.18457873542 -0.1559883384 0.053358254099999995 0.017810818200000002 -0.02918696904 3.42672857028 -0.1559883384 4.1669519488199995 -0.0046233657 -0.02918696904 -0.04026604806 0.00058443012 -0.00884820726 -0.03673005696 0.02522250378 -0.021152538899999997 -0.02605867596 0.017951136563411012 0.015402719836474987 -0.01563591349699724 0.05809944443045905 0.024192847425683273 0.0042333006154193385 0.00010147505705319904 -0.012958165814993412 -0.019433866220588344 1.025441664189995 1.3114831364841544 0.062887077416369 0.047596974996153056 -0.07876732693309434 -0.032678947785132174 0.0829142742646684 -0.011076300933406832 -0.040694681409534486 0.0876895710671719 -0.0741416560970693 -0.04902677844710264 -0.004854885082545208 -0.02788017244001638 0.02833979475725734 0.00792818651635641 -0.01490171161361233 0.006043138103568158 0.21858761936899612 -0.15539532089866712 -0.014692792378502803 0.002774447442254524 -0.004880353332158561 0.014276545673884583 0.7126728556922238 0.010493316782101197 -0.6764510356210344 0.6077361063986101 -0.5729142441733545 0.06553696920035823 0.009731656942101891 -0.025282410979454488 -0.05148804600739298 0.04865709088630883 0.005971110710130397 -0.06883868899788918 -0.04733950691021808 -0.003740649161961062 0.016120208181051136
-2.14903238598 1.80117720414 -0.18451155024 0.0006079044599999999 0.0315797328 -0.00076008294 -0.00694138932 -0.0026496324 -0.0344357775 0.04373404452 -0.11674976490000001 -0.07442633934 0.0344357775 0.03284303004 -0.02587870602 0.07442633934 1.8308838465000001 2.22563644254 1.5619925669399999 -9.868455230939999 1.1639155186799999 -0.0228510558 0.04350496734 -0.01630819062 0.04469865102 -0.008985006 0.0102113379 0.08573557482000001 0.04627224126 0.01582197498 -0.1559883384 3.42672857028 -4.1669519488199995 -0.02918696904 -0.0046233657 0.04026604806 0.18457873542 -0.01269449136 0.1559883384 0.017810818200000002 0.053358254099999995 0.02918696904 -0.00884820726 0.00058443012 0.03673005696 -0.021152538899999997 0.02522250378 0.02605867596 0.015402719836474987 0.017951136563411012 0.01563591349699724 0.024192847425683273 0.05809944443045905 -0.0042333006154193385 -0.012958165814993412 0.00010147505705319904 0.019433866220588344 1.3114831364841544 1.025441664189995 -0.062887077416369 -0.0741416560970693 0.0876895710671719 0.04902677844710264 -0.02788017244001638 -0.004854885082545208 -0.02833979475725734 -0.07876732693309434 0.047596974996153056 0.032678947785132174 -0.011076300933406832 0.0829142742646684 0.040694681409534486 -0.004880353332158561 0.002774447442254524 -0.014276545673884583 0.010493316782101197 0.7126728556922238 0.6764510356210344 -0.01490171161361233 0.00792818651635641 -0.006043138103568158 -0.15539532089866712 0.21858761936899612 0.014692792378502803 -0.5729142441733545 0.6077361063986101 -0.06553696920035823 -0.025282410979454488 0.009731656942101891 0.05148804600739298 0.005971110710130397 0.04865709088630883 0.06883868899788918 -0.003740649161961062 -0.04733950691021808 -0.016120208181051136
-0.11595757337999998 0.11595757337999998 0.03805757136 0.021089940659999997 -0.021089940659999997 0.01662334038 -0.009213003899999999 0.00694138932 0.03284303004 -1.90574081856 -0.04373404452 1.8308838465000001 -0.00694138932 0.009213003899999999 0.03284303004 0.04373404452 1.90574081856 1.8308838465000001 -1.1639155186799999 1.1639155186799999 -12.5013488076 0.01630819062 -0.01630819062 0.01154397888 -0.0102113379 0.0102113379 0.034403938739999994 -0.01582197498 0.01582197498 0.08186284835999999 0.18457873542 -3.96443261178 3.42672857028 0.017810818200000002 -0.0111422169 -0.0046233657 3.96443261178 -0.18457873542 3.42672857028 0.0111422169 -0.017810818200000002 -0.0046233657 0.027631456739999997 -0.027631456739999997 0.05700433176 -0.02076049044 0.02076049044 0.046779502859999995 0.0013215633900928393 -0.0013215633900928393 0.04108386809893852 -0.01120682571267526 0.01120682571267526 0.1155944158740012 -0.027329819483527855 0.027329819483527855 0.04325702608547781 0.034969100543332805 -0.034969100543332805 0.003305699211533037 -0.014206110046047656 0.10569363383681064 -0.08248171196264163 0.0016236009128511846 0.006491618061603277 0.06889280902831756 -0.10569363383681064 0.014206110046047656 -0.08248171196264163 -0.006491618061603277 -0.0016236009128511846 0.06889280902831756 0.005577546665324069 0.013776333333822343 -0.00994614735681434 0.10808247606226301 0.7683281440426015 0.6249844784492526 -0.013776333333822343 -0.005577546665324069 -0.00994614735681434 -0.7683281440426015 -0.10808247606226301 0.6249844784492526 -0.14476829580609582 0.14476829580609582 0.23312959195681987 -0.05628085223150565 0.05628085223150565 0.08102882791047995 -0.0035416784618567503 0.0035416784618567503 0.14906884851815042 -0.003963098404677683 0.003963098404677683 -0.12483978842504816
