     1.9243940563     1.8618970010    -3.7902834093
    -0.0276013099    -5.8286970724    -2.0303635113
    -7.8715876094     1.8854780087    -1.9687802123
    -7.8991889193    -3.9432190637    -3.9991437236
    -5.9471935531     3.7473750097    -5.7590636216
     1.8967927464    -3.9668000714    -5.8206469206
32 2
direct
   0.12500000   0.18750000   0.06250000   Al
   0.62500000   0.68750000   0.56250000   Al
   0.12500000   0.93750000   0.31250000   Al
   0.62500000   0.43750000   0.81250000   Al
   0.25000000   0.62500000   0.87500000   Al
   0.75000000   0.12500000   0.37500000   Al
   0.25000000   0.37500000   0.12500000   Al
   0.75000000   0.87500000   0.62500000   Al
   0.25000000   0.12500000   0.37500000   Al
   0.75000000   0.62500000   0.87500000   Al
   0.25000000   0.87500000   0.62500000   Al
   0.75000000   0.37500000   0.12500000   Al
   0.87500000   0.56250000   0.18750000   Al
   0.37500000   0.06250000   0.68750000   Al
   0.87500000   0.31250000   0.43750000   Al
   0.37500000   0.81250000   0.93750000   Al
   0.37500000   0.56250000   0.18750000   Al
   0.87500000   0.06250000   0.68750000   Al
   0.37500000   0.31250000   0.43750000   Al
   0.87500000   0.81250000   0.93750000   Al
   0.50000000   0.75000000   0.25000000   Al
   0.00000000   0.25000000   0.75000000   Al
   0.00000000   0.00000000   0.00000000   Al
   0.50000000   0.50000000   0.50000000   Al
   0.62500000   0.18750000   0.06250000   Ni
   0.12500000   0.68750000   0.56250000   Ni
   0.62500000   0.93750000   0.31250000   Ni
   0.12500000   0.43750000   0.81250000   Ni
   0.50000000   0.25000000   0.75000000   Ni
   0.00000000   0.75000000   0.25000000   Ni
   0.50000000   0.00000000   1.00000000   Ni
   0.00000000   0.50000000   0.50000000   Ni
    -5.694487    -0.033337     0.512056     0.010476     0.034127    -0.013822     0.901650    -1.026494    -0.015092    -0.086934     0.004615    -0.030594     0.045173     0.012924     0.000411     0.181538     0.025446    -0.029408     0.878178     0.006992     1.104585     0.069802     0.051466    -0.028326    -0.065136    -0.012150     0.002843     0.019075     0.011007    -0.014345    -0.085535    -0.005186     0.037866     0.856909     0.946471     0.054411    -0.082619     0.054665     0.003407     1.117425    -0.026394    -1.346944     0.991758    -0.011136    -1.148264    -0.130261    -0.038639    -0.010597     0.005316    -0.002446    -0.044729     0.005257    -0.030017    -0.028672     0.071540    -0.063337    -0.029988     0.077142     0.002561     0.025356    -0.009850     0.025878    -0.045554    -0.083505     0.075756     0.018094     0.784134     0.024913     0.901469     0.007567    -0.013706    -0.025593     0.023353     0.049258    -0.002788     0.076339     0.002447     0.026081    -0.076198     0.032346     0.003111     0.112981    -0.006445    -0.021241     0.130894     0.023410    -0.067720     0.025873     0.001961    -0.000748     0.050747    -0.108309     0.098436    -0.028744    -0.005805     0.070088
    -0.033337    -6.251969     1.008381     0.034127    -0.046177    -0.028633    -1.072665     0.968615    -0.032776     0.001790     0.013599     0.021673     0.020736    -0.061521     0.005755     0.071118     0.008736     0.014804     0.028410    -0.090554     0.015846     0.020161     0.027532    -0.033355     0.013313     0.859245     1.040315     0.023882     0.298719     0.007856    -0.022021     0.054318     0.001378     1.057896     0.913923    -0.003619    -0.009511     1.184340    -1.583336    -0.047555    -0.140093     0.004928     0.007129    -0.102792    -0.001022    -0.042309     1.276499    -1.592632     0.037937     0.076681     0.014129    -0.008634     0.036899    -0.034825    -0.046881     0.006314     0.019104     0.001143     0.102659    -0.021093    -0.050024     0.275282     0.027278     0.025976     0.853424     1.034673     0.024913    -0.185439    -0.017618    -0.013706    -0.055934     0.024506    -0.065529    -0.077800    -0.006927     0.004136    -0.018351    -0.009283     0.033745     0.066342     0.051396     0.013118     0.157086     0.033635     0.021564    -0.042769    -0.043930     0.102532    -0.060674     0.031566    -0.122765    -0.000822     0.049359    -0.014809     0.023693     0.001581
     0.512056     1.008381    -8.260230    -0.013822    -0.028633     0.172094     0.010555    -0.058497    -0.086394    -0.058986    -0.059978     0.090334    -0.007770     0.010201     0.062499    -0.007184    -0.009538     0.013659     0.963854    -0.022794     0.883797    -0.023357    -0.019635    -0.013449     0.067946     0.937042     0.889099    -0.009598    -0.012197    -0.059621     0.045896     0.006124     0.220014     0.006707    -0.045263    -0.188157     0.081885    -1.434477     1.290849    -1.151752    -0.005756     1.031799    -1.121299     0.059730     1.000711     0.002680    -1.395002     1.216181    -0.034133     0.012845    -0.068969    -0.067673    -0.002050    -0.007166    -0.012222     0.066732     0.035221     0.011124     0.003525     0.042390     0.037913     0.010634    -0.036568     0.045680     0.954051     0.878126     0.901469    -0.017618     0.765387    -0.025593     0.024506    -0.006204    -0.011332    -0.007686    -0.012976     0.002330     0.061364     0.006574    -0.016098     0.074162    -0.008800    -0.045529    -0.002587    -0.010056     0.065563    -0.047760    -0.065978    -0.018185     0.025615     0.010395    -0.156615    -0.124441    -0.031403    -0.001552     0.003715     0.301363
     0.010476     0.034127    -0.013822    -5.694487    -0.033337     0.512056    -0.086934     0.004615    -0.030594     0.901650    -1.026494    -0.015092     0.181538     0.025446    -0.029408     0.045173     0.012924     0.000411     0.069802     0.051466    -0.028326     0.878178     0.006992     1.104585     0.019075     0.011007    -0.014345    -0.065136    -0.012150     0.002843     0.856909     0.946471     0.054411    -0.085535    -0.005186     0.037866     1.117425    -0.026394    -1.346944    -0.082619     0.054665     0.003407    -0.130261    -0.038639    -0.010597     0.991758    -0.011136    -1.148264     0.005257    -0.030017    -0.028672     0.005316    -0.002446    -0.044729     0.077142     0.002561     0.025356     0.071540    -0.063337    -0.029988    -0.083505     0.075756     0.018094    -0.009850     0.025878    -0.045554     0.007567    -0.013706    -0.025593     0.784134     0.024913     0.901469     0.076339     0.002447     0.026081     0.023353     0.049258    -0.002788     0.112981    -0.006445    -0.021241    -0.076198     0.032346     0.003111     0.025873     0.001961    -0.000748     0.130894     0.023410    -0.067720    -0.028744    -0.005805     0.070088     0.050747    -0.108309     0.098436
     0.034127    -0.046177    -0.028633    -0.033337    -6.251969     1.008381     0.001790     0.013599     0.021673    -1.072665     0.968615    -0.032776     0.071118     0.008736     0.014804     0.020736    -0.061521     0.005755     0.020161     0.027532    -0.033355     0.028410    -0.090554     0.015846     0.023882     0.298719     0.007856     0.013313     0.859245     1.040315     1.057896     0.913923    -0.003619    -0.022021     0.054318     0.001378    -0.047555    -0.140093     0.004928    -0.009511     1.184340    -1.583336    -0.042309     1.276499    -1.592632     0.007129    -0.102792    -0.001022    -0.008634     0.036899    -0.034825     0.037937     0.076681     0.014129     0.001143     0.102659    -0.021093    -0.046881     0.006314     0.019104     0.025976     0.853424     1.034673    -0.050024     0.275282     0.027278    -0.013706    -0.055934     0.024506     0.024913    -0.185439    -0.017618     0.004136    -0.018351    -0.009283    -0.065529    -0.077800    -0.006927     0.013118     0.157086     0.033635     0.033745     0.066342     0.051396     0.102532    -0.060674     0.031566     0.021564    -0.042769    -0.043930    -0.014809     0.023693     0.001581    -0.122765    -0.000822     0.049359
    -0.013822    -0.028633     0.172094     0.512056     1.008381    -8.260230    -0.058986    -0.059978     0.090334     0.010555    -0.058497    -0.086394    -0.007184    -0.009538     0.013659    -0.007770     0.010201     0.062499    -0.023357    -0.019635    -0.013449     0.963854    -0.022794     0.883797    -0.009598    -0.012197    -0.059621     0.067946     0.937042     0.889099     0.006707    -0.045263    -0.188157     0.045896     0.006124     0.220014    -1.151752    -0.005756     1.031799     0.081885    -1.434477     1.290849     0.002680    -1.395002     1.216181    -1.121299     0.059730     1.000711    -0.067673    -0.002050    -0.007166    -0.034133     0.012845    -0.068969     0.011124     0.003525     0.042390    -0.012222     0.066732     0.035221     0.045680     0.954051     0.878126     0.037913     0.010634    -0.036568    -0.025593     0.024506    -0.006204     0.901469    -0.017618     0.765387     0.002330     0.061364     0.006574    -0.011332    -0.007686    -0.012976    -0.045529    -0.002587    -0.010056    -0.016098     0.074162    -0.008800    -0.018185     0.025615     0.010395     0.065563    -0.047760    -0.065978    -0.001552     0.003715     0.301363    -0.156615    -0.124441    -0.031403
     0.901650    -1.072665     0.010555    -0.086934     0.001790    -0.058986    -5.736403    -0.755475     1.221078    -0.039328    -0.028666     0.023957     0.039095    -0.040598     0.026863     0.964637     1.044651     0.008293     0.044478    -0.023769     0.049462     0.136430     0.010160     0.015570     0.758353    -0.045625     0.938854     0.004437    -0.020790    -0.018035    -0.171031     0.081224     0.004152    -0.016098     0.033848    -0.073338     0.067842     0.056982     0.004379     0.008294    -0.005082    -0.032771    -0.057460    -0.089433     0.061024     0.958408    -0.048744    -1.199419    -0.159391     0.014524    -0.000974     1.077648     0.078389    -1.260810     0.044850    -0.051875     0.031420     0.073439    -0.000844    -0.028148     0.830697     0.999578     0.033987    -0.053088     0.019628     0.031946    -0.083505     0.025976     0.045680    -0.009850    -0.050024     0.037913    -0.013303    -0.023728    -0.014882     0.121928    -0.144926     0.040542    -0.033645     0.083084    -0.013721     0.040299    -0.012331     0.008187    -0.016739    -0.022818     0.023707     0.083508    -0.088277     0.064230     0.312499     0.010704    -0.018846     0.085862     0.049211     0.001936
    -1.026494     0.968615    -0.058497     0.004615     0.013599    -0.059978    -0.755475    -7.198311     0.942775    -0.028666    -0.066755    -0.023270    -0.004342     0.106860     0.041226     0.921857     0.857819     0.010270     0.002805     0.004123    -0.065285    -0.010162    -0.105467    -0.013548     0.050415    -0.135964    -0.013197    -0.046445    -0.011534     0.010189     0.064116     0.852228     1.036513    -0.078328     0.270050     0.064006     0.023074     0.084578     0.012259    -0.031810     0.001433    -0.004576    -0.024548     1.194165    -1.445117    -0.042560    -0.113490     0.065797     0.084760     1.257025    -1.600985    -0.047332    -0.148666     0.105402    -0.040782     0.102157    -0.054797    -0.085136     0.029668     0.038015     0.999578     0.903361    -0.015847     0.019628     0.037433    -0.018833     0.075756     0.853424     0.954051     0.025878     0.275282     0.010634     0.007504     0.022899     0.016394     0.110497     0.064571     0.027538    -0.090797    -0.047226    -0.003514    -0.069446    -0.021347    -0.012065    -0.030706     0.056217    -0.024292    -0.037609    -0.041691     0.008408     0.062547     0.011576     0.025072    -0.006715    -0.010454     0.038181
    -0.015092    -0.032776    -0.086394    -0.030594     0.021673     0.090334     1.221078     0.942775    -7.482046     0.023957    -0.023270     0.153806    -0.020217     0.016113     0.224868     0.031739     0.064313    -0.071933     0.024189    -0.068167     0.093031    -0.014635    -0.032904    -0.069735     0.961175    -0.082623     0.817114     0.015672    -0.005666    -0.043374     0.030620     0.957422     0.887983     0.053848     0.006411    -0.021007     0.052947     0.041149     0.012780    -0.059045    -0.008383    -0.022558     0.019015    -1.390122     1.220091    -1.181669     0.072348     1.036025    -0.007993    -1.609527     1.314018    -1.123864    -0.032597     1.031625     0.031110    -0.038369     0.024081    -0.018918     0.100784     0.056957     0.033987    -0.015847    -0.210208     0.031946    -0.018833     0.204967     0.018094     1.034673     0.878126    -0.045554     0.027278    -0.036568     0.006391     0.038595    -0.014140    -0.005106     0.028641     0.079489    -0.027050     0.015206    -0.024892    -0.018222     0.031972    -0.021431     0.021896    -0.046011     0.001432    -0.083893    -0.063832    -0.012266     0.007068     0.016771    -0.024878     0.052687     0.004187     0.069177
    -0.086934     0.001790    -0.058986     0.901650    -1.072665     0.010555    -0.039328    -0.028666     0.023957    -5.736403    -0.755475     1.221078     0.964637     1.044651     0.008293     0.039095    -0.040598     0.026863     0.136430     0.010160     0.015570     0.044478    -0.023769     0.049462     0.004437    -0.020790    -0.018035     0.758353    -0.045625     0.938854    -0.016098     0.033848    -0.073338    -0.171031     0.081224     0.004152     0.008294    -0.005082    -0.032771     0.067842     0.056982     0.004379     0.958408    -0.048744    -1.199419    -0.057460    -0.089433     0.061024     1.077648     0.078389    -1.260810    -0.159391     0.014524    -0.000974     0.073439    -0.000844    -0.028148     0.044850    -0.051875     0.031420    -0.053088     0.019628     0.031946     0.830697     0.999578     0.033987    -0.009850    -0.050024     0.037913    -0.083505     0.025976     0.045680     0.121928    -0.144926     0.040542    -0.013303    -0.023728    -0.014882     0.040299    -0.012331     0.008187    -0.033645     0.083084    -0.013721     0.083508    -0.088277     0.064230    -0.016739    -0.022818     0.023707     0.085862     0.049211     0.001936     0.312499     0.010704    -0.018846
     0.004615     0.013599    -0.059978    -1.026494     0.968615    -0.058497    -0.028666    -0.066755    -0.023270    -0.755475    -7.198311     0.942775     0.921857     0.857819     0.010270    -0.004342     0.106860     0.041226    -0.010162    -0.105467    -0.013548     0.002805     0.004123    -0.065285    -0.046445    -0.011534     0.010189     0.050415    -0.135964    -0.013197    -0.078328     0.270050     0.064006     0.064116     0.852228     1.036513    -0.031810     0.001433    -0.004576     0.023074     0.084578     0.012259    -0.042560    -0.113490     0.065797    -0.024548     1.194165    -1.445117    -0.047332    -0.148666     0.105402     0.084760     1.257025    -1.600985    -0.085136     0.029668     0.038015    -0.040782     0.102157    -0.054797     0.019628     0.037433    -0.018833     0.999578     0.903361    -0.015847     0.025878     0.275282     0.010634     0.075756     0.853424     0.954051     0.110497     0.064571     0.027538     0.007504     0.022899     0.016394    -0.069446    -0.021347    -0.012065    -0.090797    -0.047226    -0.003514    -0.037609    -0.041691     0.008408    -0.030706     0.056217    -0.024292    -0.006715    -0.010454     0.038181     0.062547     0.011576     0.025072
    -0.030594     0.021673     0.090334    -0.015092    -0.032776    -0.086394     0.023957    -0.023270     0.153806     1.221078     0.942775    -7.482046     0.031739     0.064313    -0.071933    -0.020217     0.016113     0.224868    -0.014635    -0.032904    -0.069735     0.024189    -0.068167     0.093031     0.015672    -0.005666    -0.043374     0.961175    -0.082623     0.817114     0.053848     0.006411    -0.021007     0.030620     0.957422     0.887983    -0.059045    -0.008383    -0.022558     0.052947     0.041149     0.012780    -1.181669     0.072348     1.036025     0.019015    -1.390122     1.220091    -1.123864    -0.032597     1.031625    -0.007993    -1.609527     1.314018    -0.018918     0.100784     0.056957     0.031110    -0.038369     0.024081     0.031946    -0.018833     0.204967     0.033987    -0.015847    -0.210208    -0.045554     0.027278    -0.036568     0.018094     1.034673     0.878126    -0.005106     0.028641     0.079489     0.006391     0.038595    -0.014140    -0.018222     0.031972    -0.021431    -0.027050     0.015206    -0.024892    -0.083893    -0.063832    -0.012266     0.021896    -0.046011     0.001432     0.052687     0.004187     0.069177     0.007068     0.016771    -0.024878
     0.045173     0.020736    -0.007770     0.181538     0.071118    -0.007184     0.039095    -0.004342    -0.020217     0.964637     0.921857     0.031739    -6.762397     0.033657     0.588741     0.042893     0.020117    -0.017185     1.034251    -1.212466    -0.061589     0.075217     0.078479    -0.015552    -0.017124    -0.007513    -0.024801     0.003746    -0.003157    -0.027587     0.982015    -1.010235    -0.045566     0.024755    -0.029090    -0.012765     0.117748    -0.005360    -0.022986    -0.026444    -0.044072     0.012529     0.027923    -0.018466     0.023250     0.791708     0.027760     0.955336    -0.050617     0.009174    -0.007730     0.004603     0.053157    -0.018996    -0.012290     0.008392     0.000383     0.992432     1.194922    -0.060358     0.008294    -0.031810    -0.059045     0.067842     0.023074     0.052947    -0.082619    -0.009511     0.081885     1.117425    -0.047555    -1.151752    -0.034243     0.026671    -0.013713     0.014148    -0.021762    -0.058718     0.067581     0.036980     0.026431     0.049675     0.030511     0.016352     0.029765     0.093301    -0.079350     0.174854    -0.138706    -0.152659     0.035843    -0.062405     0.029432     0.133107    -0.019773     0.029964
     0.012924    -0.061521     0.010201     0.025446     0.008736    -0.009538    -0.040598     0.106860     0.016113     1.044651     0.857819     0.064313     0.033657    -6.768833     0.798163     0.020117     0.031492    -0.091183    -1.163897     0.985640     0.020350     0.057613     0.180346     0.004694     0.016308     0.075928     0.036989     0.020923     0.055009     0.018647    -1.089700     0.892560    -0.055553     0.033894     0.014556    -0.003134    -0.005360    -0.017405    -0.020706    -0.044072    -0.023847    -0.037264     0.025470    -0.005071     0.004871    -0.097172    -0.082459    -0.048097    -0.028373     0.823889     0.981340     0.017575     0.279969    -0.021719     0.001227    -0.029374    -0.006158     1.083701     0.931706    -0.082944    -0.005082     0.001433    -0.008383     0.056982     0.084578     0.041149     0.054665     1.184340    -1.434477    -0.026394    -0.140093    -0.005756     0.030835     0.303559    -0.058422     0.077307     0.009209    -0.056679     0.025862     0.041596    -0.015145    -0.014686     0.056675    -0.036704    -0.065366     0.195757    -0.068401    -0.034381     0.001094     0.008772    -0.024633     0.038150    -0.004946     0.000744     0.036822     0.063283
     0.000411     0.005755     0.062499    -0.029408     0.014804     0.013659     0.026863     0.041226     0.224868     0.008293     0.010270    -0.071933     0.588741     0.798163    -5.016844    -0.017185    -0.091183     0.154193    -0.016222    -0.004856    -0.101109    -0.022127    -0.026491     0.151749    -0.023567    -0.019920    -0.070727    -0.013086    -0.000033     0.030961    -0.000821    -0.062242    -0.143043    -0.015440     0.000949     0.048926    -0.022986    -0.020706    -0.090237     0.012529    -0.037264     0.064088    -0.005644     0.011780    -0.029419     0.896487     0.051645     0.838710     0.023634     1.059063     0.904866    -0.019407     0.008358    -0.027773     0.015965    -0.003760     0.174313     0.023338    -0.003826    -0.115838    -0.032771    -0.004576    -0.022558     0.004379     0.012259     0.012780     0.003407    -1.583336     1.290849    -1.346944     0.004928     1.031799     0.006877     0.017319     0.033026     0.008819     0.018945     0.109989    -0.044765     0.066624     0.015461     0.011320     0.025931     0.085516     0.098297    -0.351716     0.287234    -0.084476     0.055387     0.100313     0.034235    -0.048233     0.012876    -0.012195     0.020299     0.101209
     0.181538     0.071118    -0.007184     0.045173     0.020736    -0.007770     0.964637     0.921857     0.031739     0.039095    -0.004342    -0.020217     0.042893     0.020117    -0.017185    -6.762397     0.033657     0.588741     0.075217     0.078479    -0.015552     1.034251    -1.212466    -0.061589     0.003746    -0.003157    -0.027587    -0.017124    -0.007513    -0.024801     0.024755    -0.029090    -0.012765     0.982015    -1.010235    -0.045566    -0.026444    -0.044072     0.012529     0.117748    -0.005360    -0.022986     0.791708     0.027760     0.955336     0.027923    -0.018466     0.023250     0.004603     0.053157    -0.018996    -0.050617     0.009174    -0.007730     0.992432     1.194922    -0.060358    -0.012290     0.008392     0.000383     0.067842     0.023074     0.052947     0.008294    -0.031810    -0.059045     1.117425    -0.047555    -1.151752    -0.082619    -0.009511     0.081885     0.014148    -0.021762    -0.058718    -0.034243     0.026671    -0.013713     0.049675     0.030511     0.016352     0.067581     0.036980     0.026431     0.174854    -0.138706    -0.152659     0.029765     0.093301    -0.079350     0.133107    -0.019773     0.029964     0.035843    -0.062405     0.029432
     0.025446     0.008736    -0.009538     0.012924    -0.061521     0.010201     1.044651     0.857819     0.064313    -0.040598     0.106860     0.016113     0.020117     0.031492    -0.091183     0.033657    -6.768833     0.798163     0.057613     0.180346     0.004694    -1.163897     0.985640     0.020350     0.020923     0.055009     0.018647     0.016308     0.075928     0.036989     0.033894     0.014556    -0.003134    -1.089700     0.892560    -0.055553    -0.044072    -0.023847    -0.037264    -0.005360    -0.017405    -0.020706    -0.097172    -0.082459    -0.048097     0.025470    -0.005071     0.004871     0.017575     0.279969    -0.021719    -0.028373     0.823889     0.981340     1.083701     0.931706    -0.082944     0.001227    -0.029374    -0.006158     0.056982     0.084578     0.041149    -0.005082     0.001433    -0.008383    -0.026394    -0.140093    -0.005756     0.054665     1.184340    -1.434477     0.077307     0.009209    -0.056679     0.030835     0.303559    -0.058422    -0.014686     0.056675    -0.036704     0.025862     0.041596    -0.015145    -0.034381     0.001094     0.008772    -0.065366     0.195757    -0.068401     0.000744     0.036822     0.063283    -0.024633     0.038150    -0.004946
    -0.029408     0.014804     0.013659     0.000411     0.005755     0.062499     0.008293     0.010270    -0.071933     0.026863     0.041226     0.224868    -0.017185    -0.091183     0.154193     0.588741     0.798163    -5.016844    -0.022127    -0.026491     0.151749    -0.016222    -0.004856    -0.101109    -0.013086    -0.000033     0.030961    -0.023567    -0.019920    -0.070727    -0.015440     0.000949     0.048926    -0.000821    -0.062242    -0.143043     0.012529    -0.037264     0.064088    -0.022986    -0.020706    -0.090237     0.896487     0.051645     0.838710    -0.005644     0.011780    -0.029419    -0.019407     0.008358    -0.027773     0.023634     1.059063     0.904866     0.023338    -0.003826    -0.115838     0.015965    -0.003760     0.174313     0.004379     0.012259     0.012780    -0.032771    -0.004576    -0.022558    -1.346944     0.004928     1.031799     0.003407    -1.583336     1.290849     0.008819     0.018945     0.109989     0.006877     0.017319     0.033026     0.011320     0.025931     0.085516    -0.044765     0.066624     0.015461    -0.084476     0.055387     0.100313     0.098297    -0.351716     0.287234    -0.012195     0.020299     0.101209     0.034235    -0.048233     0.012876
     0.878178     0.028410     0.963854     0.069802     0.020161    -0.023357     0.044478     0.002805     0.024189     0.136430    -0.010162    -0.014635     1.034251    -1.163897    -0.016222     0.075217     0.057613    -0.022127    -6.215387     0.995365    -1.362245     0.062372     0.069523    -0.045271     0.951443    -1.103554    -0.044879     0.078678     0.086394    -0.004655     0.002074    -0.011695    -0.029424     0.098868     0.016036     0.029805     0.992432     1.083701     0.023338    -0.012290     0.001227     0.015965     0.190824     0.062910     0.011567    -0.016715     0.038767     0.024952     0.868673     0.010498     1.034294     0.063395     0.026155    -0.029253    -0.090048    -0.093208    -0.067699    -0.012801     0.030236    -0.047365     0.044850    -0.040782     0.031110     0.073439    -0.085136    -0.018918     0.077142     0.001143     0.011124     0.071540    -0.046881    -0.012222     0.030621    -0.021156    -0.016822    -0.021084    -0.077965    -0.043686    -0.005737     0.032508     0.010240     0.036528     0.025468    -0.094063     0.168171    -0.000543    -0.139710     0.138503     0.112246    -0.081499     0.098372     0.005045    -0.043632     0.084821    -0.052022    -0.048374
     0.006992    -0.090554    -0.022794     0.051466     0.027532    -0.019635    -0.023769     0.004123    -0.068167     0.010160    -0.105467    -0.032904    -1.212466     0.985640    -0.004856     0.078479     0.180346    -0.026491     0.995365    -5.415757    -0.356035     0.069523     0.065617    -0.081238    -1.168507     0.952310     0.031354     0.075524     0.165172    -0.017061    -0.046793     0.040972     0.010038     0.067925     0.043530     0.015203     1.194922     0.931706    -0.003826     0.008392    -0.029374    -0.003760     0.037766    -0.040626    -0.044473    -0.067645    -0.006289    -0.074548    -0.020474    -0.106736     0.012168     0.047162     0.042804    -0.048191    -0.093208     0.871865     1.164155     0.030236     0.288717    -0.024424    -0.051875     0.102157    -0.038369    -0.000844     0.029668     0.100784     0.002561     0.102659     0.003525    -0.063337     0.006314     0.066732    -0.071072     0.048556    -0.013270    -0.046039    -0.018593    -0.018249     0.027283     0.178706     0.009888    -0.012330     0.046926     0.005217     0.059965     0.121942    -0.108037     0.036530     0.233475    -0.171786     0.004480     0.245830    -0.233300     0.057715     0.159632    -0.015856
     1.104585     0.015846     0.883797    -0.028326    -0.033355    -0.013449     0.049462    -0.065285     0.093031     0.015570    -0.013548    -0.069735    -0.061589     0.020350    -0.101109    -0.015552     0.004694     0.151749    -1.362245    -0.356035    -4.312328    -0.045271    -0.081238     0.156868    -0.009630     0.042855    -0.101453    -0.008512    -0.008210     0.146246     0.052976    -0.008878    -0.032865     0.013360     0.024616     0.033162    -0.060358    -0.082944    -0.115838     0.000383    -0.006158     0.174313    -0.045673    -0.018312    -0.039905     0.020885    -0.014318     0.075972     1.097872     0.028646     0.892217    -0.085605    -0.051917    -0.010915    -0.067699     1.164155     0.961046    -0.047365    -0.024424    -0.054708     0.031420    -0.054797     0.024081    -0.028148     0.038015     0.056957     0.025356    -0.021093     0.042390    -0.029988     0.019104     0.035221    -0.175048    -0.154278     0.129375    -0.077857     0.042156     0.144120    -0.023507     0.017216    -0.014272    -0.075434     0.024983     0.028412    -0.142414     0.021145     0.197564    -0.015011    -0.242594     0.253041     0.021505    -0.284213     0.304009    -0.026169     0.016946     0.157170
     0.069802     0.020161    -0.023357     0.878178     0.028410     0.963854     0.136430    -0.010162    -0.014635     0.044478     0.002805     0.024189     0.075217     0.057613    -0.022127     1.034251    -1.163897    -0.016222     0.062372     0.069523    -0.045271    -6.215387     0.995365    -1.362245     0.078678     0.086394    -0.004655     0.951443    -1.103554    -0.044879     0.098868     0.016036     0.029805     0.002074    -0.011695    -0.029424    -0.012290     0.001227     0.015965     0.992432     1.083701     0.023338    -0.016715     0.038767     0.024952     0.190824     0.062910     0.011567     0.063395     0.026155    -0.029253     0.868673     0.010498     1.034294    -0.012801     0.030236    -0.047365    -0.090048    -0.093208    -0.067699     0.073439    -0.085136    -0.018918     0.044850    -0.040782     0.031110     0.071540    -0.046881    -0.012222     0.077142     0.001143     0.011124    -0.021084    -0.077965    -0.043686     0.030621    -0.021156    -0.016822     0.036528     0.025468    -0.094063    -0.005737     0.032508     0.010240     0.138503     0.112246    -0.081499     0.168171    -0.000543    -0.139710     0.084821    -0.052022    -0.048374     0.098372     0.005045    -0.043632
     0.051466     0.027532    -0.019635     0.006992    -0.090554    -0.022794     0.010160    -0.105467    -0.032904    -0.023769     0.004123    -0.068167     0.078479     0.180346    -0.026491    -1.212466     0.985640    -0.004856     0.069523     0.065617    -0.081238     0.995365    -5.415757    -0.356035     0.075524     0.165172    -0.017061    -1.168507     0.952310     0.031354     0.067925     0.043530     0.015203    -0.046793     0.040972     0.010038     0.008392    -0.029374    -0.003760     1.194922     0.931706    -0.003826    -0.067645    -0.006289    -0.074548     0.037766    -0.040626    -0.044473     0.047162     0.042804    -0.048191    -0.020474    -0.106736     0.012168     0.030236     0.288717    -0.024424    -0.093208     0.871865     1.164155    -0.000844     0.029668     0.100784    -0.051875     0.102157    -0.038369    -0.063337     0.006314     0.066732     0.002561     0.102659     0.003525    -0.046039    -0.018593    -0.018249    -0.071072     0.048556    -0.013270    -0.012330     0.046926     0.005217     0.027283     0.178706     0.009888     0.036530     0.233475    -0.171786     0.059965     0.121942    -0.108037     0.057715     0.159632    -0.015856     0.004480     0.245830    -0.233300
    -0.028326    -0.033355    -0.013449     1.104585     0.015846     0.883797     0.015570    -0.013548    -0.069735     0.049462    -0.065285     0.093031    -0.015552     0.004694     0.151749    -0.061589     0.020350    -0.101109    -0.045271    -0.081238     0.156868    -1.362245    -0.356035    -4.312328    -0.008512    -0.008210     0.146246    -0.009630     0.042855    -0.101453     0.013360     0.024616     0.033162     0.052976    -0.008878    -0.032865     0.000383    -0.006158     0.174313    -0.060358    -0.082944    -0.115838     0.020885    -0.014318     0.075972    -0.045673    -0.018312    -0.039905    -0.085605    -0.051917    -0.010915     1.097872     0.028646     0.892217    -0.047365    -0.024424    -0.054708    -0.067699     1.164155     0.961046    -0.028148     0.038015     0.056957     0.031420    -0.054797     0.024081    -0.029988     0.019104     0.035221     0.025356    -0.021093     0.042390    -0.077857     0.042156     0.144120    -0.175048    -0.154278     0.129375    -0.075434     0.024983     0.028412    -0.023507     0.017216    -0.014272    -0.015011    -0.242594     0.253041    -0.142414     0.021145     0.197564    -0.026169     0.016946     0.157170     0.021505    -0.284213     0.304009
    -0.065136     0.013313     0.067946     0.019075     0.023882    -0.009598     0.758353     0.050415     0.961175     0.004437    -0.046445     0.015672    -0.017124     0.016308    -0.023567     0.003746     0.020923    -0.013086     0.951443    -1.168507    -0.009630     0.078678     0.075524    -0.008512    -6.230470     0.887714    -0.333861     0.079414     0.074992    -0.025614     0.869570    -1.051091    -0.011923    -0.037140    -0.037687     0.048727     0.004603     0.017575    -0.019407    -0.050617    -0.028373     0.023634     0.986541     0.969033    -0.003173    -0.013988     0.041546    -0.029144    -0.016357    -0.027555    -0.020085     0.205135     0.049394    -0.035194     0.868673    -0.020474     1.097872     0.063395     0.047162    -0.085605    -0.159391     0.084760    -0.007993     1.077648    -0.047332    -1.123864     0.005257    -0.008634    -0.067673     0.005316     0.037937    -0.034133     0.221451    -0.003708    -0.035306     0.008560     0.005472     0.009590     0.071452    -0.029015     0.014303    -0.056259    -0.078135    -0.007472     0.152388     0.007517    -0.098292     0.014723     0.009298    -0.032635     0.124225     0.010038    -0.161407     0.135950     0.098848    -0.072818
    -0.012150     0.859245     0.937042     0.011007     0.298719    -0.012197    -0.045625    -0.135964    -0.082623    -0.020790    -0.011534    -0.005666    -0.007513     0.075928    -0.019920    -0.003157     0.055009    -0.000033    -1.103554     0.952310     0.042855     0.086394     0.165172    -0.008210     0.887714    -6.462330     0.003901     0.074992     0.046319    -0.045991    -1.003875     0.895416    -0.059347     0.020669     0.033954    -0.002163     0.053157     0.279969     0.008358     0.009174     0.823889     1.059063     1.079058     0.903700     0.045530    -0.013467     0.033284     0.021792    -0.027555    -0.063132     0.004282     0.049394    -0.003182    -0.031991     0.010498    -0.106736     0.028646     0.026155     0.042804    -0.051917     0.014524     1.257025    -1.609527     0.078389    -0.148666    -0.032597    -0.030017     0.036899    -0.002050    -0.002446     0.076681     0.012845    -0.019509    -0.023215    -0.023981     0.036705    -0.032919    -0.051424    -0.085242    -0.051406     0.007848     0.068689    -0.023376    -0.039101    -0.055011     0.010583    -0.020847    -0.060281     0.030791     0.002998    -0.049224     0.056292     0.042404    -0.011922     0.179487    -0.116660
     0.002843     1.040315     0.889099    -0.014345     0.007856    -0.059621     0.938854    -0.013197     0.817114    -0.018035     0.010189    -0.043374    -0.024801     0.036989    -0.070727    -0.027587     0.018647     0.030961    -0.044879     0.031354    -0.101453    -0.004655    -0.017061     0.146246    -0.333861     0.003901    -6.534912    -0.025614    -0.045991     0.186476     0.111534    -0.123166    -0.113951    -0.051774    -0.018591     0.084522    -0.018996    -0.021719    -0.027773    -0.007730     0.981340     0.904866    -0.054277    -0.006953    -0.152724     0.076572     0.002589     0.227145    -0.020085     0.004282     0.118988    -0.035194    -0.031991     0.006993     1.034294     0.012168     0.892217    -0.029253    -0.048191    -0.010915    -0.000974    -1.600985     1.314018    -1.260810     0.105402     1.031625    -0.028672    -0.034825    -0.007166    -0.044729     0.014129    -0.068969    -0.005679    -0.032982    -0.059628    -0.038149    -0.013070     0.034805    -0.110855    -0.134853     0.051357    -0.018574    -0.024817     0.222335    -0.040414     0.036707     0.040085     0.015072    -0.041602     0.013183     0.039017     0.018099     0.063135     0.051662    -0.158067     0.242489
     0.019075     0.023882    -0.009598    -0.065136     0.013313     0.067946     0.004437    -0.046445     0.015672     0.758353     0.050415     0.961175     0.003746     0.020923    -0.013086    -0.017124     0.016308    -0.023567     0.078678     0.075524    -0.008512     0.951443    -1.168507    -0.009630     0.079414     0.074992    -0.025614    -6.230470     0.887714    -0.333861    -0.037140    -0.037687     0.048727     0.869570    -1.051091    -0.011923    -0.050617    -0.028373     0.023634     0.004603     0.017575    -0.019407    -0.013988     0.041546    -0.029144     0.986541     0.969033    -0.003173     0.205135     0.049394    -0.035194    -0.016357    -0.027555    -0.020085     0.063395     0.047162    -0.085605     0.868673    -0.020474     1.097872     1.077648    -0.047332    -1.123864    -0.159391     0.084760    -0.007993     0.005316     0.037937    -0.034133     0.005257    -0.008634    -0.067673     0.008560     0.005472     0.009590     0.221451    -0.003708    -0.035306    -0.056259    -0.078135    -0.007472     0.071452    -0.029015     0.014303     0.014723     0.009298    -0.032635     0.152388     0.007517    -0.098292     0.135950     0.098848    -0.072818     0.124225     0.010038    -0.161407
     0.011007     0.298719    -0.012197    -0.012150     0.859245     0.937042    -0.020790    -0.011534    -0.005666    -0.045625    -0.135964    -0.082623    -0.003157     0.055009    -0.000033    -0.007513     0.075928    -0.019920     0.086394     0.165172    -0.008210    -1.103554     0.952310     0.042855     0.074992     0.046319    -0.045991     0.887714    -6.462330     0.003901     0.020669     0.033954    -0.002163    -1.003875     0.895416    -0.059347     0.009174     0.823889     1.059063     0.053157     0.279969     0.008358    -0.013467     0.033284     0.021792     1.079058     0.903700     0.045530     0.049394    -0.003182    -0.031991    -0.027555    -0.063132     0.004282     0.026155     0.042804    -0.051917     0.010498    -0.106736     0.028646     0.078389    -0.148666    -0.032597     0.014524     1.257025    -1.609527    -0.002446     0.076681     0.012845    -0.030017     0.036899    -0.002050     0.036705    -0.032919    -0.051424    -0.019509    -0.023215    -0.023981     0.068689    -0.023376    -0.039101    -0.085242    -0.051406     0.007848    -0.060281     0.030791     0.002998    -0.055011     0.010583    -0.020847    -0.011922     0.179487    -0.116660    -0.049224     0.056292     0.042404
    -0.014345     0.007856    -0.059621     0.002843     1.040315     0.889099    -0.018035     0.010189    -0.043374     0.938854    -0.013197     0.817114    -0.027587     0.018647     0.030961    -0.024801     0.036989    -0.070727    -0.004655    -0.017061     0.146246    -0.044879     0.031354    -0.101453    -0.025614    -0.045991     0.186476    -0.333861     0.003901    -6.534912    -0.051774    -0.018591     0.084522     0.111534    -0.123166    -0.113951    -0.007730     0.981340     0.904866    -0.018996    -0.021719    -0.027773     0.076572     0.002589     0.227145    -0.054277    -0.006953    -0.152724    -0.035194    -0.031991     0.006993    -0.020085     0.004282     0.118988    -0.029253    -0.048191    -0.010915     1.034294     0.012168     0.892217    -1.260810     0.105402     1.031625    -0.000974    -1.600985     1.314018    -0.044729     0.014129    -0.068969    -0.028672    -0.034825    -0.007166    -0.038149    -0.013070     0.034805    -0.005679    -0.032982    -0.059628    -0.018574    -0.024817     0.222335    -0.110855    -0.134853     0.051357     0.015072    -0.041602     0.013183    -0.040414     0.036707     0.040085     0.051662    -0.158067     0.242489     0.039017     0.018099     0.063135
