1.977340 1.920994 -3.914723
-0.071015 -6.055730 -2.138901
-8.199138 1.912561 -2.105243
-8.270153 -4.143169 -4.244144
-6.221798 3.833555 -6.019966
1.906325 -4.134736 -6.053624
32 2
direct
0.125000 0.187500 0.062500 Al
0.625000 0.687500 0.562500 Al
0.125000 0.937500 0.312500 Al
0.625000 0.437500 0.812500 Al
0.250000 0.625000 0.875000 Al
0.750000 0.125000 0.375000 Al
0.250000 0.375000 0.125000 Al
0.750000 0.875000 0.625000 Al
0.250000 0.125000 0.375000 Al
0.750000 0.625000 0.875000 Al
0.250000 0.875000 0.625000 Al
0.750000 0.375000 0.125000 Al
0.875000 0.562500 0.187500 Al
0.375000 0.062500 0.687500 Al
0.875000 0.312500 0.437500 Al
0.375000 0.812500 0.937500 Al
0.375000 0.562500 0.187500 Al
0.875000 0.062500 0.687500 Al
0.375000 0.312500 0.437500 Al
0.875000 0.812500 0.937500 Al
0.500000 0.750000 0.250000 Al
0.000000 0.250000 0.750000 Al
0.000000 0.000000 0.000000 Al
0.500000 0.500000 0.500000 Al
0.625000 0.187500 0.062500 Ni
0.125000 0.687500 0.562500 Ni
0.625000 0.937500 0.312500 Ni
0.125000 0.437500 0.812500 Ni
0.500000 0.250000 0.750000 Ni
0.000000 0.750000 0.250000 Ni
0.500000 0.000000 1.000000 Ni
0.000000 0.500000 0.500000 Ni
-3.5037057879 0.07906427532 0.66830744448 0.03205974258 0.01350530046 -0.019203359219999997 0.63244782684 -0.7268303232 0.02145042018 -0.09378160722 0.00215694108 -0.010318186620000001 -0.00222007896 0.0263762541 -0.014761582379999999 0.12393426204 0.021040023959999998 -0.044963074619999994 0.49878844254 -0.0011181340800000001 0.68728361526 0.06603925445999999 0.05721290262 0.0017818912799999998 -0.05538676086 -0.01543586256 -0.009634192920000001 0.02495511216 0.00649402776 -0.02863626642 -0.08159437745999999 0.01898696358 0.0139888179 0.5416609518 0.6178338360000001 0.033035411699999996 -0.047616754319999996 0.06269780357999999 0.014411356019999998 0.84889257408 -0.03941476596 -0.9689808218399999 0.75027930012 -0.044465526539999994 -0.83466199746 -0.11093325516000001 -0.06294603798 0.01865616426 -0.011151120959999998 -0.0030843124199999997 -0.024204203100000002 -0.013465636919999998 -0.02259040968 -0.01840199382 0.03562244586 -0.049742396280000004 -0.04716750402 0.07307076366 -0.00450383544 0.00266474232 -0.0014084604 0.02053653984 -0.05197920408 -0.07999002774 0.06644479392 -0.0004924215 0.44040802877999996 0.028101483179999998 0.5412117015 -0.01507996998 -0.0063421191 -0.013491 0.005215022049734013 0.009626202471046607 -0.007283521448018438 0.062094776088553634 0.003769698884176292 0.034374974032821325 -0.07475289408778975 0.03460299445514087 0.0014206507987447865 -0.048642764995901325 0.12856332610680024 0.006879212985406477 0.1464285073277662 0.0015201361487969423 -0.040509638658437465 0.006390938887350496 -0.004216189135210368 -0.0010346476405424215 -0.1311173140133392 -0.2343082943842378 0.06315210638890795 -0.05415823280279285 -0.002371332803843188 0.05760520121139994
0.07906427532 -3.9614964305399996 0.92829628296 0.01350530046 -0.03249685098 -0.011229908399999999 -0.7507558022399999 0.69123000258 -0.02566824642 -0.0120353211 -0.01313321868 0.00891161496 0.03876854706 -0.04459072302 0.0111894354 0.06943224095999999 0.01335015396 0.031646378339999996 0.01135483506 -0.05652567108 0.011222893079999999 0.01797567822 0.024170475599999998 -0.02442221766 0.02522088486 0.530641503 0.65784058704 0.01548658872 0.2501325837 0.02079017064 -0.00951628158 0.05040750258 -0.028098784979999996 0.68295192498 0.57933915624 -0.0180927801 -0.01897698024 0.8562211551 -1.1437035723 -0.0475975971 -0.10637491608 -0.00117830394 -0.01122505164 -0.0746011827 0.00940646484 -0.029476216080000003 0.9347123327399999 -1.1504477231999999 0.046016182079999995 0.037129930199999994 0.019876560119999998 0.0019224675 0.021083464979999997 -0.046407151259999994 -0.05610475187999999 0.0013647495599999999 0.00738524322 -0.00410153382 0.08849880144 -0.01996587054 -0.05966718533999999 0.20538212724 0.021654943739999998 0.00457290936 0.53884591974 0.63111626514 0.028101483179999998 -0.19035854964 -0.01338496074 -0.0063421191 -0.03194291052 0.03662347806 -0.07132582274919308 -0.08277977007139789 -0.02595572782860748 0.0014489046381595987 -0.010044836824066077 -0.022071023879770894 0.03497705937133697 0.03722383651691487 0.033064155060534124 0.19257259827175757 -0.024929039016069226 0.02890725919395484 0.013015071435223246 -0.03214292071905116 -0.048513831982233725 0.07946571409046048 -0.04473418456305222 0.030342633824507345 -0.26691561271733244 -0.15505428511868832 0.018593016041947522 0.0031608485418570978 -0.0026379535419829665 0.004959941612200285
0.66830744448 0.92829628296 -5.5833701500799995 -0.019203359219999997 -0.011229908399999999 0.13998450474000002 0.01736318682 -0.04996715634 -0.0748467189 -0.033525674639999996 -0.051373728 0.08306921358 -0.0122687154 0.01299480102 0.054008790120000004 0.0024375538800000002 -0.0036387925199999997 0.01298454786 0.5598063468 -0.02608700706 0.52750592478 -0.02510863974 -0.02397107862 -0.00295695738 0.04299149988 0.57392224992 0.55706173776 -0.0200179458 -0.01754720406 -0.0584187282 0.04298556384 -0.004678678800000001 0.18791586918 0.0036239524200000002 -0.03652931088 -0.18357986178 0.07918893216 -1.02700399392 0.9332698750199999 -0.84294250344 -0.0042415704 0.76614957288 -0.8022150631799999 0.06609294864 0.7569894536999999 -0.01208955492 -1.00464562944 0.88436688876 -0.02132738226 0.014851432440000001 -0.060728657219999996 -0.039655445399999996 -0.01891735002 -0.008933470379999999 -0.01673909316 0.033301184399999996 -0.01145736666 0.01408946076 0.00882689148 0.0308701062 0.0296909928 0.0193339521 -0.0472238964 0.03190135824 0.60832106208 0.54328742676 0.5412117015 -0.01338496074 0.45532017072000003 -0.013491 0.03662347806 -0.00791678862 -0.024883673696445445 -0.01809320164328549 -0.03169523664381646 0.014175866499631802 0.03672123652845137 -0.006396510066953417 -0.026814485370257688 0.04305208626437036 -0.010667615115392576 -0.03175413197104733 0.00805791541282442 -0.022854172555381462 0.049174414706580044 -0.03515891859123232 -0.06013133321992429 -0.020838599363324786 0.01128163869591448 -0.011642969487303912 -0.1140201596947759 -0.11014222074974285 -0.034394075220031343 -0.010279622250189165 0.006762218213745142 0.23268747906118808
0.03205974258 0.01350530046 -0.019203359219999997 -3.5037057879 0.07906427532 0.66830744448 -0.09378160722 0.00215694108 -0.010318186620000001 0.63244782684 -0.7268303232 0.02145042018 0.12393426204 0.021040023959999998 -0.044963074619999994 -0.00222007896 0.0263762541 -0.014761582379999999 0.06603925445999999 0.05721290262 0.0017818912799999998 0.49878844254 -0.0011181340800000001 0.68728361526 0.02495511216 0.00649402776 -0.02863626642 -0.05538676086 -0.01543586256 -0.009634192920000001 0.5416609518 0.6178338360000001 0.033035411699999996 -0.08159437745999999 0.01898696358 0.0139888179 0.84889257408 -0.03941476596 -0.9689808218399999 -0.047616754319999996 0.06269780357999999 0.014411356019999998 -0.11093325516000001 -0.06294603798 0.01865616426 0.75027930012 -0.044465526539999994 -0.83466199746 -0.013465636919999998 -0.02259040968 -0.01840199382 -0.011151120959999998 -0.0030843124199999997 -0.024204203100000002 0.07307076366 -0.00450383544 0.00266474232 0.03562244586 -0.049742396280000004 -0.04716750402 -0.07999002774 0.06644479392 -0.0004924215 -0.0014084604 0.02053653984 -0.05197920408 -0.01507996998 -0.0063421191 -0.013491 0.44040802877999996 0.028101483179999998 0.5412117015 0.062094776088553634 0.003769698884176292 0.034374974032821325 0.005215022049734013 0.009626202471046607 -0.007283521448018438 -0.048642764995901325 0.12856332610680024 0.006879212985406477 -0.07475289408778975 0.03460299445514087 0.0014206507987447865 0.006390938887350496 -0.004216189135210368 -0.0010346476405424215 0.1464285073277662 0.0015201361487969423 -0.040509638658437465 -0.05415823280279285 -0.002371332803843188 0.05760520121139994 -0.1311173140133392 -0.2343082943842378 0.06315210638890795
0.01350530046 -0.03249685098 -0.011229908399999999 0.07906427532 -3.9614964305399996 0.92829628296 -0.0120353211 -0.01313321868 0.00891161496 -0.7507558022399999 0.69123000258 -0.02566824642 0.06943224095999999 0.01335015396 0.031646378339999996 0.03876854706 -0.04459072302 0.0111894354 0.01797567822 0.024170475599999998 -0.02442221766 0.01135483506 -0.05652567108 0.011222893079999999 0.01548658872 0.2501325837 0.02079017064 0.02522088486 0.530641503 0.65784058704 0.68295192498 0.57933915624 -0.0180927801 -0.00951628158 0.05040750258 -0.028098784979999996 -0.0475975971 -0.10637491608 -0.00117830394 -0.01897698024 0.8562211551 -1.1437035723 -0.029476216080000003 0.9347123327399999 -1.1504477231999999 -0.01122505164 -0.0746011827 0.00940646484 0.0019224675 0.021083464979999997 -0.046407151259999994 0.046016182079999995 0.037129930199999994 0.019876560119999998 -0.00410153382 0.08849880144 -0.01996587054 -0.05610475187999999 0.0013647495599999999 0.00738524322 0.00457290936 0.53884591974 0.63111626514 -0.05966718533999999 0.20538212724 0.021654943739999998 -0.0063421191 -0.03194291052 0.03662347806 0.028101483179999998 -0.19035854964 -0.01338496074 0.0014489046381595987 -0.010044836824066077 -0.022071023879770894 -0.07132582274919308 -0.08277977007139789 -0.02595572782860748 0.19257259827175757 -0.024929039016069226 0.02890725919395484 0.03497705937133697 0.03722383651691487 0.033064155060534124 0.07946571409046048 -0.04473418456305222 0.030342633824507345 0.013015071435223246 -0.03214292071905116 -0.048513831982233725 0.0031608485418570978 -0.0026379535419829665 0.004959941612200285 -0.26691561271733244 -0.15505428511868832 0.018593016041947522
-0.019203359219999997 -0.011229908399999999 0.13998450474000002 0.66830744448 0.92829628296 -5.5833701500799995 -0.033525674639999996 -0.051373728 0.08306921358 0.01736318682 -0.04996715634 -0.0748467189 0.0024375538800000002 -0.0036387925199999997 0.01298454786 -0.0122687154 0.01299480102 0.054008790120000004 -0.02510863974 -0.02397107862 -0.00295695738 0.5598063468 -0.02608700706 0.52750592478 -0.0200179458 -0.01754720406 -0.0584187282 0.04299149988 0.57392224992 0.55706173776 0.0036239524200000002 -0.03652931088 -0.18357986178 0.04298556384 -0.004678678800000001 0.18791586918 -0.84294250344 -0.0042415704 0.76614957288 0.07918893216 -1.02700399392 0.9332698750199999 -0.01208955492 -1.00464562944 0.88436688876 -0.8022150631799999 0.06609294864 0.7569894536999999 -0.039655445399999996 -0.01891735002 -0.008933470379999999 -0.02132738226 0.014851432440000001 -0.060728657219999996 0.01408946076 0.00882689148 0.0308701062 -0.01673909316 0.033301184399999996 -0.01145736666 0.03190135824 0.60832106208 0.54328742676 0.0296909928 0.0193339521 -0.0472238964 -0.013491 0.03662347806 -0.00791678862 0.5412117015 -0.01338496074 0.45532017072000003 0.014175866499631802 0.03672123652845137 -0.006396510066953417 -0.024883673696445445 -0.01809320164328549 -0.03169523664381646 -0.03175413197104733 0.00805791541282442 -0.022854172555381462 -0.026814485370257688 0.04305208626437036 -0.010667615115392576 -0.020838599363324786 0.01128163869591448 -0.011642969487303912 0.049174414706580044 -0.03515891859123232 -0.06013133321992429 -0.010279622250189165 0.006762218213745142 0.23268747906118808 -0.1140201596947759 -0.11014222074974285 -0.034394075220031343
0.63244782684 -0.7507558022399999 0.01736318682 -0.09378160722 -0.0120353211 -0.033525674639999996 -3.4550745103800002 -0.48677929397999997 1.12081663044 -0.00910723446 -0.007174243980000001 -0.00261914274 0.0593509563 -0.03686172912 0.06395570442 0.6255415141199999 0.6260943753 0.01166458842 0.00980741736 -0.00908726778 0.02527188084 0.11841509394 -0.00473561082 -0.00018104922 0.419651046 -0.02827794546 0.5544733544999999 -0.02870102322 -0.028739337660000003 0.017077177619999998 -0.14282166204000002 0.0521089875 0.0060210333 -0.01657747098 -0.02062665972 -0.05411401992 0.029657265299999996 0.053701734960000004 -0.00999521208 -0.00073849734 0.01408109634 -0.06710936058 -0.07234251947999999 -0.04563546606 0.06646826825999999 0.69558705594 0.0146161494 -0.89866546002 -0.09174095856 0.014127505379999999 -0.03299008194 0.79691633802 0.06214871988 -0.9021806749800001 0.03870109206 -0.028682135820000003 0.03674651598 0.075724983 -0.01736399628 0.00889974288 0.49848408557999996 0.59968142568 0.05118863148 -0.09235830672 0.034575814079999996 0.0280450908 -0.07999002774 0.00457290936 0.03190135824 -0.0014084604 -0.05966718533999999 0.0296909928 -0.04562597124091975 -0.017933229200401624 -0.039341680648825164 -0.08384943655515867 0.09516291056308983 0.04609235856196425 -0.03467701155557967 0.04996790985859604 -0.008680693704150916 0.023975571421169368 -0.042834810259856464 0.024111269438640507 -0.001954290216424551 -0.008696611360159262 0.017125010216577908 -0.15316446140909756 -0.07542302740574107 -0.14051708782766711 0.30694414022291766 0.005525814283296948 0.016424235410810523 0.054756338727306404 0.03897597250203343 0.027809736812179457
-0.7268303232 0.69123000258 -0.04996715634 0.00215694108 -0.01313321868 -0.051373728 -0.48677929397999997 -4.67891866998 0.8939096127 -0.007174243980000001 -0.06635764206 -0.0072195737400000005 -0.023222867759999998 0.07476064632 0.018659941739999998 0.54017667198 0.5482844931599999 -0.0120784923 0.00174141828 -0.01514526642 -0.018716064299999998 -0.0031514976000000003 -0.06585739578 -0.022468181219999998 0.03174135498 -0.1326286719 0.0024882800399999997 -0.019820437559999998 -0.006653761199999999 0.01256443812 0.052026422579999995 0.5111955756 0.64041534162 -0.061137164699999996 0.23791027733999998 0.03938940288 0.035499138119999996 0.05608937214 0.01931884218 -0.02399940972 -0.013059827639999999 -0.032364909 -0.013937552099999998 0.8630359988399999 -1.0445865444 -0.02237833116 -0.10844821296 0.06391361250000001 0.033029475659999995 0.90208596816 -1.1216349945000001 -0.0034806779999999996 -0.0952586019 0.059886549000000004 -0.030206349 0.0684236538 -0.026169302159999998 -0.06035900382000001 0.03722085954 -0.00593684946 0.59968142568 0.60075881694 -0.04933631718 0.034575814079999996 0.0396203688 -0.032395128839999995 0.06644479392 0.53884591974 0.60832106208 0.02053653984 0.20538212724 0.0193339521 0.03362326272782724 -0.0552402354699601 0.029390360053808108 0.16531560206446788 -0.026942622501124863 -0.006235343799868924 -0.11821724764277625 -0.05383908379982553 -0.025080256748148504 -0.036256440973007696 -0.037802841254218414 -0.013472306104062954 -0.010605934198360239 0.01550300106932756 -0.013594872055327209 -0.0008340851748372751 -0.025968064012013948 0.03990277802311932 -0.004174007346788253 0.017971033633421445 -0.012941452276184649 0.022342021973312965 -0.02686024863128168 0.049185955007186095
0.02145042018 -0.02566824642 -0.0748467189 -0.010318186620000001 0.00891161496 0.08306921358 1.12081663044 0.8939096127 -4.97153711088 -0.00261914274 -0.0072195737400000005 0.1221690996 -0.020204661239999998 0.027108545579999997 0.18080881038 0.02199869442 0.0415968003 -0.060967987560000006 0.029827521719999996 -0.03923641494 0.0314839467 -0.02101439106 -0.03625490394 -0.0571775562 0.5924842469999999 -0.07289942796 0.47842323839999995 0.0183706947 -0.0069492141 -0.0168165315 0.02492300358 0.5595764601600001 0.54304539822 0.04997282256 -0.00628653618 -0.03719225862 0.04509420714 0.03102012612 0.00854681832 -0.046361012039999996 -0.0221009562 -0.00883633518 0.02090187612 -0.9814119688799999 0.8909704634400001 -0.8380439213399999 0.08988027984 0.78505424136 -0.00122929992 -1.14745056264 0.9248838694199999 -0.83474941914 -0.01691177796 0.7432245864 0.03133608533999999 -0.02606434218 0.01652134842 -0.028239631019999996 0.0637206912 0.0459881208 0.05118863148 -0.04933631718 -0.17108018045999998 0.0280450908 -0.032395128839999995 0.20281182192 -0.0004924215 0.63111626514 0.54328742676 -0.05197920408 0.021654943739999998 -0.0472238964 -0.02907956782024517 0.023431187585683973 -0.07898022558220597 -0.007721654929648133 0.04779475187205674 0.04877488154077059 -0.007962011535374142 -0.03554929910483698 -0.040181734944665565 0.0018643554599774017 0.02806521519111339 -0.02477423981138807 -0.014304401571899186 -0.0017596968717225338 0.008820769077024351 -0.21028417411224298 -0.04013835933204283 -0.11759566317565037 0.04129915439645138 0.010367169358235062 0.020807957875508723 0.025558980252599478 0.00767907519982581 0.022229802498454136
-0.09378160722 -0.0120353211 -0.033525674639999996 0.63244782684 -0.7507558022399999 0.01736318682 -0.00910723446 -0.007174243980000001 -0.00261914274 -3.4550745103800002 -0.48677929397999997 1.12081663044 0.6255415141199999 0.6260943753 0.01166458842 0.0593509563 -0.03686172912 0.06395570442 0.11841509394 -0.00473561082 -0.00018104922 0.00980741736 -0.00908726778 0.02527188084 -0.02870102322 -0.028739337660000003 0.017077177619999998 0.419651046 -0.02827794546 0.5544733544999999 -0.01657747098 -0.02062665972 -0.05411401992 -0.14282166204000002 0.0521089875 0.0060210333 -0.00073849734 0.01408109634 -0.06710936058 0.029657265299999996 0.053701734960000004 -0.00999521208 0.69558705594 0.0146161494 -0.89866546002 -0.07234251947999999 -0.04563546606 0.06646826825999999 0.79691633802 0.06214871988 -0.9021806749800001 -0.09174095856 0.014127505379999999 -0.03299008194 0.075724983 -0.01736399628 0.00889974288 0.03870109206 -0.028682135820000003 0.03674651598 -0.09235830672 0.034575814079999996 0.0280450908 0.49848408557999996 0.59968142568 0.05118863148 -0.0014084604 -0.05966718533999999 0.0296909928 -0.07999002774 0.00457290936 0.03190135824 -0.08384943655515867 0.09516291056308983 0.04609235856196425 -0.04562597124091975 -0.017933229200401624 -0.039341680648825164 0.023975571421169368 -0.042834810259856464 0.024111269438640507 -0.03467701155557967 0.04996790985859604 -0.008680693704150916 -0.15316446140909756 -0.07542302740574107 -0.14051708782766711 -0.001954290216424551 -0.008696611360159262 0.017125010216577908 0.054756338727306404 0.03897597250203343 0.027809736812179457 0.30694414022291766 0.005525814283296948 0.016424235410810523
0.00215694108 -0.01313321868 -0.051373728 -0.7268303232 0.69123000258 -0.04996715634 -0.007174243980000001 -0.06635764206 -0.0072195737400000005 -0.48677929397999997 -4.67891866998 0.8939096127 0.54017667198 0.5482844931599999 -0.0120784923 -0.023222867759999998 0.07476064632 0.018659941739999998 -0.0031514976000000003 -0.06585739578 -0.022468181219999998 0.00174141828 -0.01514526642 -0.018716064299999998 -0.019820437559999998 -0.006653761199999999 0.01256443812 0.03174135498 -0.1326286719 0.0024882800399999997 -0.061137164699999996 0.23791027733999998 0.03938940288 0.052026422579999995 0.5111955756 0.64041534162 -0.02399940972 -0.013059827639999999 -0.032364909 0.035499138119999996 0.05608937214 0.01931884218 -0.02237833116 -0.10844821296 0.06391361250000001 -0.013937552099999998 0.8630359988399999 -1.0445865444 -0.0034806779999999996 -0.0952586019 0.059886549000000004 0.033029475659999995 0.90208596816 -1.1216349945000001 -0.06035900382000001 0.03722085954 -0.00593684946 -0.030206349 0.0684236538 -0.026169302159999998 0.034575814079999996 0.0396203688 -0.032395128839999995 0.59968142568 0.60075881694 -0.04933631718 0.02053653984 0.20538212724 0.0193339521 0.06644479392 0.53884591974 0.60832106208 0.16531560206446788 -0.026942622501124863 -0.006235343799868924 0.03362326272782724 -0.0552402354699601 0.029390360053808108 -0.036256440973007696 -0.037802841254218414 -0.013472306104062954 -0.11821724764277625 -0.05383908379982553 -0.025080256748148504 -0.0008340851748372751 -0.025968064012013948 0.03990277802311932 -0.010605934198360239 0.01550300106932756 -0.013594872055327209 0.022342021973312965 -0.02686024863128168 0.049185955007186095 -0.004174007346788253 0.017971033633421445 -0.012941452276184649
-0.010318186620000001 0.00891161496 0.08306921358 0.02145042018 -0.02566824642 -0.0748467189 -0.00261914274 -0.0072195737400000005 0.1221690996 1.12081663044 0.8939096127 -4.97153711088 0.02199869442 0.0415968003 -0.060967987560000006 -0.020204661239999998 0.027108545579999997 0.18080881038 -0.02101439106 -0.03625490394 -0.0571775562 0.029827521719999996 -0.03923641494 0.0314839467 0.0183706947 -0.0069492141 -0.0168165315 0.5924842469999999 -0.07289942796 0.47842323839999995 0.04997282256 -0.00628653618 -0.03719225862 0.02492300358 0.5595764601600001 0.54304539822 -0.046361012039999996 -0.0221009562 -0.00883633518 0.04509420714 0.03102012612 0.00854681832 -0.8380439213399999 0.08988027984 0.78505424136 0.02090187612 -0.9814119688799999 0.8909704634400001 -0.83474941914 -0.01691177796 0.7432245864 -0.00122929992 -1.14745056264 0.9248838694199999 -0.028239631019999996 0.0637206912 0.0459881208 0.03133608533999999 -0.02606434218 0.01652134842 0.0280450908 -0.032395128839999995 0.20281182192 0.05118863148 -0.04933631718 -0.17108018045999998 -0.05197920408 0.021654943739999998 -0.0472238964 -0.0004924215 0.63111626514 0.54328742676 -0.007721654929648133 0.04779475187205674 0.04877488154077059 -0.02907956782024517 0.023431187585683973 -0.07898022558220597 0.0018643554599774017 0.02806521519111339 -0.02477423981138807 -0.007962011535374142 -0.03554929910483698 -0.040181734944665565 -0.21028417411224298 -0.04013835933204283 -0.11759566317565037 -0.014304401571899186 -0.0017596968717225338 0.008820769077024351 0.025558980252599478 0.00767907519982581 0.022229802498454136 0.04129915439645138 0.010367169358235062 0.020807957875508723
-0.00222007896 0.03876854706 -0.0122687154 0.12393426204 0.06943224095999999 0.0024375538800000002 0.0593509563 -0.023222867759999998 -0.020204661239999998 0.6255415141199999 0.54017667198 0.02199869442 -4.30418968596 0.16145597088 0.7065072109799999 0.08465251734 -0.00097027272 -0.00272680092 0.72474542406 -0.83580819282 -0.05205151584 0.042008275799999995 0.06167221776 -0.02935021014 -0.03538851192 0.0053815599 -0.02908308834 -0.05224578624 -0.01798134444 -0.00589718592 0.70423181892 -0.71280669852 -0.04823680068 0.01304201952 -0.06181225434 0.00666563328 0.07846365599999999 0.0006043967999999999 -0.035339674499999994 -0.0562062042 -0.02162175588 -0.01821042162 0.0142761762 0.017997263819999998 -0.00554453118 0.44362347372000005 0.07488962028 0.5456391778799999 -0.0109560411 0.012261430260000001 -0.036208225079999996 0.026057057039999998 0.04560875388 -0.04078761012 0.013423545 0.02414133504 0.022949540100000002 0.62487047178 0.74648509128 -0.0422726994 -0.00073849734 -0.02399940972 -0.046361012039999996 0.029657265299999996 0.035499138119999996 0.04509420714 -0.047616754319999996 -0.01897698024 0.07918893216 0.84889257408 -0.0475975971 -0.84294250344 -0.033589437708809504 0.009846264065361975 -0.020892719393753156 0.04061748077789401 -0.04843225399519096 -0.04372341340652231 0.03796520134550353 0.020792438160900584 0.037796474191815074 -0.14609264478599013 0.03497904907833802 -0.13954252933855618 0.06961666443529704 0.11490836490004154 -0.08406392696987113 -0.028705900845449276 -0.08955750799975118 0.06712594921139127 0.031355394688038295 -0.05846754022565203 0.028645413752617567 0.08194807254496186 -0.02212792950000073 0.009476178563167955
0.0263762541 -0.04459072302 0.01299480102 0.021040023959999998 0.01335015396 -0.0036387925199999997 -0.03686172912 0.07476064632 0.027108545579999997 0.6260943753 0.5482844931599999 0.0415968003 0.16145597088 -4.36274683182 0.7219222974 -0.00097027272 0.03376419552 -0.0683251695 -0.80500850964 0.6970721452199999 0.006099011279999999 0.038527867619999996 0.13369796856 0.0030497754599999997 0.02390928984 0.06621895458 0.02224908738 0.00081512622 0.044326569239999995 -0.010418289839999999 -0.74240676198 0.64298402802 -0.0302765022 0.01765243386 -0.01429695234 -0.01864833948 0.0006043967999999999 -0.01789527186 -0.0053912734199999994 -0.02162175588 -0.024183157139999998 -0.031458043979999996 0.015157678139999999 -0.01736750394 0.02871478404 -0.08744218632 -0.08978962032 -0.06296492538 -0.0164563218 0.4990366769399999 0.6103773603 -0.00420055776 0.226028214 -0.01602784764 -0.009588323519999999 -0.01651109526 -0.00866850714 0.6744245337 0.58757325318 -0.07233658343999999 0.01408109634 -0.013059827639999999 -0.0221009562 0.053701734960000004 0.05608937214 0.03102012612 0.06269780357999999 0.8562211551 -1.02700399392 -0.03941476596 -0.10637491608 -0.0042415704 0.03435905637681298 0.2112312746447395 -0.02450085406944475 0.07374888793506339 -0.1185057551579275 -0.2037364463132103 0.022806419587356432 0.045873490791849506 -0.021596279789322007 -0.015198973839568171 0.02952884366108071 -0.027645784955293504 -0.05235038502164507 0.020141406030159275 0.10569522560241149 -0.007958032121372055 0.001765665992725663 -0.0043303983170702425 -0.011812492523792784 0.031826159364485095 -0.012813713086717683 -0.003941211627666209 0.02078527521569683 0.028385558018281333
-0.014761582379999999 0.0111894354 0.054008790120000004 -0.044963074619999994 0.031646378339999996 0.01298454786 0.06395570442 0.018659941739999998 0.18080881038 0.01166458842 -0.0120784923 -0.060967987560000006 0.7065072109799999 0.7219222974 -3.0094621934399997 -0.00272680092 -0.0683251695 0.15873888348 -0.04956755292 -0.00247721742 -0.08038963115999999 -0.00832691502 -0.03854054916 0.11244667554000001 -0.04857488514 -0.01680951618 -0.06261901614 -0.032808762899999996 -0.0026253485999999998 0.02393249436 0.01712115828 -0.07884707022000001 -0.11383489944 -0.010917996479999999 -0.0409262976 0.037313407800000004 -0.035339674499999994 -0.0053912734199999994 -0.10791208062 -0.01821042162 -0.031458043979999996 0.04514142564 0.00860294088 0.03929604516 -0.03155463954 0.49483396062 0.06512213628 0.49017551832 0.0251323839 0.6419651877 0.56221907724 -0.0007101662399999999 0.01792899936 -0.04519727838 0.01117486512 -0.00684452394 0.16430877774 0.01199592738 0.00365660064 -0.07780907268 -0.06710936058 -0.032364909 -0.00883633518 -0.00999521208 0.01931884218 0.00854681832 0.014411356019999998 -1.1437035723 0.9332698750199999 -0.9689808218399999 -0.00117830394 0.76614957288 0.0023924236980542453 0.001609275022443674 0.02248289322898682 0.012664883003039657 -0.14166793435707045 -0.05928610568588117 -0.06258782548341212 0.04735661839042705 0.0256429458880435 -0.16625195817915878 0.02389757490672848 -0.09006010798821465 0.09567506114515835 -0.1247219977705864 0.0798170963468447 0.08348333046696674 0.05151629984680779 -0.029649817846744128 0.018380515334236118 -0.045218081305705905 -0.005067783731656822 -0.0026367597177823403 0.014703138854908227 0.06770376012449418
0.12393426204 0.06943224095999999 0.0024375538800000002 -0.00222007896 0.03876854706 -0.0122687154 0.6255415141199999 0.54017667198 0.02199869442 0.0593509563 -0.023222867759999998 -0.020204661239999998 0.08465251734 -0.00097027272 -0.00272680092 -4.30418968596 0.16145597088 0.7065072109799999 0.042008275799999995 0.06167221776 -0.02935021014 0.72474542406 -0.83580819282 -0.05205151584 -0.05224578624 -0.01798134444 -0.00589718592 -0.03538851192 0.0053815599 -0.02908308834 0.01304201952 -0.06181225434 0.00666563328 0.70423181892 -0.71280669852 -0.04823680068 -0.0562062042 -0.02162175588 -0.01821042162 0.07846365599999999 0.0006043967999999999 -0.035339674499999994 0.44362347372000005 0.07488962028 0.5456391778799999 0.0142761762 0.017997263819999998 -0.00554453118 0.026057057039999998 0.04560875388 -0.04078761012 -0.0109560411 0.012261430260000001 -0.036208225079999996 0.62487047178 0.74648509128 -0.0422726994 0.013423545 0.02414133504 0.022949540100000002 0.029657265299999996 0.035499138119999996 0.04509420714 -0.00073849734 -0.02399940972 -0.046361012039999996 0.84889257408 -0.0475975971 -0.84294250344 -0.047616754319999996 -0.01897698024 0.07918893216 0.04061748077789401 -0.04843225399519096 -0.04372341340652231 -0.033589437708809504 0.009846264065361975 -0.020892719393753156 -0.14609264478599013 0.03497904907833802 -0.13954252933855618 0.03796520134550353 0.020792438160900584 0.037796474191815074 -0.028705900845449276 -0.08955750799975118 0.06712594921139127 0.06961666443529704 0.11490836490004154 -0.08406392696987113 0.08194807254496186 -0.02212792950000073 0.009476178563167955 0.031355394688038295 -0.05846754022565203 0.028645413752617567
0.021040023959999998 0.01335015396 -0.0036387925199999997 0.0263762541 -0.04459072302 0.01299480102 0.6260943753 0.5482844931599999 0.0415968003 -0.03686172912 0.07476064632 0.027108545579999997 -0.00097027272 0.03376419552 -0.0683251695 0.16145597088 -4.36274683182 0.7219222974 0.038527867619999996 0.13369796856 0.0030497754599999997 -0.80500850964 0.6970721452199999 0.006099011279999999 0.00081512622 0.044326569239999995 -0.010418289839999999 0.02390928984 0.06621895458 0.02224908738 0.01765243386 -0.01429695234 -0.01864833948 -0.74240676198 0.64298402802 -0.0302765022 -0.02162175588 -0.024183157139999998 -0.031458043979999996 0.0006043967999999999 -0.01789527186 -0.0053912734199999994 -0.08744218632 -0.08978962032 -0.06296492538 0.015157678139999999 -0.01736750394 0.02871478404 -0.00420055776 0.226028214 -0.01602784764 -0.0164563218 0.4990366769399999 0.6103773603 0.6744245337 0.58757325318 -0.07233658343999999 -0.009588323519999999 -0.01651109526 -0.00866850714 0.053701734960000004 0.05608937214 0.03102012612 0.01408109634 -0.013059827639999999 -0.0221009562 -0.03941476596 -0.10637491608 -0.0042415704 0.06269780357999999 0.8562211551 -1.02700399392 0.07374888793506339 -0.1185057551579275 -0.2037364463132103 0.03435905637681298 0.2112312746447395 -0.02450085406944475 -0.015198973839568171 0.02952884366108071 -0.027645784955293504 0.022806419587356432 0.045873490791849506 -0.021596279789322007 -0.007958032121372055 0.001765665992725663 -0.0043303983170702425 -0.05235038502164507 0.020141406030159275 0.10569522560241149 -0.003941211627666209 0.02078527521569683 0.028385558018281333 -0.011812492523792784 0.031826159364485095 -0.012813713086717683
-0.044963074619999994 0.031646378339999996 0.01298454786 -0.014761582379999999 0.0111894354 0.054008790120000004 0.01166458842 -0.0120784923 -0.060967987560000006 0.06395570442 0.018659941739999998 0.18080881038 -0.00272680092 -0.0683251695 0.15873888348 0.7065072109799999 0.7219222974 -3.0094621934399997 -0.00832691502 -0.03854054916 0.11244667554000001 -0.04956755292 -0.00247721742 -0.08038963115999999 -0.032808762899999996 -0.0026253485999999998 0.02393249436 -0.04857488514 -0.01680951618 -0.06261901614 -0.010917996479999999 -0.0409262976 0.037313407800000004 0.01712115828 -0.07884707022000001 -0.11383489944 -0.01821042162 -0.031458043979999996 0.04514142564 -0.035339674499999994 -0.0053912734199999994 -0.10791208062 0.49483396062 0.06512213628 0.49017551832 0.00860294088 0.03929604516 -0.03155463954 -0.0007101662399999999 0.01792899936 -0.04519727838 0.0251323839 0.6419651877 0.56221907724 0.01199592738 0.00365660064 -0.07780907268 0.01117486512 -0.00684452394 0.16430877774 -0.00999521208 0.01931884218 0.00854681832 -0.06710936058 -0.032364909 -0.00883633518 -0.9689808218399999 -0.00117830394 0.76614957288 0.014411356019999998 -1.1437035723 0.9332698750199999 0.012664883003039657 -0.14166793435707045 -0.05928610568588117 0.0023924236980542453 0.001609275022443674 0.02248289322898682 -0.16625195817915878 0.02389757490672848 -0.09006010798821465 -0.06258782548341212 0.04735661839042705 0.0256429458880435 0.08348333046696674 0.05151629984680779 -0.029649817846744128 0.09567506114515835 -0.1247219977705864 0.0798170963468447 -0.0026367597177823403 0.014703138854908227 0.06770376012449418 0.018380515334236118 -0.045218081305705905 -0.005067783731656822
0.49878844254 0.01135483506 0.5598063468 0.06603925445999999 0.01797567822 -0.02510863974 0.00980741736 0.00174141828 0.029827521719999996 0.11841509394 -0.0031514976000000003 -0.02101439106 0.72474542406 -0.80500850964 -0.04956755292 0.042008275799999995 0.038527867619999996 -0.00832691502 -3.8881539581399998 0.9044172129599999 -0.85021846956 0.051414201 0.049462053299999996 -0.04112488512 0.66581403786 -0.7643245103999999 -0.02038840866 0.05989896072 0.08029249596 -0.01969065414 -0.0008013654 0.02105378478 -0.03419347914 0.059375779739999995 0.01234399518 0.013423275179999998 0.62487047178 0.6744245337 0.01199592738 0.013423545 -0.009588323519999999 0.01117486512 0.15136821054 0.029529100799999996 0.02631797298 -0.02218918734 0.0365619591 -0.009964182779999999 0.48778275456 0.018224722080000002 0.63635347134 0.04592903022 0.027154954619999998 -0.023070419459999998 -0.0886588047 -0.07816199724 -0.039971944259999996 0.00776865744 0.02711448162 -0.0634643622 0.03870109206 -0.030206349 0.03133608533999999 0.075724983 -0.06035900382000001 -0.028239631019999996 0.07307076366 -0.00410153382 0.01408946076 0.03562244586 -0.05610475187999999 -0.01673909316 -0.08380645888393613 -0.1846507788178045 0.007338835302647438 -0.02868998318944093 -0.05248687892191663 -0.037599095257311595 -0.019587471601068874 0.056282046055706275 0.007538999826952375 0.03652584730094894 -0.0019109146038018107 -0.08182869012489928 0.03494840759052196 0.020694146635049055 0.026894073650299413 0.15720237279701446 0.09972292106808046 -0.08588809034842745 0.09507854698624561 0.015895371289933263 -0.06349513187588778 -0.040846695024414174 -0.03713589146746876 0.1281096729105624
-0.0011181340800000001 -0.05652567108 -0.02608700706 0.05721290262 0.024170475599999998 -0.02397107862 -0.00908726778 -0.01514526642 -0.03923641494 -0.00473561082 -0.06585739578 -0.03625490394 -0.83580819282 0.6970721452199999 -0.00247721742 0.06167221776 0.13369796856 -0.03854054916 0.9044172129599999 -3.29429362914 -0.222169788 0.049462053299999996 0.04592363382 -0.06859984626 -0.78106036572 0.6654427655399999 0.014892714900000001 0.0436528287 0.12677007023999998 -0.00200395314 -0.028970573399999998 0.05232187548 -0.015425339580000001 0.02323770786 0.01453088628 0.011958692219999999 0.74648509128 0.58757325318 0.00365660064 0.02414133504 -0.01651109526 -0.00684452394 0.02518553844 -0.06370261326 -0.015368407559999998 -0.0426828258 0.01203370218 -0.05445129492 0.0050645214 -0.06558622668 -0.009162277739999999 0.02078099676 0.03422073096 -0.035671553099999996 -0.07816199724 0.5537699337599999 0.72370877562 0.02711448162 0.22689001908 -0.00787280796 -0.028682135820000003 0.0684236538 -0.02606434218 -0.01736399628 0.03722085954 0.0637206912 -0.00450383544 0.08849880144 0.00882689148 -0.049742396280000004 0.0013647495599999999 0.033301184399999996 -0.22681465987690924 -0.10377834187760654 -0.04210737338027509 -0.003649122639913079 -0.025324194826476392 0.002027113492662729 0.03691503399035297 0.1323258620457728 -2.5468249613351914e-05 -0.04107670515373476 -0.12829949095846194 -0.1901805725151035 0.044008737390471904 0.13013320493062328 -0.06810806858710615 0.036431535189099494 -0.0034298569283981273 0.0930617799699883 0.015536826088345293 0.05824270333453416 -0.026285621249380428 0.021940897041902673 0.14337032766716293 -0.03333236756427473
0.68728361526 0.011222893079999999 0.52750592478 0.0017818912799999998 -0.02442221766 -0.00295695738 0.02527188084 -0.018716064299999998 0.0314839467 -0.00018104922 -0.022468181219999998 -0.0571775562 -0.05205151584 0.006099011279999999 -0.08038963115999999 -0.02935021014 0.0030497754599999997 0.11244667554000001 -0.85021846956 -0.222169788 -2.3734926759599997 -0.04112488512 -0.06859984626 0.11178939402 -0.00994070844 0.030805079579999995 -0.0572193783 0.03138654168 -0.02591944884 0.121445982 0.041229845099999995 -0.03519154332 -0.0275688585 -0.00387569448 0.0287196408 -0.00402220674 -0.0422726994 -0.07233658343999999 -0.07780907268 0.022949540100000002 -0.00866850714 0.16430877774 -0.02928032676 0.010669762079999999 -0.04673336364 0.01585408356 -0.018970234739999998 0.07021363968 0.61503067602 0.03423584088 0.52479099594 -0.067927185 -0.03981652794 -0.029690722979999997 -0.039971944259999996 0.72370877562 0.6202905471 -0.0634643622 -0.00787280796 -0.06229226412 0.03674651598 -0.026169302159999998 0.01652134842 0.00889974288 -0.00593684946 0.0459881208 0.00266474232 -0.01996587054 0.0308701062 -0.04716750402 0.00738524322 -0.01145736666 -0.16390728744912958 -0.1376284312035527 0.08109170265171291 -0.07712820630563502 0.03978299766165652 0.0935592067202491 -0.02117883926050316 -0.017283390893860943 -0.02872460409125908 -0.04374490224213358 -0.06395833566573061 -0.08504166899018371 -0.01278545924730287 0.0072079125819788 0.06819442187095141 -0.0076858402036293575 -0.04874503593575493 0.07732399347453765 0.023521918224931535 -0.08618893404698516 0.12941651246884756 0.12296628031286595 0.01019446279054452 0.05632263607852754
0.06603925445999999 0.01797567822 -0.02510863974 0.49878844254 0.01135483506 0.5598063468 0.11841509394 -0.0031514976000000003 -0.02101439106 0.00980741736 0.00174141828 0.029827521719999996 0.042008275799999995 0.038527867619999996 -0.00832691502 0.72474542406 -0.80500850964 -0.04956755292 0.051414201 0.049462053299999996 -0.04112488512 -3.8881539581399998 0.9044172129599999 -0.85021846956 0.05989896072 0.08029249596 -0.01969065414 0.66581403786 -0.7643245103999999 -0.02038840866 0.059375779739999995 0.01234399518 0.013423275179999998 -0.0008013654 0.02105378478 -0.03419347914 0.013423545 -0.009588323519999999 0.01117486512 0.62487047178 0.6744245337 0.01199592738 -0.02218918734 0.0365619591 -0.009964182779999999 0.15136821054 0.029529100799999996 0.02631797298 0.04592903022 0.027154954619999998 -0.023070419459999998 0.48778275456 0.018224722080000002 0.63635347134 0.00776865744 0.02711448162 -0.0634643622 -0.0886588047 -0.07816199724 -0.039971944259999996 0.075724983 -0.06035900382000001 -0.028239631019999996 0.03870109206 -0.030206349 0.03133608533999999 0.03562244586 -0.05610475187999999 -0.01673909316 0.07307076366 -0.00410153382 0.01408946076 -0.02868998318944093 -0.05248687892191663 -0.037599095257311595 -0.08380645888393613 -0.1846507788178045 0.007338835302647438 0.03652584730094894 -0.0019109146038018107 -0.08182869012489928 -0.019587471601068874 0.056282046055706275 0.007538999826952375 0.15720237279701446 0.09972292106808046 -0.08588809034842745 0.03494840759052196 0.020694146635049055 0.026894073650299413 -0.040846695024414174 -0.03713589146746876 0.1281096729105624 0.09507854698624561 0.015895371289933263 -0.06349513187588778
0.05721290262 0.024170475599999998 -0.02397107862 -0.0011181340800000001 -0.05652567108 -0.02608700706 -0.00473561082 -0.06585739578 -0.03625490394 -0.00908726778 -0.01514526642 -0.03923641494 0.06167221776 0.13369796856 -0.03854054916 -0.83580819282 0.6970721452199999 -0.00247721742 0.049462053299999996 0.04592363382 -0.06859984626 0.9044172129599999 -3.29429362914 -0.222169788 0.0436528287 0.12677007023999998 -0.00200395314 -0.78106036572 0.6654427655399999 0.014892714900000001 0.02323770786 0.01453088628 0.011958692219999999 -0.028970573399999998 0.05232187548 -0.015425339580000001 0.02414133504 -0.01651109526 -0.00684452394 0.74648509128 0.58757325318 0.00365660064 -0.0426828258 0.01203370218 -0.05445129492 0.02518553844 -0.06370261326 -0.015368407559999998 0.02078099676 0.03422073096 -0.035671553099999996 0.0050645214 -0.06558622668 -0.009162277739999999 0.02711448162 0.22689001908 -0.00787280796 -0.07816199724 0.5537699337599999 0.72370877562 -0.01736399628 0.03722085954 0.0637206912 -0.028682135820000003 0.0684236538 -0.02606434218 -0.049742396280000004 0.0013647495599999999 0.033301184399999996 -0.00450383544 0.08849880144 0.00882689148 -0.003649122639913079 -0.025324194826476392 0.002027113492662729 -0.22681465987690924 -0.10377834187760654 -0.04210737338027509 -0.04107670515373476 -0.12829949095846194 -0.1901805725151035 0.03691503399035297 0.1323258620457728 -2.5468249613351914e-05 0.036431535189099494 -0.0034298569283981273 0.0930617799699883 0.044008737390471904 0.13013320493062328 -0.06810806858710615 0.021940897041902673 0.14337032766716293 -0.03333236756427473 0.015536826088345293 0.05824270333453416 -0.026285621249380428
