2.788929 0.000000 0.000000
0.000000 2.788929 0.000000
0.000000 0.000000 2.788929
0.000000 5.577858 5.577858
5.577858 0.000000 5.577858
5.577858 5.577858 0.000000
32 16
direct
0.000000 0.000000 0.000000 Al
0.500000 0.000000 0.000000 Al
0.000000 0.500000 0.000000 Al
0.000000 0.000000 0.500000 Al
0.250000 0.250000 0.250000 Al
0.500000 0.500000 0.000000 Al
0.500000 0.000000 0.500000 Al
0.750000 0.250000 0.250000 Al
0.000000 0.500000 0.500000 Al
0.250000 0.750000 0.250000 Al
0.250000 0.250000 0.750000 Al
0.500000 0.500000 0.500000 Al
0.750000 0.750000 0.250000 Al
0.750000 0.250000 0.750000 Al
0.250000 0.750000 0.750000 Al
0.750000 0.750000 0.750000 Al
0.125000 0.125000 0.125000 Ni
0.625000 0.125000 0.125000 Ni
0.125000 0.625000 0.125000 Ni
0.125000 0.125000 0.625000 Ni
0.375000 0.375000 0.375000 Ni
0.625000 0.625000 0.125000 Ni
0.625000 0.125000 0.625000 Ni
0.875000 0.375000 0.375000 Ni
0.125000 0.625000 0.625000 Ni
0.375000 0.875000 0.375000 Ni
0.375000 0.375000 0.875000 Ni
0.625000 0.625000 0.625000 Ni
0.875000 0.875000 0.375000 Ni
0.875000 0.375000 0.875000 Ni
0.375000 0.875000 0.875000 Ni
0.875000 0.875000 0.875000 Ni
-12.42873781722 0.0 0.0 -0.033724801799999995 0.0 -0.0 0.11700636372 0.0 0.17008994106 0.11700636372 0.17008994106 -0.0 0.24964717751999999 0.0 0.0 0.11700636372 -0.17008994106 -0.0 0.11700636372 0.0 -0.17008994106 1.61003293866 -0.0 -0.0 -0.033724801799999995 0.0 -0.0 -0.02695663692 0.0 0.0 -0.02695663692 0.0 0.0 0.02103840504 0.0 -0.0 -0.02695663692 0.0 -0.0 -0.02695663692 -0.0 0.0 1.61003293866 0.0 0.0 0.24964717751999999 0.0 0.0 0.9841723553985595 1.1478173994649514 1.1478173994649514 0.9841723553985595 -1.1478173994649514 -1.1478173994649514 0.9841723553985595 -1.1478173994649514 1.1478173994649514 0.9841723553985595 1.1478173994649514 -1.1478173994649514 0.0853365435677383 -0.029833268832240308 -0.029833268832240308 0.0853365435677383 -0.029833268832240308 0.029833268832240308 0.0853365435677383 0.029833268832240308 -0.029833268832240308 0.0853365435677383 0.029833268832240308 0.029833268832240308 0.0853365435677383 0.029833268832240308 0.029833268832240308 0.0853365435677383 0.029833268832240308 -0.029833268832240308 0.0853365435677383 -0.029833268832240308 0.029833268832240308 0.0853365435677383 -0.029833268832240308 -0.029833268832240308 0.9841723553985595 1.1478173994649514 -1.1478173994649514 0.9841723553985595 -1.1478173994649514 1.1478173994649514 0.9841723553985595 -1.1478173994649514 -1.1478173994649514 0.9841723553985595 1.1478173994649514 1.1478173994649514
0.0 -12.42873781722 0.0 0.0 0.11700636372 0.17008994106 0.0 -0.033724801799999995 0.0 0.17008994106 0.11700636372 0.0 0.0 0.24964717751999999 0.0 -0.17008994106 0.11700636372 0.0 0.0 -0.033724801799999995 0.0 0.0 -0.02695663692 0.0 0.0 0.11700636372 -0.17008994106 -0.0 1.61003293866 -0.0 0.0 -0.02695663692 0.0 0.0 0.02103840504 0.0 0.0 -0.02695663692 -0.0 0.0 1.61003293866 0.0 -0.0 -0.02695663692 0.0 0.0 0.24964717751999999 0.0 1.1478173994649514 0.9841723553985595 1.1478173994649514 -1.1478173994649514 0.9841723553985595 1.1478173994649514 -1.1478173994649514 0.9841723553985595 -1.1478173994649514 1.1478173994649514 0.9841723553985595 -1.1478173994649514 -0.029833268832240308 0.0853365435677383 -0.029833268832240308 -0.029833268832240308 0.0853365435677383 0.029833268832240308 0.029833268832240308 0.0853365435677383 0.029833268832240308 0.029833268832240308 0.0853365435677383 -0.029833268832240308 0.029833268832240308 0.0853365435677383 -0.029833268832240308 0.029833268832240308 0.0853365435677383 0.029833268832240308 -0.029833268832240308 0.0853365435677383 0.029833268832240308 -0.029833268832240308 0.0853365435677383 -0.029833268832240308 1.1478173994649514 0.9841723553985595 -1.1478173994649514 -1.1478173994649514 0.9841723553985595 -1.1478173994649514 -1.1478173994649514 0.9841723553985595 1.1478173994649514 1.1478173994649514 0.9841723553985595 1.1478173994649514
0.0 0.0 -12.42873781722 -0.0 0.17008994106 0.11700636372 0.17008994106 0.0 0.11700636372 -0.0 0.0 -0.033724801799999995 0.0 0.0 0.24964717751999999 -0.0 0.0 -0.033724801799999995 -0.17008994106 0.0 0.11700636372 0.0 0.0 -0.02695663692 -0.0 -0.17008994106 0.11700636372 0.0 0.0 -0.02695663692 -0.0 -0.0 1.61003293866 -0.0 0.0 0.02103840504 0.0 0.0 1.61003293866 0.0 -0.0 -0.02695663692 -0.0 0.0 -0.02695663692 0.0 0.0 0.24964717751999999 1.1478173994649514 1.1478173994649514 0.9841723553985595 -1.1478173994649514 1.1478173994649514 0.9841723553985595 1.1478173994649514 -1.1478173994649514 0.9841723553985595 -1.1478173994649514 -1.1478173994649514 0.9841723553985595 -0.029833268832240308 -0.029833268832240308 0.0853365435677383 0.029833268832240308 0.029833268832240308 0.0853365435677383 -0.029833268832240308 0.029833268832240308 0.0853365435677383 0.029833268832240308 -0.029833268832240308 0.0853365435677383 0.029833268832240308 -0.029833268832240308 0.0853365435677383 -0.029833268832240308 0.029833268832240308 0.0853365435677383 0.029833268832240308 0.029833268832240308 0.0853365435677383 -0.029833268832240308 -0.029833268832240308 0.0853365435677383 -1.1478173994649514 -1.1478173994649514 0.9841723553985595 1.1478173994649514 -1.1478173994649514 0.9841723553985595 -1.1478173994649514 1.1478173994649514 0.9841723553985595 1.1478173994649514 1.1478173994649514 0.9841723553985595
-0.033724801799999995 0.0 -0.0 -12.42873781722 0.0 0.0 0.11700636372 -0.17008994106 -0.0 0.11700636372 0.0 -0.17008994106 1.61003293866 -0.0 -0.0 0.11700636372 0.0 0.17008994106 0.11700636372 0.17008994106 -0.0 0.24964717751999999 0.0 0.0 0.02103840504 0.0 -0.0 -0.02695663692 0.0 -0.0 -0.02695663692 -0.0 0.0 -0.033724801799999995 0.0 -0.0 -0.02695663692 0.0 0.0 -0.02695663692 0.0 0.0 0.24964717751999999 0.0 0.0 1.61003293866 0.0 0.0 0.9841723553985595 -1.1478173994649514 -1.1478173994649514 0.9841723553985595 1.1478173994649514 1.1478173994649514 0.0853365435677383 -0.029833268832240308 0.029833268832240308 0.0853365435677383 0.029833268832240308 -0.029833268832240308 0.0853365435677383 0.029833268832240308 0.029833268832240308 0.9841723553985595 -1.1478173994649514 1.1478173994649514 0.9841723553985595 1.1478173994649514 -1.1478173994649514 0.0853365435677383 -0.029833268832240308 -0.029833268832240308 0.0853365435677383 -0.029833268832240308 -0.029833268832240308 0.9841723553985595 1.1478173994649514 -1.1478173994649514 0.9841723553985595 -1.1478173994649514 1.1478173994649514 0.0853365435677383 0.029833268832240308 0.029833268832240308 0.0853365435677383 0.029833268832240308 -0.029833268832240308 0.0853365435677383 -0.029833268832240308 0.029833268832240308 0.9841723553985595 1.1478173994649514 1.1478173994649514 0.9841723553985595 -1.1478173994649514 -1.1478173994649514
0.0 0.11700636372 0.17008994106 0.0 -12.42873781722 0.0 -0.17008994106 0.11700636372 0.0 0.0 -0.033724801799999995 0.0 0.0 -0.02695663692 0.0 0.0 -0.033724801799999995 0.0 0.17008994106 0.11700636372 0.0 0.0 0.24964717751999999 0.0 0.0 0.02103840504 0.0 0.0 -0.02695663692 -0.0 0.0 1.61003293866 0.0 0.0 0.11700636372 -0.17008994106 -0.0 1.61003293866 -0.0 0.0 -0.02695663692 0.0 0.0 0.24964717751999999 0.0 -0.0 -0.02695663692 0.0 -1.1478173994649514 0.9841723553985595 1.1478173994649514 1.1478173994649514 0.9841723553985595 1.1478173994649514 -0.029833268832240308 0.0853365435677383 0.029833268832240308 0.029833268832240308 0.0853365435677383 0.029833268832240308 0.029833268832240308 0.0853365435677383 -0.029833268832240308 -1.1478173994649514 0.9841723553985595 -1.1478173994649514 1.1478173994649514 0.9841723553985595 -1.1478173994649514 -0.029833268832240308 0.0853365435677383 -0.029833268832240308 -0.029833268832240308 0.0853365435677383 -0.029833268832240308 1.1478173994649514 0.9841723553985595 -1.1478173994649514 -1.1478173994649514 0.9841723553985595 -1.1478173994649514 0.029833268832240308 0.0853365435677383 -0.029833268832240308 0.029833268832240308 0.0853365435677383 0.029833268832240308 -0.029833268832240308 0.0853365435677383 0.029833268832240308 1.1478173994649514 0.9841723553985595 1.1478173994649514 -1.1478173994649514 0.9841723553985595 1.1478173994649514
-0.0 0.17008994106 0.11700636372 0.0 0.0 -12.42873781722 -0.0 0.0 -0.033724801799999995 -0.17008994106 0.0 0.11700636372 0.0 0.0 -0.02695663692 0.17008994106 0.0 0.11700636372 -0.0 0.0 -0.033724801799999995 0.0 0.0 0.24964717751999999 -0.0 0.0 0.02103840504 0.0 0.0 1.61003293866 0.0 -0.0 -0.02695663692 -0.0 -0.17008994106 0.11700636372 0.0 0.0 -0.02695663692 -0.0 -0.0 1.61003293866 0.0 0.0 0.24964717751999999 -0.0 0.0 -0.02695663692 -1.1478173994649514 1.1478173994649514 0.9841723553985595 1.1478173994649514 1.1478173994649514 0.9841723553985595 0.029833268832240308 0.029833268832240308 0.0853365435677383 -0.029833268832240308 0.029833268832240308 0.0853365435677383 0.029833268832240308 -0.029833268832240308 0.0853365435677383 1.1478173994649514 -1.1478173994649514 0.9841723553985595 -1.1478173994649514 -1.1478173994649514 0.9841723553985595 -0.029833268832240308 -0.029833268832240308 0.0853365435677383 -0.029833268832240308 -0.029833268832240308 0.0853365435677383 -1.1478173994649514 -1.1478173994649514 0.9841723553985595 1.1478173994649514 -1.1478173994649514 0.9841723553985595 0.029833268832240308 -0.029833268832240308 0.0853365435677383 -0.029833268832240308 0.029833268832240308 0.0853365435677383 0.029833268832240308 0.029833268832240308 0.0853365435677383 1.1478173994649514 1.1478173994649514 0.9841723553985595 -1.1478173994649514 1.1478173994649514 0.9841723553985595
0.11700636372 0.0 0.17008994106 0.11700636372 -0.17008994106 -0.0 -12.42873781722 0.0 0.0 -0.033724801799999995 0.0 -0.0 -0.02695663692 0.0 0.0 -0.033724801799999995 0.0 -0.0 0.02103840504 0.0 -0.0 -0.02695663692 0.0 -0.0 0.11700636372 0.17008994106 -0.0 0.24964717751999999 0.0 0.0 1.61003293866 0.0 0.0 0.11700636372 0.0 -0.17008994106 1.61003293866 -0.0 -0.0 0.24964717751999999 0.0 0.0 -0.02695663692 0.0 0.0 -0.02695663692 -0.0 0.0 0.9841723553985595 -1.1478173994649514 1.1478173994649514 0.0853365435677383 -0.029833268832240308 0.029833268832240308 0.9841723553985595 1.1478173994649514 1.1478173994649514 0.0853365435677383 0.029833268832240308 0.029833268832240308 0.0853365435677383 0.029833268832240308 -0.029833268832240308 0.9841723553985595 -1.1478173994649514 -1.1478173994649514 0.0853365435677383 -0.029833268832240308 -0.029833268832240308 0.9841723553985595 1.1478173994649514 -1.1478173994649514 0.9841723553985595 1.1478173994649514 -1.1478173994649514 0.0853365435677383 -0.029833268832240308 -0.029833268832240308 0.9841723553985595 -1.1478173994649514 -1.1478173994649514 0.0853365435677383 0.029833268832240308 -0.029833268832240308 0.0853365435677383 0.029833268832240308 0.029833268832240308 0.9841723553985595 1.1478173994649514 1.1478173994649514 0.0853365435677383 -0.029833268832240308 0.029833268832240308 0.9841723553985595 -1.1478173994649514 1.1478173994649514
0.0 -0.033724801799999995 0.0 -0.17008994106 0.11700636372 0.0 0.0 -12.42873781722 0.0 0.0 0.11700636372 -0.17008994106 -0.0 1.61003293866 -0.0 0.0 0.11700636372 0.17008994106 0.0 0.02103840504 0.0 0.0 -0.02695663692 -0.0 0.17008994106 0.11700636372 0.0 0.0 0.24964717751999999 0.0 -0.0 -0.02695663692 0.0 0.0 -0.033724801799999995 0.0 0.0 -0.02695663692 0.0 0.0 0.24964717751999999 0.0 0.0 -0.02695663692 0.0 0.0 1.61003293866 0.0 -1.1478173994649514 0.9841723553985595 -1.1478173994649514 -0.029833268832240308 0.0853365435677383 0.029833268832240308 1.1478173994649514 0.9841723553985595 1.1478173994649514 0.029833268832240308 0.0853365435677383 -0.029833268832240308 0.029833268832240308 0.0853365435677383 0.029833268832240308 -1.1478173994649514 0.9841723553985595 1.1478173994649514 -0.029833268832240308 0.0853365435677383 -0.029833268832240308 1.1478173994649514 0.9841723553985595 -1.1478173994649514 1.1478173994649514 0.9841723553985595 -1.1478173994649514 -0.029833268832240308 0.0853365435677383 -0.029833268832240308 -1.1478173994649514 0.9841723553985595 1.1478173994649514 0.029833268832240308 0.0853365435677383 0.029833268832240308 0.029833268832240308 0.0853365435677383 -0.029833268832240308 1.1478173994649514 0.9841723553985595 1.1478173994649514 -0.029833268832240308 0.0853365435677383 0.029833268832240308 -1.1478173994649514 0.9841723553985595 -1.1478173994649514
0.17008994106 0.0 0.11700636372 -0.0 0.0 -0.033724801799999995 0.0 0.0 -12.42873781722 -0.0 -0.17008994106 0.11700636372 0.0 0.0 -0.02695663692 -0.0 0.17008994106 0.11700636372 -0.0 0.0 0.02103840504 0.0 0.0 1.61003293866 -0.0 0.0 -0.033724801799999995 0.0 0.0 0.24964717751999999 -0.0 0.0 -0.02695663692 -0.17008994106 0.0 0.11700636372 0.0 0.0 -0.02695663692 0.0 0.0 0.24964717751999999 -0.0 -0.0 1.61003293866 0.0 -0.0 -0.02695663692 1.1478173994649514 -1.1478173994649514 0.9841723553985595 0.029833268832240308 0.029833268832240308 0.0853365435677383 1.1478173994649514 1.1478173994649514 0.9841723553985595 0.029833268832240308 -0.029833268832240308 0.0853365435677383 -0.029833268832240308 0.029833268832240308 0.0853365435677383 -1.1478173994649514 1.1478173994649514 0.9841723553985595 -0.029833268832240308 -0.029833268832240308 0.0853365435677383 -1.1478173994649514 -1.1478173994649514 0.9841723553985595 -1.1478173994649514 -1.1478173994649514 0.9841723553985595 -0.029833268832240308 -0.029833268832240308 0.0853365435677383 -1.1478173994649514 1.1478173994649514 0.9841723553985595 -0.029833268832240308 0.029833268832240308 0.0853365435677383 0.029833268832240308 -0.029833268832240308 0.0853365435677383 1.1478173994649514 1.1478173994649514 0.9841723553985595 0.029833268832240308 0.029833268832240308 0.0853365435677383 1.1478173994649514 -1.1478173994649514 0.9841723553985595
0.11700636372 0.17008994106 -0.0 0.11700636372 0.0 -0.17008994106 -0.033724801799999995 0.0 -0.0 -12.42873781722 0.0 0.0 -0.02695663692 0.0 0.0 0.02103840504 0.0 -0.0 -0.033724801799999995 0.0 -0.0 -0.02695663692 -0.0 0.0 0.11700636372 0.0 0.17008994106 1.61003293866 0.0 0.0 0.24964717751999999 0.0 0.0 0.11700636372 -0.17008994106 -0.0 0.24964717751999999 0.0 0.0 1.61003293866 -0.0 -0.0 -0.02695663692 0.0 0.0 -0.02695663692 0.0 -0.0 0.9841723553985595 1.1478173994649514 -1.1478173994649514 0.0853365435677383 0.029833268832240308 -0.029833268832240308 0.0853365435677383 0.029833268832240308 0.029833268832240308 0.9841723553985595 1.1478173994649514 1.1478173994649514 0.0853365435677383 -0.029833268832240308 0.029833268832240308 0.0853365435677383 -0.029833268832240308 -0.029833268832240308 0.9841723553985595 -1.1478173994649514 -1.1478173994649514 0.9841723553985595 -1.1478173994649514 1.1478173994649514 0.9841723553985595 -1.1478173994649514 1.1478173994649514 0.9841723553985595 -1.1478173994649514 -1.1478173994649514 0.0853365435677383 -0.029833268832240308 -0.029833268832240308 0.0853365435677383 -0.029833268832240308 0.029833268832240308 0.9841723553985595 1.1478173994649514 1.1478173994649514 0.0853365435677383 0.029833268832240308 0.029833268832240308 0.0853365435677383 0.029833268832240308 -0.029833268832240308 0.9841723553985595 1.1478173994649514 -1.1478173994649514
0.17008994106 0.11700636372 0.0 0.0 -0.033724801799999995 0.0 0.0 0.11700636372 -0.17008994106 0.0 -12.42873781722 0.0 0.0 -0.02695663692 0.0 0.0 0.02103840504 0.0 0.0 0.11700636372 0.17008994106 0.0 1.61003293866 0.0 0.0 -0.033724801799999995 0.0 -0.0 -0.02695663692 0.0 0.0 0.24964717751999999 0.0 -0.17008994106 0.11700636372 0.0 0.0 0.24964717751999999 0.0 0.0 -0.02695663692 0.0 -0.0 1.61003293866 -0.0 0.0 -0.02695663692 -0.0 1.1478173994649514 0.9841723553985595 -1.1478173994649514 0.029833268832240308 0.0853365435677383 0.029833268832240308 0.029833268832240308 0.0853365435677383 -0.029833268832240308 1.1478173994649514 0.9841723553985595 1.1478173994649514 -0.029833268832240308 0.0853365435677383 0.029833268832240308 -0.029833268832240308 0.0853365435677383 -0.029833268832240308 -1.1478173994649514 0.9841723553985595 1.1478173994649514 -1.1478173994649514 0.9841723553985595 -1.1478173994649514 -1.1478173994649514 0.9841723553985595 -1.1478173994649514 -1.1478173994649514 0.9841723553985595 1.1478173994649514 -0.029833268832240308 0.0853365435677383 -0.029833268832240308 -0.029833268832240308 0.0853365435677383 0.029833268832240308 1.1478173994649514 0.9841723553985595 1.1478173994649514 0.029833268832240308 0.0853365435677383 -0.029833268832240308 0.029833268832240308 0.0853365435677383 0.029833268832240308 1.1478173994649514 0.9841723553985595 -1.1478173994649514
-0.0 0.0 -0.033724801799999995 -0.17008994106 0.0 0.11700636372 -0.0 -0.17008994106 0.11700636372 0.0 0.0 -12.42873781722 -0.0 -0.0 1.61003293866 -0.0 0.0 0.02103840504 -0.0 0.17008994106 0.11700636372 0.0 -0.0 -0.02695663692 0.17008994106 0.0 0.11700636372 -0.0 0.0 -0.02695663692 0.0 0.0 0.24964717751999999 -0.0 0.0 -0.033724801799999995 0.0 0.0 0.24964717751999999 0.0 0.0 -0.02695663692 0.0 0.0 -0.02695663692 0.0 0.0 1.61003293866 -1.1478173994649514 -1.1478173994649514 0.9841723553985595 -0.029833268832240308 0.029833268832240308 0.0853365435677383 0.029833268832240308 -0.029833268832240308 0.0853365435677383 1.1478173994649514 1.1478173994649514 0.9841723553985595 0.029833268832240308 0.029833268832240308 0.0853365435677383 -0.029833268832240308 -0.029833268832240308 0.0853365435677383 -1.1478173994649514 1.1478173994649514 0.9841723553985595 1.1478173994649514 -1.1478173994649514 0.9841723553985595 1.1478173994649514 -1.1478173994649514 0.9841723553985595 -1.1478173994649514 1.1478173994649514 0.9841723553985595 -0.029833268832240308 -0.029833268832240308 0.0853365435677383 0.029833268832240308 0.029833268832240308 0.0853365435677383 1.1478173994649514 1.1478173994649514 0.9841723553985595 0.029833268832240308 -0.029833268832240308 0.0853365435677383 -0.029833268832240308 0.029833268832240308 0.0853365435677383 -1.1478173994649514 -1.1478173994649514 0.9841723553985595
0.24964717751999999 0.0 0.0 1.61003293866 0.0 0.0 -0.02695663692 -0.0 0.0 -0.02695663692 0.0 -0.0 -12.42873781722 0.0 0.0 -0.02695663692 0.0 0.0 -0.02695663692 0.0 0.0 -0.033724801799999995 0.0 -0.0 1.61003293866 -0.0 -0.0 0.11700636372 0.0 0.17008994106 0.11700636372 0.17008994106 -0.0 0.24964717751999999 0.0 0.0 0.11700636372 -0.17008994106 -0.0 0.11700636372 0.0 -0.17008994106 -0.033724801799999995 0.0 -0.0 0.02103840504 0.0 -0.0 0.9841723553985595 1.1478173994649514 1.1478173994649514 0.9841723553985595 -1.1478173994649514 -1.1478173994649514 0.9841723553985595 -1.1478173994649514 1.1478173994649514 0.9841723553985595 1.1478173994649514 -1.1478173994649514 0.9841723553985595 1.1478173994649514 1.1478173994649514 0.0853365435677383 -0.029833268832240308 0.029833268832240308 0.0853365435677383 0.029833268832240308 -0.029833268832240308 0.9841723553985595 -1.1478173994649514 -1.1478173994649514 0.0853365435677383 0.029833268832240308 0.029833268832240308 0.9841723553985595 -1.1478173994649514 1.1478173994649514 0.9841723553985595 1.1478173994649514 -1.1478173994649514 0.0853365435677383 -0.029833268832240308 -0.029833268832240308 0.0853365435677383 -0.029833268832240308 0.029833268832240308 0.0853365435677383 0.029833268832240308 -0.029833268832240308 0.0853365435677383 0.029833268832240308 0.029833268832240308 0.0853365435677383 -0.029833268832240308 -0.029833268832240308
0.0 0.24964717751999999 0.0 -0.0 -0.02695663692 0.0 0.0 1.61003293866 0.0 0.0 -0.02695663692 -0.0 0.0 -12.42873781722 0.0 0.0 -0.02695663692 0.0 -0.0 1.61003293866 -0.0 0.0 0.11700636372 0.17008994106 0.0 -0.02695663692 0.0 0.0 -0.033724801799999995 0.0 0.17008994106 0.11700636372 0.0 0.0 0.24964717751999999 0.0 -0.17008994106 0.11700636372 0.0 0.0 -0.033724801799999995 0.0 0.0 0.11700636372 -0.17008994106 0.0 0.02103840504 0.0 1.1478173994649514 0.9841723553985595 1.1478173994649514 -1.1478173994649514 0.9841723553985595 1.1478173994649514 -1.1478173994649514 0.9841723553985595 -1.1478173994649514 1.1478173994649514 0.9841723553985595 -1.1478173994649514 1.1478173994649514 0.9841723553985595 1.1478173994649514 -0.029833268832240308 0.0853365435677383 0.029833268832240308 0.029833268832240308 0.0853365435677383 0.029833268832240308 -1.1478173994649514 0.9841723553985595 1.1478173994649514 0.029833268832240308 0.0853365435677383 -0.029833268832240308 -1.1478173994649514 0.9841723553985595 -1.1478173994649514 1.1478173994649514 0.9841723553985595 -1.1478173994649514 -0.029833268832240308 0.0853365435677383 -0.029833268832240308 -0.029833268832240308 0.0853365435677383 0.029833268832240308 0.029833268832240308 0.0853365435677383 0.029833268832240308 0.029833268832240308 0.0853365435677383 -0.029833268832240308 -0.029833268832240308 0.0853365435677383 -0.029833268832240308
0.0 0.0 0.24964717751999999 -0.0 0.0 -0.02695663692 0.0 -0.0 -0.02695663692 0.0 0.0 1.61003293866 0.0 0.0 -12.42873781722 -0.0 -0.0 1.61003293866 0.0 0.0 -0.02695663692 -0.0 0.17008994106 0.11700636372 0.0 0.0 -0.02695663692 0.17008994106 0.0 0.11700636372 -0.0 0.0 -0.033724801799999995 0.0 0.0 0.24964717751999999 -0.0 0.0 -0.033724801799999995 -0.17008994106 0.0 0.11700636372 -0.0 -0.17008994106 0.11700636372 -0.0 0.0 0.02103840504 1.1478173994649514 1.1478173994649514 0.9841723553985595 -1.1478173994649514 1.1478173994649514 0.9841723553985595 1.1478173994649514 -1.1478173994649514 0.9841723553985595 -1.1478173994649514 -1.1478173994649514 0.9841723553985595 1.1478173994649514 1.1478173994649514 0.9841723553985595 0.029833268832240308 0.029833268832240308 0.0853365435677383 -0.029833268832240308 0.029833268832240308 0.0853365435677383 -1.1478173994649514 1.1478173994649514 0.9841723553985595 0.029833268832240308 -0.029833268832240308 0.0853365435677383 1.1478173994649514 -1.1478173994649514 0.9841723553985595 -1.1478173994649514 -1.1478173994649514 0.9841723553985595 -0.029833268832240308 -0.029833268832240308 0.0853365435677383 0.029833268832240308 0.029833268832240308 0.0853365435677383 -0.029833268832240308 0.029833268832240308 0.0853365435677383 0.029833268832240308 -0.029833268832240308 0.0853365435677383 -0.029833268832240308 -0.029833268832240308 0.0853365435677383
0.11700636372 -0.17008994106 -0.0 0.11700636372 0.0 0.17008994106 -0.033724801799999995 0.0 -0.0 0.02103840504 0.0 -0.0 -0.02695663692 0.0 -0.0 -12.42873781722 0.0 0.0 -0.033724801799999995 0.0 -0.0 -0.02695663692 0.0 0.0 0.11700636372 0.0 -0.17008994106 1.61003293866 -0.0 -0.0 0.24964717751999999 0.0 0.0 0.11700636372 0.17008994106 -0.0 0.24964717751999999 0.0 0.0 1.61003293866 0.0 0.0 -0.02695663692 -0.0 0.0 -0.02695663692 0.0 0.0 0.0853365435677383 -0.029833268832240308 0.029833268832240308 0.9841723553985595 -1.1478173994649514 1.1478173994649514 0.9841723553985595 -1.1478173994649514 -1.1478173994649514 0.0853365435677383 -0.029833268832240308 -0.029833268832240308 0.9841723553985595 1.1478173994649514 -1.1478173994649514 0.9841723553985595 1.1478173994649514 1.1478173994649514 0.0853365435677383 0.029833268832240308 0.029833268832240308 0.0853365435677383 0.029833268832240308 -0.029833268832240308 0.0853365435677383 0.029833268832240308 -0.029833268832240308 0.0853365435677383 0.029833268832240308 0.029833268832240308 0.9841723553985595 1.1478173994649514 1.1478173994649514 0.9841723553985595 1.1478173994649514 -1.1478173994649514 0.0853365435677383 -0.029833268832240308 -0.029833268832240308 0.9841723553985595 -1.1478173994649514 -1.1478173994649514 0.9841723553985595 -1.1478173994649514 1.1478173994649514 0.0853365435677383 -0.029833268832240308 0.029833268832240308
-0.17008994106 0.11700636372 0.0 0.0 -0.033724801799999995 0.0 0.0 0.11700636372 0.17008994106 0.0 0.02103840504 0.0 0.0 -0.02695663692 -0.0 0.0 -12.42873781722 0.0 0.0 0.11700636372 -0.17008994106 -0.0 1.61003293866 -0.0 0.0 -0.033724801799999995 0.0 0.0 -0.02695663692 0.0 0.0 0.24964717751999999 0.0 0.17008994106 0.11700636372 0.0 0.0 0.24964717751999999 0.0 -0.0 -0.02695663692 0.0 0.0 1.61003293866 0.0 0.0 -0.02695663692 0.0 -0.029833268832240308 0.0853365435677383 0.029833268832240308 -1.1478173994649514 0.9841723553985595 -1.1478173994649514 -1.1478173994649514 0.9841723553985595 1.1478173994649514 -0.029833268832240308 0.0853365435677383 -0.029833268832240308 1.1478173994649514 0.9841723553985595 -1.1478173994649514 1.1478173994649514 0.9841723553985595 1.1478173994649514 0.029833268832240308 0.0853365435677383 -0.029833268832240308 0.029833268832240308 0.0853365435677383 0.029833268832240308 0.029833268832240308 0.0853365435677383 0.029833268832240308 0.029833268832240308 0.0853365435677383 -0.029833268832240308 1.1478173994649514 0.9841723553985595 1.1478173994649514 1.1478173994649514 0.9841723553985595 -1.1478173994649514 -0.029833268832240308 0.0853365435677383 -0.029833268832240308 -1.1478173994649514 0.9841723553985595 1.1478173994649514 -1.1478173994649514 0.9841723553985595 -1.1478173994649514 -0.029833268832240308 0.0853365435677383 0.029833268832240308
-0.0 0.0 -0.033724801799999995 0.17008994106 0.0 0.11700636372 -0.0 0.17008994106 0.11700636372 -0.0 0.0 0.02103840504 0.0 0.0 1.61003293866 0.0 0.0 -12.42873781722 -0.0 -0.17008994106 0.11700636372 0.0 0.0 -0.02695663692 -0.17008994106 0.0 0.11700636372 0.0 0.0 -0.02695663692 0.0 0.0 0.24964717751999999 -0.0 0.0 -0.033724801799999995 0.0 0.0 0.24964717751999999 -0.0 0.0 -0.02695663692 0.0 -0.0 -0.02695663692 -0.0 -0.0 1.61003293866 0.029833268832240308 0.029833268832240308 0.0853365435677383 1.1478173994649514 -1.1478173994649514 0.9841723553985595 -1.1478173994649514 1.1478173994649514 0.9841723553985595 -0.029833268832240308 -0.029833268832240308 0.0853365435677383 -1.1478173994649514 -1.1478173994649514 0.9841723553985595 1.1478173994649514 1.1478173994649514 0.9841723553985595 0.029833268832240308 -0.029833268832240308 0.0853365435677383 -0.029833268832240308 0.029833268832240308 0.0853365435677383 -0.029833268832240308 0.029833268832240308 0.0853365435677383 0.029833268832240308 -0.029833268832240308 0.0853365435677383 1.1478173994649514 1.1478173994649514 0.9841723553985595 -1.1478173994649514 -1.1478173994649514 0.9841723553985595 -0.029833268832240308 -0.029833268832240308 0.0853365435677383 -1.1478173994649514 1.1478173994649514 0.9841723553985595 1.1478173994649514 -1.1478173994649514 0.9841723553985595 0.029833268832240308 0.029833268832240308 0.0853365435677383
0.11700636372 0.0 -0.17008994106 0.11700636372 0.17008994106 -0.0 0.02103840504 0.0 -0.0 -0.033724801799999995 0.0 -0.0 -0.02695663692 -0.0 0.0 -0.033724801799999995 0.0 -0.0 -12.42873781722 0.0 0.0 -0.02695663692 0.0 0.0 0.11700636372 -0.17008994106 -0.0 0.24964717751999999 0.0 0.0 1.61003293866 -0.0 -0.0 0.11700636372 0.0 0.17008994106 1.61003293866 0.0 0.0 0.24964717751999999 0.0 0.0 -0.02695663692 0.0 -0.0 -0.02695663692 0.0 0.0 0.0853365435677383 0.029833268832240308 -0.029833268832240308 0.9841723553985595 1.1478173994649514 -1.1478173994649514 0.0853365435677383 -0.029833268832240308 -0.029833268832240308 0.9841723553985595 -1.1478173994649514 -1.1478173994649514 0.9841723553985595 -1.1478173994649514 1.1478173994649514 0.0853365435677383 0.029833268832240308 0.029833268832240308 0.9841723553985595 1.1478173994649514 1.1478173994649514 0.0853365435677383 -0.029833268832240308 0.029833268832240308 0.0853365435677383 -0.029833268832240308 0.029833268832240308 0.9841723553985595 1.1478173994649514 1.1478173994649514 0.0853365435677383 0.029833268832240308 0.029833268832240308 0.9841723553985595 -1.1478173994649514 1.1478173994649514 0.9841723553985595 -1.1478173994649514 -1.1478173994649514 0.0853365435677383 -0.029833268832240308 -0.029833268832240308 0.9841723553985595 1.1478173994649514 -1.1478173994649514 0.0853365435677383 0.029833268832240308 -0.029833268832240308
0.0 -0.033724801799999995 0.0 0.17008994106 0.11700636372 0.0 0.0 0.02103840504 0.0 0.0 0.11700636372 0.17008994106 0.0 1.61003293866 0.0 0.0 0.11700636372 -0.17008994106 0.0 -12.42873781722 0.0 0.0 -0.02695663692 0.0 -0.17008994106 0.11700636372 0.0 0.0 0.24964717751999999 0.0 0.0 -0.02695663692 0.0 0.0 -0.033724801799999995 0.0 -0.0 -0.02695663692 0.0 0.0 0.24964717751999999 0.0 0.0 -0.02695663692 -0.0 -0.0 1.61003293866 -0.0 0.029833268832240308 0.0853365435677383 0.029833268832240308 1.1478173994649514 0.9841723553985595 -1.1478173994649514 -0.029833268832240308 0.0853365435677383 -0.029833268832240308 -1.1478173994649514 0.9841723553985595 1.1478173994649514 -1.1478173994649514 0.9841723553985595 -1.1478173994649514 0.029833268832240308 0.0853365435677383 -0.029833268832240308 1.1478173994649514 0.9841723553985595 1.1478173994649514 -0.029833268832240308 0.0853365435677383 0.029833268832240308 -0.029833268832240308 0.0853365435677383 0.029833268832240308 1.1478173994649514 0.9841723553985595 1.1478173994649514 0.029833268832240308 0.0853365435677383 -0.029833268832240308 -1.1478173994649514 0.9841723553985595 -1.1478173994649514 -1.1478173994649514 0.9841723553985595 1.1478173994649514 -0.029833268832240308 0.0853365435677383 -0.029833268832240308 1.1478173994649514 0.9841723553985595 -1.1478173994649514 0.029833268832240308 0.0853365435677383 0.029833268832240308
-0.17008994106 0.0 0.11700636372 -0.0 0.0 -0.033724801799999995 -0.0 0.0 0.02103840504 -0.0 0.17008994106 0.11700636372 0.0 -0.0 -0.02695663692 -0.0 -0.17008994106 0.11700636372 0.0 0.0 -12.42873781722 -0.0 -0.0 1.61003293866 -0.0 0.0 -0.033724801799999995 0.0 0.0 0.24964717751999999 0.0 0.0 -0.02695663692 0.17008994106 0.0 0.11700636372 -0.0 0.0 -0.02695663692 0.0 0.0 0.24964717751999999 0.0 0.0 1.61003293866 0.0 0.0 -0.02695663692 -0.029833268832240308 0.029833268832240308 0.0853365435677383 -1.1478173994649514 -1.1478173994649514 0.9841723553985595 -0.029833268832240308 -0.029833268832240308 0.0853365435677383 -1.1478173994649514 1.1478173994649514 0.9841723553985595 1.1478173994649514 -1.1478173994649514 0.9841723553985595 0.029833268832240308 -0.029833268832240308 0.0853365435677383 1.1478173994649514 1.1478173994649514 0.9841723553985595 0.029833268832240308 0.029833268832240308 0.0853365435677383 0.029833268832240308 0.029833268832240308 0.0853365435677383 1.1478173994649514 1.1478173994649514 0.9841723553985595 0.029833268832240308 -0.029833268832240308 0.0853365435677383 1.1478173994649514 -1.1478173994649514 0.9841723553985595 -1.1478173994649514 1.1478173994649514 0.9841723553985595 -0.029833268832240308 -0.029833268832240308 0.0853365435677383 -1.1478173994649514 -1.1478173994649514 0.9841723553985595 -0.029833268832240308 0.029833268832240308 0.0853365435677383
1.61003293866 0.0 0.0 0.24964717751999999 0.0 0.0 -0.02695663692 0.0 0.0 -0.02695663692 0.0 0.0 -0.033724801799999995 0.0 -0.0 -0.02695663692 -0.0 0.0 -0.02695663692 0.0 -0.0 -12.42873781722 0.0 0.0 0.24964717751999999 0.0 0.0 0.11700636372 -0.17008994106 -0.0 0.11700636372 0.0 -0.17008994106 1.61003293866 -0.0 -0.0 0.11700636372 0.0 0.17008994106 0.11700636372 0.17008994106 -0.0 0.02103840504 0.0 -0.0 -0.033724801799999995 0.0 -0.0 0.9841723553985595 -1.1478173994649514 -1.1478173994649514 0.9841723553985595 1.1478173994649514 1.1478173994649514 0.0853365435677383 -0.029833268832240308 0.029833268832240308 0.0853365435677383 0.029833268832240308 -0.029833268832240308 0.9841723553985595 -1.1478173994649514 -1.1478173994649514 0.9841723553985595 -1.1478173994649514 1.1478173994649514 0.9841723553985595 1.1478173994649514 -1.1478173994649514 0.9841723553985595 1.1478173994649514 1.1478173994649514 0.0853365435677383 -0.029833268832240308 -0.029833268832240308 0.0853365435677383 -0.029833268832240308 0.029833268832240308 0.0853365435677383 0.029833268832240308 -0.029833268832240308 0.0853365435677383 0.029833268832240308 0.029833268832240308 0.9841723553985595 -1.1478173994649514 1.1478173994649514 0.9841723553985595 1.1478173994649514 -1.1478173994649514 0.0853365435677383 -0.029833268832240308 -0.029833268832240308 0.0853365435677383 0.029833268832240308 0.029833268832240308
-0.0 -0.02695663692 0.0 0.0 0.24964717751999999 0.0 0.0 -0.02695663692 0.0 -0.0 1.61003293866 -0.0 0.0 0.11700636372 0.17008994106 0.0 1.61003293866 0.0 0.0 -0.02695663692 -0.0 0.0 -12.42873781722 0.0 0.0 0.24964717751999999 0.0 -0.17008994106 0.11700636372 0.0 0.0 -0.033724801799999995 0.0 0.0 -0.02695663692 0.0 0.0 -0.033724801799999995 0.0 0.17008994106 0.11700636372 0.0 0.0 0.02103840504 0.0 0.0 0.11700636372 -0.17008994106 -1.1478173994649514 0.9841723553985595 1.1478173994649514 1.1478173994649514 0.9841723553985595 1.1478173994649514 -0.029833268832240308 0.0853365435677383 0.029833268832240308 0.029833268832240308 0.0853365435677383 0.029833268832240308 -1.1478173994649514 0.9841723553985595 1.1478173994649514 -1.1478173994649514 0.9841723553985595 -1.1478173994649514 1.1478173994649514 0.9841723553985595 -1.1478173994649514 1.1478173994649514 0.9841723553985595 1.1478173994649514 -0.029833268832240308 0.0853365435677383 -0.029833268832240308 -0.029833268832240308 0.0853365435677383 0.029833268832240308 0.029833268832240308 0.0853365435677383 0.029833268832240308 0.029833268832240308 0.0853365435677383 -0.029833268832240308 -1.1478173994649514 0.9841723553985595 -1.1478173994649514 1.1478173994649514 0.9841723553985595 -1.1478173994649514 -0.029833268832240308 0.0853365435677383 -0.029833268832240308 0.029833268832240308 0.0853365435677383 -0.029833268832240308
-0.0 0.0 -0.02695663692 0.0 0.0 0.24964717751999999 -0.0 -0.0 1.61003293866 0.0 0.0 -0.02695663692 -0.0 0.17008994106 0.11700636372 0.0 -0.0 -0.02695663692 0.0 0.0 1.61003293866 0.0 0.0 -12.42873781722 0.0 0.0 0.24964717751999999 -0.0 0.0 -0.033724801799999995 -0.17008994106 0.0 0.11700636372 0.0 0.0 -0.02695663692 0.17008994106 0.0 0.11700636372 -0.0 0.0 -0.033724801799999995 -0.0 0.0 0.02103840504 -0.0 -0.17008994106 0.11700636372 -1.1478173994649514 1.1478173994649514 0.9841723553985595 1.1478173994649514 1.1478173994649514 0.9841723553985595 0.029833268832240308 0.029833268832240308 0.0853365435677383 -0.029833268832240308 0.029833268832240308 0.0853365435677383 -1.1478173994649514 1.1478173994649514 0.9841723553985595 1.1478173994649514 -1.1478173994649514 0.9841723553985595 -1.1478173994649514 -1.1478173994649514 0.9841723553985595 1.1478173994649514 1.1478173994649514 0.9841723553985595 -0.029833268832240308 -0.029833268832240308 0.0853365435677383 0.029833268832240308 0.029833268832240308 0.0853365435677383 -0.029833268832240308 0.029833268832240308 0.0853365435677383 0.029833268832240308 -0.029833268832240308 0.0853365435677383 1.1478173994649514 -1.1478173994649514 0.9841723553985595 -1.1478173994649514 -1.1478173994649514 0.9841723553985595 -0.029833268832240308 -0.029833268832240308 0.0853365435677383 0.029833268832240308 -0.029833268832240308 0.0853365435677383
-0.033724801799999995 0.0 -0.0 0.02103840504 0.0 -0.0 0.11700636372 0.17008994106 -0.0 0.11700636372 0.0 0.17008994106 1.61003293866 0.0 0.0 0.11700636372 0.0 -0.17008994106 0.11700636372 -0.17008994106 -0.0 0.24964717751999999 0.0 0.0 -12.42873781722 0.0 0.0 -0.02695663692 0.0 0.0 -0.02695663692 0.0 0.0 -0.033724801799999995 0.0 -0.0 -0.02695663692 -0.0 0.0 -0.02695663692 0.0 -0.0 0.24964717751999999 0.0 0.0 1.61003293866 -0.0 -0.0 0.0853365435677383 0.029833268832240308 0.029833268832240308 0.0853365435677383 -0.029833268832240308 -0.029833268832240308 0.9841723553985595 1.1478173994649514 -1.1478173994649514 0.9841723553985595 -1.1478173994649514 1.1478173994649514 0.9841723553985595 -1.1478173994649514 -1.1478173994649514 0.0853365435677383 0.029833268832240308 -0.029833268832240308 0.0853365435677383 -0.029833268832240308 0.029833268832240308 0.9841723553985595 1.1478173994649514 1.1478173994649514 0.9841723553985595 1.1478173994649514 1.1478173994649514 0.0853365435677383 -0.029833268832240308 0.029833268832240308 0.0853365435677383 0.029833268832240308 -0.029833268832240308 0.9841723553985595 -1.1478173994649514 -1.1478173994649514 0.9841723553985595 -1.1478173994649514 1.1478173994649514 0.9841723553985595 1.1478173994649514 -1.1478173994649514 0.0853365435677383 -0.029833268832240308 -0.029833268832240308 0.0853365435677383 0.029833268832240308 0.029833268832240308
0.0 0.11700636372 -0.17008994106 0.0 0.02103840504 0.0 0.17008994106 0.11700636372 0.0 0.0 -0.033724801799999995 0.0 -0.0 -0.02695663692 0.0 0.0 -0.033724801799999995 0.0 -0.17008994106 0.11700636372 0.0 0.0 0.24964717751999999 0.0 0.0 -12.42873781722 0.0 0.0 -0.02695663692 0.0 -0.0 1.61003293866 -0.0 0.0 0.11700636372 0.17008994106 0.0 1.61003293866 0.0 0.0 -0.02695663692 -0.0 0.0 0.24964717751999999 0.0 0.0 -0.02695663692 0.0 0.029833268832240308 0.0853365435677383 -0.029833268832240308 -0.029833268832240308 0.0853365435677383 -0.029833268832240308 1.1478173994649514 0.9841723553985595 -1.1478173994649514 -1.1478173994649514 0.9841723553985595 -1.1478173994649514 -1.1478173994649514 0.9841723553985595 1.1478173994649514 0.029833268832240308 0.0853365435677383 0.029833268832240308 -0.029833268832240308 0.0853365435677383 0.029833268832240308 1.1478173994649514 0.9841723553985595 1.1478173994649514 1.1478173994649514 0.9841723553985595 1.1478173994649514 -0.029833268832240308 0.0853365435677383 0.029833268832240308 0.029833268832240308 0.0853365435677383 0.029833268832240308 -1.1478173994649514 0.9841723553985595 1.1478173994649514 -1.1478173994649514 0.9841723553985595 -1.1478173994649514 1.1478173994649514 0.9841723553985595 -1.1478173994649514 -0.029833268832240308 0.0853365435677383 -0.029833268832240308 0.029833268832240308 0.0853365435677383 -0.029833268832240308
-0.0 -0.17008994106 0.11700636372 -0.0 0.0 0.02103840504 -0.0 0.0 -0.033724801799999995 0.17008994106 0.0 0.11700636372 -0.0 0.0 -0.02695663692 -0.17008994106 0.0 0.11700636372 -0.0 0.0 -0.033724801799999995 0.0 0.0 0.24964717751999999 0.0 0.0 -12.42873781722 -0.0 -0.0 1.61003293866 0.0 0.0 -0.02695663692 -0.0 0.17008994106 0.11700636372 0.0 -0.0 -0.02695663692 0.0 0.0 1.61003293866 0.0 0.0 0.24964717751999999 0.0 0.0 -0.02695663692 0.029833268832240308 -0.029833268832240308 0.0853365435677383 -0.029833268832240308 -0.029833268832240308 0.0853365435677383 -1.1478173994649514 -1.1478173994649514 0.9841723553985595 1.1478173994649514 -1.1478173994649514 0.9841723553985595 -1.1478173994649514 1.1478173994649514 0.9841723553985595 -0.029833268832240308 0.029833268832240308 0.0853365435677383 0.029833268832240308 0.029833268832240308 0.0853365435677383 1.1478173994649514 1.1478173994649514 0.9841723553985595 1.1478173994649514 1.1478173994649514 0.9841723553985595 0.029833268832240308 0.029833268832240308 0.0853365435677383 -0.029833268832240308 0.029833268832240308 0.0853365435677383 -1.1478173994649514 1.1478173994649514 0.9841723553985595 1.1478173994649514 -1.1478173994649514 0.9841723553985595 -1.1478173994649514 -1.1478173994649514 0.9841723553985595 -0.029833268832240308 -0.029833268832240308 0.0853365435677383 0.029833268832240308 -0.029833268832240308 0.0853365435677383
