2.839648 0.000000 0.000000
0.000000 2.839648 0.000000
0.000000 0.000000 2.839648
0.000000 5.679296 5.679296
5.679296 0.000000 5.679296
5.679296 5.679296 0.000000
32 16
direct
0.000000 0.000000 0.000000 Al
0.500000 0.000000 1.000000 Al
0.000000 0.500000 1.000000 Al
0.000000 0.000000 0.500000 Al
0.250000 0.250000 0.250000 Al
0.500000 0.500000 1.000000 Al
0.500000 0.000000 0.500000 Al
0.750000 0.250000 0.250000 Al
0.000000 0.500000 0.500000 Al
0.250000 0.750000 0.250000 Al
0.250000 0.250000 0.750000 Al
0.500000 0.500000 0.500000 Al
0.750000 0.750000 0.250000 Al
0.750000 0.250000 0.750000 Al
0.250000 0.750000 0.750000 Al
0.750000 0.750000 0.750000 Al
0.125000 0.125000 0.125000 Ni
0.625000 0.125000 0.125000 Ni
0.125000 0.625000 0.125000 Ni
0.125000 0.125000 0.625000 Ni
0.375000 0.375000 0.375000 Ni
0.625000 0.625000 0.125000 Ni
0.625000 0.125000 0.625000 Ni
0.875000 0.375000 0.375000 Ni
0.125000 0.625000 0.625000 Ni
0.375000 0.875000 0.375000 Ni
0.375000 0.375000 0.875000 Ni
0.625000 0.625000 0.625000 Ni
0.875000 0.875000 0.375000 Ni
0.875000 0.375000 0.875000 Ni
0.375000 0.875000 0.875000 Ni
0.875000 0.875000 0.875000 Ni
-10.433755112939998 0.0 0.0 -0.04400413434 -0.0 0.0 0.12249342324 -0.0 0.16485732179999998 0.12249342324 0.16485732179999998 0.0 0.25208985798 0.0 0.0 0.12249342324 -0.16485732179999998 -0.0 0.12249342324 0.0 -0.16485732179999998 1.36274371812 0.0 0.0 -0.04400413434 -0.0 0.0 -0.01711279386 0.0 -0.0 -0.01711279386 0.0 -0.0 0.0103799754 0.0 -0.0 -0.01711279386 -0.0 0.0 -0.01711279386 -0.0 -0.0 1.36274371812 -0.0 -0.0 0.25208985798 0.0 0.0 0.8107311878832316 0.9085324499297047 0.9085324499297047 0.8107311878832316 -0.9085324499297047 -0.9085324499297047 0.8107311878832316 -0.9085324499297047 0.9085324499297047 0.8107311878832316 0.9085324499297047 -0.9085324499297047 0.07413966639006826 -0.022191600124034105 -0.022191600124034105 0.07413966639006826 -0.022191600124034105 0.022191600124034105 0.07413966639006826 0.022191600124034105 -0.022191600124034105 0.07413966639006826 0.022191600124034105 0.022191600124034105 0.07413966639006826 0.022191600124034105 0.022191600124034105 0.07413966639006826 0.022191600124034105 -0.022191600124034105 0.07413966639006826 -0.022191600124034105 0.022191600124034105 0.07413966639006826 -0.022191600124034105 -0.022191600124034105 0.8107311878832316 0.9085324499297047 -0.9085324499297047 0.8107311878832316 -0.9085324499297047 0.9085324499297047 0.8107311878832316 -0.9085324499297047 -0.9085324499297047 0.8107311878832316 0.9085324499297047 0.9085324499297047
0.0 -10.433755112939998 0.0 -0.0 0.12249342324 0.16485732179999998 -0.0 -0.04400413434 0.0 0.16485732179999998 0.12249342324 0.0 0.0 0.25208985798 0.0 -0.16485732179999998 0.12249342324 -0.0 0.0 -0.04400413434 0.0 -0.0 -0.01711279386 0.0 -0.0 0.12249342324 -0.16485732179999998 -0.0 1.36274371812 -0.0 -0.0 -0.01711279386 0.0 0.0 0.0103799754 -0.0 0.0 -0.01711279386 -0.0 0.0 1.36274371812 0.0 0.0 -0.01711279386 0.0 0.0 0.25208985798 0.0 0.9085324499297047 0.8107311878832316 0.9085324499297047 -0.9085324499297047 0.8107311878832316 0.9085324499297047 -0.9085324499297047 0.8107311878832316 -0.9085324499297047 0.9085324499297047 0.8107311878832316 -0.9085324499297047 -0.022191600124034105 0.07413966639006826 -0.022191600124034105 -0.022191600124034105 0.07413966639006826 0.022191600124034105 0.022191600124034105 0.07413966639006826 0.022191600124034105 0.022191600124034105 0.07413966639006826 -0.022191600124034105 0.022191600124034105 0.07413966639006826 -0.022191600124034105 0.022191600124034105 0.07413966639006826 0.022191600124034105 -0.022191600124034105 0.07413966639006826 0.022191600124034105 -0.022191600124034105 0.07413966639006826 -0.022191600124034105 0.9085324499297047 0.8107311878832316 -0.9085324499297047 -0.9085324499297047 0.8107311878832316 -0.9085324499297047 -0.9085324499297047 0.8107311878832316 0.9085324499297047 0.9085324499297047 0.8107311878832316 0.9085324499297047
0.0 0.0 -10.433755112939998 0.0 0.16485732179999998 0.12249342324 0.16485732179999998 0.0 0.12249342324 0.0 0.0 -0.04400413434 0.0 0.0 0.25208985798 -0.0 -0.0 -0.04400413434 -0.16485732179999998 0.0 0.12249342324 -0.0 0.0 -0.01711279386 0.0 -0.16485732179999998 0.12249342324 -0.0 0.0 -0.01711279386 0.0 -0.0 1.36274371812 -0.0 -0.0 0.0103799754 -0.0 0.0 1.36274371812 -0.0 -0.0 -0.01711279386 0.0 0.0 -0.01711279386 0.0 0.0 0.25208985798 0.9085324499297047 0.9085324499297047 0.8107311878832316 -0.9085324499297047 0.9085324499297047 0.8107311878832316 0.9085324499297047 -0.9085324499297047 0.8107311878832316 -0.9085324499297047 -0.9085324499297047 0.8107311878832316 -0.022191600124034105 -0.022191600124034105 0.07413966639006826 0.022191600124034105 0.022191600124034105 0.07413966639006826 -0.022191600124034105 0.022191600124034105 0.07413966639006826 0.022191600124034105 -0.022191600124034105 0.07413966639006826 0.022191600124034105 -0.022191600124034105 0.07413966639006826 -0.022191600124034105 0.022191600124034105 0.07413966639006826 0.022191600124034105 0.022191600124034105 0.07413966639006826 -0.022191600124034105 -0.022191600124034105 0.07413966639006826 -0.9085324499297047 -0.9085324499297047 0.8107311878832316 0.9085324499297047 -0.9085324499297047 0.8107311878832316 -0.9085324499297047 0.9085324499297047 0.8107311878832316 0.9085324499297047 0.9085324499297047 0.8107311878832316
-0.04400413434 -0.0 0.0 -10.433755112939998 0.0 0.0 0.12249342324 -0.16485732179999998 -0.0 0.12249342324 0.0 -0.16485732179999998 1.36274371812 0.0 0.0 0.12249342324 -0.0 0.16485732179999998 0.12249342324 0.16485732179999998 0.0 0.25208985798 0.0 0.0 0.0103799754 0.0 -0.0 -0.01711279386 -0.0 0.0 -0.01711279386 -0.0 -0.0 -0.04400413434 -0.0 0.0 -0.01711279386 0.0 -0.0 -0.01711279386 0.0 -0.0 0.25208985798 0.0 0.0 1.36274371812 -0.0 -0.0 0.8107311878832316 -0.9085324499297047 -0.9085324499297047 0.8107311878832316 0.9085324499297047 0.9085324499297047 0.07413966639006826 -0.022191600124034105 0.022191600124034105 0.07413966639006826 0.022191600124034105 -0.022191600124034105 0.07413966639006826 0.022191600124034105 0.022191600124034105 0.8107311878832316 -0.9085324499297047 0.9085324499297047 0.8107311878832316 0.9085324499297047 -0.9085324499297047 0.07413966639006826 -0.022191600124034105 -0.022191600124034105 0.07413966639006826 -0.022191600124034105 -0.022191600124034105 0.8107311878832316 0.9085324499297047 -0.9085324499297047 0.8107311878832316 -0.9085324499297047 0.9085324499297047 0.07413966639006826 0.022191600124034105 0.022191600124034105 0.07413966639006826 0.022191600124034105 -0.022191600124034105 0.07413966639006826 -0.022191600124034105 0.022191600124034105 0.8107311878832316 0.9085324499297047 0.9085324499297047 0.8107311878832316 -0.9085324499297047 -0.9085324499297047
-0.0 0.12249342324 0.16485732179999998 0.0 -10.433755112939998 0.0 -0.16485732179999998 0.12249342324 -0.0 0.0 -0.04400413434 0.0 -0.0 -0.01711279386 0.0 -0.0 -0.04400413434 0.0 0.16485732179999998 0.12249342324 0.0 0.0 0.25208985798 0.0 0.0 0.0103799754 -0.0 0.0 -0.01711279386 -0.0 0.0 1.36274371812 0.0 -0.0 0.12249342324 -0.16485732179999998 -0.0 1.36274371812 -0.0 -0.0 -0.01711279386 0.0 0.0 0.25208985798 0.0 0.0 -0.01711279386 0.0 -0.9085324499297047 0.8107311878832316 0.9085324499297047 0.9085324499297047 0.8107311878832316 0.9085324499297047 -0.022191600124034105 0.07413966639006826 0.022191600124034105 0.022191600124034105 0.07413966639006826 0.022191600124034105 0.022191600124034105 0.07413966639006826 -0.022191600124034105 -0.9085324499297047 0.8107311878832316 -0.9085324499297047 0.9085324499297047 0.8107311878832316 -0.9085324499297047 -0.022191600124034105 0.07413966639006826 -0.022191600124034105 -0.022191600124034105 0.07413966639006826 -0.022191600124034105 0.9085324499297047 0.8107311878832316 -0.9085324499297047 -0.9085324499297047 0.8107311878832316 -0.9085324499297047 0.022191600124034105 0.07413966639006826 -0.022191600124034105 0.022191600124034105 0.07413966639006826 0.022191600124034105 -0.022191600124034105 0.07413966639006826 0.022191600124034105 0.9085324499297047 0.8107311878832316 0.9085324499297047 -0.9085324499297047 0.8107311878832316 0.9085324499297047
0.0 0.16485732179999998 0.12249342324 0.0 0.0 -10.433755112939998 -0.0 -0.0 -0.04400413434 -0.16485732179999998 0.0 0.12249342324 -0.0 0.0 -0.01711279386 0.16485732179999998 0.0 0.12249342324 0.0 0.0 -0.04400413434 0.0 0.0 0.25208985798 -0.0 -0.0 0.0103799754 -0.0 0.0 1.36274371812 -0.0 -0.0 -0.01711279386 0.0 -0.16485732179999998 0.12249342324 -0.0 0.0 -0.01711279386 0.0 -0.0 1.36274371812 0.0 0.0 0.25208985798 0.0 0.0 -0.01711279386 -0.9085324499297047 0.9085324499297047 0.8107311878832316 0.9085324499297047 0.9085324499297047 0.8107311878832316 0.022191600124034105 0.022191600124034105 0.07413966639006826 -0.022191600124034105 0.022191600124034105 0.07413966639006826 0.022191600124034105 -0.022191600124034105 0.07413966639006826 0.9085324499297047 -0.9085324499297047 0.8107311878832316 -0.9085324499297047 -0.9085324499297047 0.8107311878832316 -0.022191600124034105 -0.022191600124034105 0.07413966639006826 -0.022191600124034105 -0.022191600124034105 0.07413966639006826 -0.9085324499297047 -0.9085324499297047 0.8107311878832316 0.9085324499297047 -0.9085324499297047 0.8107311878832316 0.022191600124034105 -0.022191600124034105 0.07413966639006826 -0.022191600124034105 0.022191600124034105 0.07413966639006826 0.022191600124034105 0.022191600124034105 0.07413966639006826 0.9085324499297047 0.9085324499297047 0.8107311878832316 -0.9085324499297047 0.9085324499297047 0.8107311878832316
0.12249342324 -0.0 0.16485732179999998 0.12249342324 -0.16485732179999998 -0.0 -10.433755112939998 0.0 0.0 -0.04400413434 -0.0 0.0 -0.01711279386 0.0 -0.0 -0.04400413434 -0.0 0.0 0.0103799754 0.0 -0.0 -0.01711279386 -0.0 0.0 0.12249342324 0.16485732179999998 0.0 0.25208985798 0.0 0.0 1.36274371812 -0.0 -0.0 0.12249342324 0.0 -0.16485732179999998 1.36274371812 0.0 0.0 0.25208985798 0.0 0.0 -0.01711279386 0.0 -0.0 -0.01711279386 -0.0 -0.0 0.8107311878832316 -0.9085324499297047 0.9085324499297047 0.07413966639006826 -0.022191600124034105 0.022191600124034105 0.8107311878832316 0.9085324499297047 0.9085324499297047 0.07413966639006826 0.022191600124034105 0.022191600124034105 0.07413966639006826 0.022191600124034105 -0.022191600124034105 0.8107311878832316 -0.9085324499297047 -0.9085324499297047 0.07413966639006826 -0.022191600124034105 -0.022191600124034105 0.8107311878832316 0.9085324499297047 -0.9085324499297047 0.8107311878832316 0.9085324499297047 -0.9085324499297047 0.07413966639006826 -0.022191600124034105 -0.022191600124034105 0.8107311878832316 -0.9085324499297047 -0.9085324499297047 0.07413966639006826 0.022191600124034105 -0.022191600124034105 0.07413966639006826 0.022191600124034105 0.022191600124034105 0.8107311878832316 0.9085324499297047 0.9085324499297047 0.07413966639006826 -0.022191600124034105 0.022191600124034105 0.8107311878832316 -0.9085324499297047 0.9085324499297047
-0.0 -0.04400413434 0.0 -0.16485732179999998 0.12249342324 -0.0 0.0 -10.433755112939998 0.0 -0.0 0.12249342324 -0.16485732179999998 -0.0 1.36274371812 -0.0 -0.0 0.12249342324 0.16485732179999998 0.0 0.0103799754 -0.0 0.0 -0.01711279386 -0.0 0.16485732179999998 0.12249342324 0.0 0.0 0.25208985798 0.0 0.0 -0.01711279386 0.0 0.0 -0.04400413434 0.0 -0.0 -0.01711279386 0.0 0.0 0.25208985798 0.0 -0.0 -0.01711279386 0.0 0.0 1.36274371812 0.0 -0.9085324499297047 0.8107311878832316 -0.9085324499297047 -0.022191600124034105 0.07413966639006826 0.022191600124034105 0.9085324499297047 0.8107311878832316 0.9085324499297047 0.022191600124034105 0.07413966639006826 -0.022191600124034105 0.022191600124034105 0.07413966639006826 0.022191600124034105 -0.9085324499297047 0.8107311878832316 0.9085324499297047 -0.022191600124034105 0.07413966639006826 -0.022191600124034105 0.9085324499297047 0.8107311878832316 -0.9085324499297047 0.9085324499297047 0.8107311878832316 -0.9085324499297047 -0.022191600124034105 0.07413966639006826 -0.022191600124034105 -0.9085324499297047 0.8107311878832316 0.9085324499297047 0.022191600124034105 0.07413966639006826 0.022191600124034105 0.022191600124034105 0.07413966639006826 -0.022191600124034105 0.9085324499297047 0.8107311878832316 0.9085324499297047 -0.022191600124034105 0.07413966639006826 0.022191600124034105 -0.9085324499297047 0.8107311878832316 -0.9085324499297047
0.16485732179999998 0.0 0.12249342324 -0.0 -0.0 -0.04400413434 0.0 0.0 -10.433755112939998 0.0 -0.16485732179999998 0.12249342324 -0.0 0.0 -0.01711279386 0.0 0.16485732179999998 0.12249342324 -0.0 -0.0 0.0103799754 -0.0 0.0 1.36274371812 0.0 0.0 -0.04400413434 0.0 0.0 0.25208985798 0.0 0.0 -0.01711279386 -0.16485732179999998 0.0 0.12249342324 -0.0 0.0 -0.01711279386 0.0 0.0 0.25208985798 0.0 -0.0 1.36274371812 -0.0 -0.0 -0.01711279386 0.9085324499297047 -0.9085324499297047 0.8107311878832316 0.022191600124034105 0.022191600124034105 0.07413966639006826 0.9085324499297047 0.9085324499297047 0.8107311878832316 0.022191600124034105 -0.022191600124034105 0.07413966639006826 -0.022191600124034105 0.022191600124034105 0.07413966639006826 -0.9085324499297047 0.9085324499297047 0.8107311878832316 -0.022191600124034105 -0.022191600124034105 0.07413966639006826 -0.9085324499297047 -0.9085324499297047 0.8107311878832316 -0.9085324499297047 -0.9085324499297047 0.8107311878832316 -0.022191600124034105 -0.022191600124034105 0.07413966639006826 -0.9085324499297047 0.9085324499297047 0.8107311878832316 -0.022191600124034105 0.022191600124034105 0.07413966639006826 0.022191600124034105 -0.022191600124034105 0.07413966639006826 0.9085324499297047 0.9085324499297047 0.8107311878832316 0.022191600124034105 0.022191600124034105 0.07413966639006826 0.9085324499297047 -0.9085324499297047 0.8107311878832316
0.12249342324 0.16485732179999998 0.0 0.12249342324 0.0 -0.16485732179999998 -0.04400413434 -0.0 0.0 -10.433755112939998 0.0 0.0 -0.01711279386 0.0 -0.0 0.0103799754 0.0 -0.0 -0.04400413434 -0.0 0.0 -0.01711279386 -0.0 -0.0 0.12249342324 -0.0 0.16485732179999998 1.36274371812 -0.0 -0.0 0.25208985798 0.0 0.0 0.12249342324 -0.16485732179999998 -0.0 0.25208985798 0.0 0.0 1.36274371812 0.0 0.0 -0.01711279386 0.0 -0.0 -0.01711279386 -0.0 0.0 0.8107311878832316 0.9085324499297047 -0.9085324499297047 0.07413966639006826 0.022191600124034105 -0.022191600124034105 0.07413966639006826 0.022191600124034105 0.022191600124034105 0.8107311878832316 0.9085324499297047 0.9085324499297047 0.07413966639006826 -0.022191600124034105 0.022191600124034105 0.07413966639006826 -0.022191600124034105 -0.022191600124034105 0.8107311878832316 -0.9085324499297047 -0.9085324499297047 0.8107311878832316 -0.9085324499297047 0.9085324499297047 0.8107311878832316 -0.9085324499297047 0.9085324499297047 0.8107311878832316 -0.9085324499297047 -0.9085324499297047 0.07413966639006826 -0.022191600124034105 -0.022191600124034105 0.07413966639006826 -0.022191600124034105 0.022191600124034105 0.8107311878832316 0.9085324499297047 0.9085324499297047 0.07413966639006826 0.022191600124034105 0.022191600124034105 0.07413966639006826 0.022191600124034105 -0.022191600124034105 0.8107311878832316 0.9085324499297047 -0.9085324499297047
0.16485732179999998 0.12249342324 0.0 0.0 -0.04400413434 0.0 -0.0 0.12249342324 -0.16485732179999998 0.0 -10.433755112939998 0.0 -0.0 -0.01711279386 0.0 0.0 0.0103799754 -0.0 -0.0 0.12249342324 0.16485732179999998 0.0 1.36274371812 0.0 -0.0 -0.04400413434 0.0 0.0 -0.01711279386 0.0 0.0 0.25208985798 0.0 -0.16485732179999998 0.12249342324 -0.0 0.0 0.25208985798 0.0 -0.0 -0.01711279386 0.0 -0.0 1.36274371812 -0.0 0.0 -0.01711279386 -0.0 0.9085324499297047 0.8107311878832316 -0.9085324499297047 0.022191600124034105 0.07413966639006826 0.022191600124034105 0.022191600124034105 0.07413966639006826 -0.022191600124034105 0.9085324499297047 0.8107311878832316 0.9085324499297047 -0.022191600124034105 0.07413966639006826 0.022191600124034105 -0.022191600124034105 0.07413966639006826 -0.022191600124034105 -0.9085324499297047 0.8107311878832316 0.9085324499297047 -0.9085324499297047 0.8107311878832316 -0.9085324499297047 -0.9085324499297047 0.8107311878832316 -0.9085324499297047 -0.9085324499297047 0.8107311878832316 0.9085324499297047 -0.022191600124034105 0.07413966639006826 -0.022191600124034105 -0.022191600124034105 0.07413966639006826 0.022191600124034105 0.9085324499297047 0.8107311878832316 0.9085324499297047 0.022191600124034105 0.07413966639006826 -0.022191600124034105 0.022191600124034105 0.07413966639006826 0.022191600124034105 0.9085324499297047 0.8107311878832316 -0.9085324499297047
0.0 0.0 -0.04400413434 -0.16485732179999998 0.0 0.12249342324 0.0 -0.16485732179999998 0.12249342324 0.0 0.0 -10.433755112939998 0.0 -0.0 1.36274371812 -0.0 -0.0 0.0103799754 0.0 0.16485732179999998 0.12249342324 -0.0 -0.0 -0.01711279386 0.16485732179999998 0.0 0.12249342324 0.0 0.0 -0.01711279386 0.0 0.0 0.25208985798 -0.0 -0.0 -0.04400413434 0.0 0.0 0.25208985798 -0.0 0.0 -0.01711279386 -0.0 0.0 -0.01711279386 -0.0 0.0 1.36274371812 -0.9085324499297047 -0.9085324499297047 0.8107311878832316 -0.022191600124034105 0.022191600124034105 0.07413966639006826 0.022191600124034105 -0.022191600124034105 0.07413966639006826 0.9085324499297047 0.9085324499297047 0.8107311878832316 0.022191600124034105 0.022191600124034105 0.07413966639006826 -0.022191600124034105 -0.022191600124034105 0.07413966639006826 -0.9085324499297047 0.9085324499297047 0.8107311878832316 0.9085324499297047 -0.9085324499297047 0.8107311878832316 0.9085324499297047 -0.9085324499297047 0.8107311878832316 -0.9085324499297047 0.9085324499297047 0.8107311878832316 -0.022191600124034105 -0.022191600124034105 0.07413966639006826 0.022191600124034105 0.022191600124034105 0.07413966639006826 0.9085324499297047 0.9085324499297047 0.8107311878832316 0.022191600124034105 -0.022191600124034105 0.07413966639006826 -0.022191600124034105 0.022191600124034105 0.07413966639006826 -0.9085324499297047 -0.9085324499297047 0.8107311878832316
0.25208985798 0.0 0.0 1.36274371812 -0.0 -0.0 -0.01711279386 -0.0 -0.0 -0.01711279386 -0.0 0.0 -10.433755112939998 0.0 0.0 -0.01711279386 0.0 -0.0 -0.01711279386 0.0 -0.0 -0.04400413434 -0.0 0.0 1.36274371812 0.0 0.0 0.12249342324 -0.0 0.16485732179999998 0.12249342324 0.16485732179999998 0.0 0.25208985798 0.0 0.0 0.12249342324 -0.16485732179999998 -0.0 0.12249342324 0.0 -0.16485732179999998 -0.04400413434 -0.0 0.0 0.0103799754 0.0 -0.0 0.8107311878832316 0.9085324499297047 0.9085324499297047 0.8107311878832316 -0.9085324499297047 -0.9085324499297047 0.8107311878832316 -0.9085324499297047 0.9085324499297047 0.8107311878832316 0.9085324499297047 -0.9085324499297047 0.8107311878832316 0.9085324499297047 0.9085324499297047 0.07413966639006826 -0.022191600124034105 0.022191600124034105 0.07413966639006826 0.022191600124034105 -0.022191600124034105 0.8107311878832316 -0.9085324499297047 -0.9085324499297047 0.07413966639006826 0.022191600124034105 0.022191600124034105 0.8107311878832316 -0.9085324499297047 0.9085324499297047 0.8107311878832316 0.9085324499297047 -0.9085324499297047 0.07413966639006826 -0.022191600124034105 -0.022191600124034105 0.07413966639006826 -0.022191600124034105 0.022191600124034105 0.07413966639006826 0.022191600124034105 -0.022191600124034105 0.07413966639006826 0.022191600124034105 0.022191600124034105 0.07413966639006826 -0.022191600124034105 -0.022191600124034105
0.0 0.25208985798 0.0 0.0 -0.01711279386 0.0 0.0 1.36274371812 0.0 0.0 -0.01711279386 -0.0 0.0 -10.433755112939998 0.0 -0.0 -0.01711279386 0.0 -0.0 1.36274371812 -0.0 -0.0 0.12249342324 0.16485732179999998 -0.0 -0.01711279386 0.0 -0.0 -0.04400413434 0.0 0.16485732179999998 0.12249342324 0.0 0.0 0.25208985798 0.0 -0.16485732179999998 0.12249342324 -0.0 0.0 -0.04400413434 0.0 -0.0 0.12249342324 -0.16485732179999998 0.0 0.0103799754 -0.0 0.9085324499297047 0.8107311878832316 0.9085324499297047 -0.9085324499297047 0.8107311878832316 0.9085324499297047 -0.9085324499297047 0.8107311878832316 -0.9085324499297047 0.9085324499297047 0.8107311878832316 -0.9085324499297047 0.9085324499297047 0.8107311878832316 0.9085324499297047 -0.022191600124034105 0.07413966639006826 0.022191600124034105 0.022191600124034105 0.07413966639006826 0.022191600124034105 -0.9085324499297047 0.8107311878832316 0.9085324499297047 0.022191600124034105 0.07413966639006826 -0.022191600124034105 -0.9085324499297047 0.8107311878832316 -0.9085324499297047 0.9085324499297047 0.8107311878832316 -0.9085324499297047 -0.022191600124034105 0.07413966639006826 -0.022191600124034105 -0.022191600124034105 0.07413966639006826 0.022191600124034105 0.022191600124034105 0.07413966639006826 0.022191600124034105 0.022191600124034105 0.07413966639006826 -0.022191600124034105 -0.022191600124034105 0.07413966639006826 -0.022191600124034105
0.0 0.0 0.25208985798 0.0 0.0 -0.01711279386 -0.0 -0.0 -0.01711279386 -0.0 0.0 1.36274371812 0.0 0.0 -10.433755112939998 0.0 -0.0 1.36274371812 -0.0 0.0 -0.01711279386 0.0 0.16485732179999998 0.12249342324 -0.0 0.0 -0.01711279386 0.16485732179999998 0.0 0.12249342324 0.0 0.0 -0.04400413434 0.0 0.0 0.25208985798 -0.0 -0.0 -0.04400413434 -0.16485732179999998 0.0 0.12249342324 0.0 -0.16485732179999998 0.12249342324 -0.0 -0.0 0.0103799754 0.9085324499297047 0.9085324499297047 0.8107311878832316 -0.9085324499297047 0.9085324499297047 0.8107311878832316 0.9085324499297047 -0.9085324499297047 0.8107311878832316 -0.9085324499297047 -0.9085324499297047 0.8107311878832316 0.9085324499297047 0.9085324499297047 0.8107311878832316 0.022191600124034105 0.022191600124034105 0.07413966639006826 -0.022191600124034105 0.022191600124034105 0.07413966639006826 -0.9085324499297047 0.9085324499297047 0.8107311878832316 0.022191600124034105 -0.022191600124034105 0.07413966639006826 0.9085324499297047 -0.9085324499297047 0.8107311878832316 -0.9085324499297047 -0.9085324499297047 0.8107311878832316 -0.022191600124034105 -0.022191600124034105 0.07413966639006826 0.022191600124034105 0.022191600124034105 0.07413966639006826 -0.022191600124034105 0.022191600124034105 0.07413966639006826 0.022191600124034105 -0.022191600124034105 0.07413966639006826 -0.022191600124034105 -0.022191600124034105 0.07413966639006826
0.12249342324 -0.16485732179999998 -0.0 0.12249342324 -0.0 0.16485732179999998 -0.04400413434 -0.0 0.0 0.0103799754 0.0 -0.0 -0.01711279386 -0.0 0.0 -10.433755112939998 0.0 0.0 -0.04400413434 -0.0 0.0 -0.01711279386 0.0 -0.0 0.12249342324 0.0 -0.16485732179999998 1.36274371812 0.0 0.0 0.25208985798 0.0 0.0 0.12249342324 0.16485732179999998 0.0 0.25208985798 0.0 0.0 1.36274371812 -0.0 -0.0 -0.01711279386 -0.0 -0.0 -0.01711279386 0.0 -0.0 0.07413966639006826 -0.022191600124034105 0.022191600124034105 0.8107311878832316 -0.9085324499297047 0.9085324499297047 0.8107311878832316 -0.9085324499297047 -0.9085324499297047 0.07413966639006826 -0.022191600124034105 -0.022191600124034105 0.8107311878832316 0.9085324499297047 -0.9085324499297047 0.8107311878832316 0.9085324499297047 0.9085324499297047 0.07413966639006826 0.022191600124034105 0.022191600124034105 0.07413966639006826 0.022191600124034105 -0.022191600124034105 0.07413966639006826 0.022191600124034105 -0.022191600124034105 0.07413966639006826 0.022191600124034105 0.022191600124034105 0.8107311878832316 0.9085324499297047 0.9085324499297047 0.8107311878832316 0.9085324499297047 -0.9085324499297047 0.07413966639006826 -0.022191600124034105 -0.022191600124034105 0.8107311878832316 -0.9085324499297047 -0.9085324499297047 0.8107311878832316 -0.9085324499297047 0.9085324499297047 0.07413966639006826 -0.022191600124034105 0.022191600124034105
-0.16485732179999998 0.12249342324 -0.0 -0.0 -0.04400413434 0.0 -0.0 0.12249342324 0.16485732179999998 0.0 0.0103799754 -0.0 0.0 -0.01711279386 -0.0 0.0 -10.433755112939998 0.0 -0.0 0.12249342324 -0.16485732179999998 -0.0 1.36274371812 -0.0 0.0 -0.04400413434 0.0 -0.0 -0.01711279386 0.0 0.0 0.25208985798 0.0 0.16485732179999998 0.12249342324 0.0 0.0 0.25208985798 0.0 0.0 -0.01711279386 0.0 0.0 1.36274371812 0.0 -0.0 -0.01711279386 0.0 -0.022191600124034105 0.07413966639006826 0.022191600124034105 -0.9085324499297047 0.8107311878832316 -0.9085324499297047 -0.9085324499297047 0.8107311878832316 0.9085324499297047 -0.022191600124034105 0.07413966639006826 -0.022191600124034105 0.9085324499297047 0.8107311878832316 -0.9085324499297047 0.9085324499297047 0.8107311878832316 0.9085324499297047 0.022191600124034105 0.07413966639006826 -0.022191600124034105 0.022191600124034105 0.07413966639006826 0.022191600124034105 0.022191600124034105 0.07413966639006826 0.022191600124034105 0.022191600124034105 0.07413966639006826 -0.022191600124034105 0.9085324499297047 0.8107311878832316 0.9085324499297047 0.9085324499297047 0.8107311878832316 -0.9085324499297047 -0.022191600124034105 0.07413966639006826 -0.022191600124034105 -0.9085324499297047 0.8107311878832316 0.9085324499297047 -0.9085324499297047 0.8107311878832316 -0.9085324499297047 -0.022191600124034105 0.07413966639006826 0.022191600124034105
-0.0 -0.0 -0.04400413434 0.16485732179999998 0.0 0.12249342324 0.0 0.16485732179999998 0.12249342324 -0.0 -0.0 0.0103799754 -0.0 0.0 1.36274371812 0.0 0.0 -10.433755112939998 0.0 -0.16485732179999998 0.12249342324 -0.0 0.0 -0.01711279386 -0.16485732179999998 0.0 0.12249342324 -0.0 0.0 -0.01711279386 0.0 0.0 0.25208985798 0.0 0.0 -0.04400413434 0.0 0.0 0.25208985798 0.0 0.0 -0.01711279386 -0.0 -0.0 -0.01711279386 0.0 -0.0 1.36274371812 0.022191600124034105 0.022191600124034105 0.07413966639006826 0.9085324499297047 -0.9085324499297047 0.8107311878832316 -0.9085324499297047 0.9085324499297047 0.8107311878832316 -0.022191600124034105 -0.022191600124034105 0.07413966639006826 -0.9085324499297047 -0.9085324499297047 0.8107311878832316 0.9085324499297047 0.9085324499297047 0.8107311878832316 0.022191600124034105 -0.022191600124034105 0.07413966639006826 -0.022191600124034105 0.022191600124034105 0.07413966639006826 -0.022191600124034105 0.022191600124034105 0.07413966639006826 0.022191600124034105 -0.022191600124034105 0.07413966639006826 0.9085324499297047 0.9085324499297047 0.8107311878832316 -0.9085324499297047 -0.9085324499297047 0.8107311878832316 -0.022191600124034105 -0.022191600124034105 0.07413966639006826 -0.9085324499297047 0.9085324499297047 0.8107311878832316 0.9085324499297047 -0.9085324499297047 0.8107311878832316 0.022191600124034105 0.022191600124034105 0.07413966639006826
0.12249342324 0.0 -0.16485732179999998 0.12249342324 0.16485732179999998 0.0 0.0103799754 0.0 -0.0 -0.04400413434 -0.0 0.0 -0.01711279386 -0.0 -0.0 -0.04400413434 -0.0 0.0 -10.433755112939998 0.0 0.0 -0.01711279386 0.0 -0.0 0.12249342324 -0.16485732179999998 -0.0 0.25208985798 0.0 0.0 1.36274371812 0.0 0.0 0.12249342324 -0.0 0.16485732179999998 1.36274371812 -0.0 -0.0 0.25208985798 0.0 0.0 -0.01711279386 -0.0 0.0 -0.01711279386 0.0 -0.0 0.07413966639006826 0.022191600124034105 -0.022191600124034105 0.8107311878832316 0.9085324499297047 -0.9085324499297047 0.07413966639006826 -0.022191600124034105 -0.022191600124034105 0.8107311878832316 -0.9085324499297047 -0.9085324499297047 0.8107311878832316 -0.9085324499297047 0.9085324499297047 0.07413966639006826 0.022191600124034105 0.022191600124034105 0.8107311878832316 0.9085324499297047 0.9085324499297047 0.07413966639006826 -0.022191600124034105 0.022191600124034105 0.07413966639006826 -0.022191600124034105 0.022191600124034105 0.8107311878832316 0.9085324499297047 0.9085324499297047 0.07413966639006826 0.022191600124034105 0.022191600124034105 0.8107311878832316 -0.9085324499297047 0.9085324499297047 0.8107311878832316 -0.9085324499297047 -0.9085324499297047 0.07413966639006826 -0.022191600124034105 -0.022191600124034105 0.8107311878832316 0.9085324499297047 -0.9085324499297047 0.07413966639006826 0.022191600124034105 -0.022191600124034105
0.0 -0.04400413434 0.0 0.16485732179999998 0.12249342324 0.0 0.0 0.0103799754 -0.0 -0.0 0.12249342324 0.16485732179999998 0.0 1.36274371812 0.0 -0.0 0.12249342324 -0.16485732179999998 0.0 -10.433755112939998 0.0 -0.0 -0.01711279386 0.0 -0.16485732179999998 0.12249342324 -0.0 0.0 0.25208985798 0.0 -0.0 -0.01711279386 0.0 -0.0 -0.04400413434 0.0 0.0 -0.01711279386 0.0 0.0 0.25208985798 0.0 0.0 -0.01711279386 -0.0 -0.0 1.36274371812 -0.0 0.022191600124034105 0.07413966639006826 0.022191600124034105 0.9085324499297047 0.8107311878832316 -0.9085324499297047 -0.022191600124034105 0.07413966639006826 -0.022191600124034105 -0.9085324499297047 0.8107311878832316 0.9085324499297047 -0.9085324499297047 0.8107311878832316 -0.9085324499297047 0.022191600124034105 0.07413966639006826 -0.022191600124034105 0.9085324499297047 0.8107311878832316 0.9085324499297047 -0.022191600124034105 0.07413966639006826 0.022191600124034105 -0.022191600124034105 0.07413966639006826 0.022191600124034105 0.9085324499297047 0.8107311878832316 0.9085324499297047 0.022191600124034105 0.07413966639006826 -0.022191600124034105 -0.9085324499297047 0.8107311878832316 -0.9085324499297047 -0.9085324499297047 0.8107311878832316 0.9085324499297047 -0.022191600124034105 0.07413966639006826 -0.022191600124034105 0.9085324499297047 0.8107311878832316 -0.9085324499297047 0.022191600124034105 0.07413966639006826 0.022191600124034105
-0.16485732179999998 0.0 0.12249342324 0.0 0.0 -0.04400413434 -0.0 -0.0 0.0103799754 0.0 0.16485732179999998 0.12249342324 -0.0 -0.0 -0.01711279386 0.0 -0.16485732179999998 0.12249342324 0.0 0.0 -10.433755112939998 0.0 -0.0 1.36274371812 -0.0 -0.0 -0.04400413434 0.0 0.0 0.25208985798 -0.0 0.0 -0.01711279386 0.16485732179999998 0.0 0.12249342324 0.0 0.0 -0.01711279386 0.0 0.0 0.25208985798 -0.0 0.0 1.36274371812 -0.0 0.0 -0.01711279386 -0.022191600124034105 0.022191600124034105 0.07413966639006826 -0.9085324499297047 -0.9085324499297047 0.8107311878832316 -0.022191600124034105 -0.022191600124034105 0.07413966639006826 -0.9085324499297047 0.9085324499297047 0.8107311878832316 0.9085324499297047 -0.9085324499297047 0.8107311878832316 0.022191600124034105 -0.022191600124034105 0.07413966639006826 0.9085324499297047 0.9085324499297047 0.8107311878832316 0.022191600124034105 0.022191600124034105 0.07413966639006826 0.022191600124034105 0.022191600124034105 0.07413966639006826 0.9085324499297047 0.9085324499297047 0.8107311878832316 0.022191600124034105 -0.022191600124034105 0.07413966639006826 0.9085324499297047 -0.9085324499297047 0.8107311878832316 -0.9085324499297047 0.9085324499297047 0.8107311878832316 -0.022191600124034105 -0.022191600124034105 0.07413966639006826 -0.9085324499297047 -0.9085324499297047 0.8107311878832316 -0.022191600124034105 0.022191600124034105 0.07413966639006826
1.36274371812 -0.0 -0.0 0.25208985798 0.0 0.0 -0.01711279386 0.0 -0.0 -0.01711279386 0.0 -0.0 -0.04400413434 -0.0 0.0 -0.01711279386 -0.0 -0.0 -0.01711279386 -0.0 0.0 -10.433755112939998 0.0 0.0 0.25208985798 0.0 0.0 0.12249342324 -0.16485732179999998 -0.0 0.12249342324 0.0 -0.16485732179999998 1.36274371812 0.0 0.0 0.12249342324 -0.0 0.16485732179999998 0.12249342324 0.16485732179999998 0.0 0.0103799754 0.0 -0.0 -0.04400413434 -0.0 0.0 0.8107311878832316 -0.9085324499297047 -0.9085324499297047 0.8107311878832316 0.9085324499297047 0.9085324499297047 0.07413966639006826 -0.022191600124034105 0.022191600124034105 0.07413966639006826 0.022191600124034105 -0.022191600124034105 0.8107311878832316 -0.9085324499297047 -0.9085324499297047 0.8107311878832316 -0.9085324499297047 0.9085324499297047 0.8107311878832316 0.9085324499297047 -0.9085324499297047 0.8107311878832316 0.9085324499297047 0.9085324499297047 0.07413966639006826 -0.022191600124034105 -0.022191600124034105 0.07413966639006826 -0.022191600124034105 0.022191600124034105 0.07413966639006826 0.022191600124034105 -0.022191600124034105 0.07413966639006826 0.022191600124034105 0.022191600124034105 0.8107311878832316 -0.9085324499297047 0.9085324499297047 0.8107311878832316 0.9085324499297047 -0.9085324499297047 0.07413966639006826 -0.022191600124034105 -0.022191600124034105 0.07413966639006826 0.022191600124034105 0.022191600124034105
0.0 -0.01711279386 0.0 0.0 0.25208985798 0.0 -0.0 -0.01711279386 0.0 -0.0 1.36274371812 -0.0 -0.0 0.12249342324 0.16485732179999998 0.0 1.36274371812 0.0 0.0 -0.01711279386 -0.0 0.0 -10.433755112939998 0.0 0.0 0.25208985798 0.0 -0.16485732179999998 0.12249342324 -0.0 0.0 -0.04400413434 0.0 -0.0 -0.01711279386 0.0 -0.0 -0.04400413434 0.0 0.16485732179999998 0.12249342324 0.0 0.0 0.0103799754 -0.0 -0.0 0.12249342324 -0.16485732179999998 -0.9085324499297047 0.8107311878832316 0.9085324499297047 0.9085324499297047 0.8107311878832316 0.9085324499297047 -0.022191600124034105 0.07413966639006826 0.022191600124034105 0.022191600124034105 0.07413966639006826 0.022191600124034105 -0.9085324499297047 0.8107311878832316 0.9085324499297047 -0.9085324499297047 0.8107311878832316 -0.9085324499297047 0.9085324499297047 0.8107311878832316 -0.9085324499297047 0.9085324499297047 0.8107311878832316 0.9085324499297047 -0.022191600124034105 0.07413966639006826 -0.022191600124034105 -0.022191600124034105 0.07413966639006826 0.022191600124034105 0.022191600124034105 0.07413966639006826 0.022191600124034105 0.022191600124034105 0.07413966639006826 -0.022191600124034105 -0.9085324499297047 0.8107311878832316 -0.9085324499297047 0.9085324499297047 0.8107311878832316 -0.9085324499297047 -0.022191600124034105 0.07413966639006826 -0.022191600124034105 0.022191600124034105 0.07413966639006826 -0.022191600124034105
0.0 0.0 -0.01711279386 0.0 0.0 0.25208985798 0.0 -0.0 1.36274371812 -0.0 0.0 -0.01711279386 0.0 0.16485732179999998 0.12249342324 -0.0 -0.0 -0.01711279386 -0.0 0.0 1.36274371812 0.0 0.0 -10.433755112939998 0.0 0.0 0.25208985798 -0.0 -0.0 -0.04400413434 -0.16485732179999998 0.0 0.12249342324 -0.0 0.0 -0.01711279386 0.16485732179999998 0.0 0.12249342324 0.0 0.0 -0.04400413434 -0.0 -0.0 0.0103799754 0.0 -0.16485732179999998 0.12249342324 -0.9085324499297047 0.9085324499297047 0.8107311878832316 0.9085324499297047 0.9085324499297047 0.8107311878832316 0.022191600124034105 0.022191600124034105 0.07413966639006826 -0.022191600124034105 0.022191600124034105 0.07413966639006826 -0.9085324499297047 0.9085324499297047 0.8107311878832316 0.9085324499297047 -0.9085324499297047 0.8107311878832316 -0.9085324499297047 -0.9085324499297047 0.8107311878832316 0.9085324499297047 0.9085324499297047 0.8107311878832316 -0.022191600124034105 -0.022191600124034105 0.07413966639006826 0.022191600124034105 0.022191600124034105 0.07413966639006826 -0.022191600124034105 0.022191600124034105 0.07413966639006826 0.022191600124034105 -0.022191600124034105 0.07413966639006826 0.9085324499297047 -0.9085324499297047 0.8107311878832316 -0.9085324499297047 -0.9085324499297047 0.8107311878832316 -0.022191600124034105 -0.022191600124034105 0.07413966639006826 0.022191600124034105 -0.022191600124034105 0.07413966639006826
-0.04400413434 -0.0 0.0 0.0103799754 0.0 -0.0 0.12249342324 0.16485732179999998 0.0 0.12249342324 -0.0 0.16485732179999998 1.36274371812 -0.0 -0.0 0.12249342324 0.0 -0.16485732179999998 0.12249342324 -0.16485732179999998 -0.0 0.25208985798 0.0 0.0 -10.433755112939998 0.0 0.0 -0.01711279386 0.0 -0.0 -0.01711279386 0.0 -0.0 -0.04400413434 -0.0 0.0 -0.01711279386 -0.0 -0.0 -0.01711279386 -0.0 0.0 0.25208985798 0.0 0.0 1.36274371812 0.0 0.0 0.07413966639006826 0.022191600124034105 0.022191600124034105 0.07413966639006826 -0.022191600124034105 -0.022191600124034105 0.8107311878832316 0.9085324499297047 -0.9085324499297047 0.8107311878832316 -0.9085324499297047 0.9085324499297047 0.8107311878832316 -0.9085324499297047 -0.9085324499297047 0.07413966639006826 0.022191600124034105 -0.022191600124034105 0.07413966639006826 -0.022191600124034105 0.022191600124034105 0.8107311878832316 0.9085324499297047 0.9085324499297047 0.8107311878832316 0.9085324499297047 0.9085324499297047 0.07413966639006826 -0.022191600124034105 0.022191600124034105 0.07413966639006826 0.022191600124034105 -0.022191600124034105 0.8107311878832316 -0.9085324499297047 -0.9085324499297047 0.8107311878832316 -0.9085324499297047 0.9085324499297047 0.8107311878832316 0.9085324499297047 -0.9085324499297047 0.07413966639006826 -0.022191600124034105 -0.022191600124034105 0.07413966639006826 0.022191600124034105 0.022191600124034105
-0.0 0.12249342324 -0.16485732179999998 0.0 0.0103799754 -0.0 0.16485732179999998 0.12249342324 0.0 -0.0 -0.04400413434 0.0 0.0 -0.01711279386 0.0 0.0 -0.04400413434 0.0 -0.16485732179999998 0.12249342324 -0.0 0.0 0.25208985798 0.0 0.0 -10.433755112939998 0.0 -0.0 -0.01711279386 0.0 -0.0 1.36274371812 -0.0 -0.0 0.12249342324 0.16485732179999998 0.0 1.36274371812 0.0 0.0 -0.01711279386 -0.0 0.0 0.25208985798 0.0 -0.0 -0.01711279386 0.0 0.022191600124034105 0.07413966639006826 -0.022191600124034105 -0.022191600124034105 0.07413966639006826 -0.022191600124034105 0.9085324499297047 0.8107311878832316 -0.9085324499297047 -0.9085324499297047 0.8107311878832316 -0.9085324499297047 -0.9085324499297047 0.8107311878832316 0.9085324499297047 0.022191600124034105 0.07413966639006826 0.022191600124034105 -0.022191600124034105 0.07413966639006826 0.022191600124034105 0.9085324499297047 0.8107311878832316 0.9085324499297047 0.9085324499297047 0.8107311878832316 0.9085324499297047 -0.022191600124034105 0.07413966639006826 0.022191600124034105 0.022191600124034105 0.07413966639006826 0.022191600124034105 -0.9085324499297047 0.8107311878832316 0.9085324499297047 -0.9085324499297047 0.8107311878832316 -0.9085324499297047 0.9085324499297047 0.8107311878832316 -0.9085324499297047 -0.022191600124034105 0.07413966639006826 -0.022191600124034105 0.022191600124034105 0.07413966639006826 -0.022191600124034105
0.0 -0.16485732179999998 0.12249342324 -0.0 -0.0 0.0103799754 0.0 0.0 -0.04400413434 0.16485732179999998 0.0 0.12249342324 0.0 0.0 -0.01711279386 -0.16485732179999998 0.0 0.12249342324 -0.0 -0.0 -0.04400413434 0.0 0.0 0.25208985798 0.0 0.0 -10.433755112939998 0.0 -0.0 1.36274371812 -0.0 0.0 -0.01711279386 0.0 0.16485732179999998 0.12249342324 -0.0 -0.0 -0.01711279386 -0.0 0.0 1.36274371812 0.0 0.0 0.25208985798 -0.0 0.0 -0.01711279386 0.022191600124034105 -0.022191600124034105 0.07413966639006826 -0.022191600124034105 -0.022191600124034105 0.07413966639006826 -0.9085324499297047 -0.9085324499297047 0.8107311878832316 0.9085324499297047 -0.9085324499297047 0.8107311878832316 -0.9085324499297047 0.9085324499297047 0.8107311878832316 -0.022191600124034105 0.022191600124034105 0.07413966639006826 0.022191600124034105 0.022191600124034105 0.07413966639006826 0.9085324499297047 0.9085324499297047 0.8107311878832316 0.9085324499297047 0.9085324499297047 0.8107311878832316 0.022191600124034105 0.022191600124034105 0.07413966639006826 -0.022191600124034105 0.022191600124034105 0.07413966639006826 -0.9085324499297047 0.9085324499297047 0.8107311878832316 0.9085324499297047 -0.9085324499297047 0.8107311878832316 -0.9085324499297047 -0.9085324499297047 0.8107311878832316 -0.022191600124034105 -0.022191600124034105 0.07413966639006826 0.022191600124034105 -0.022191600124034105 0.07413966639006826
