2.935980 0.000000 0.000000
0.000000 2.935980 0.000000
0.000000 0.000000 2.935980
0.000000 5.871960 5.871960
5.871960 0.000000 5.871960
5.871960 5.871960 0.000000
32 16
direct
0.000000 0.000000 0.000000 Al
0.500000 0.000000 0.000000 Al
0.000000 0.500000 0.000000 Al
0.000000 0.000000 0.500000 Al
0.250000 0.250000 0.250000 Al
0.500000 0.500000 0.000000 Al
0.500000 0.000000 0.500000 Al
0.750000 0.250000 0.250000 Al
0.000000 0.500000 0.500000 Al
0.250000 0.750000 0.250000 Al
0.250000 0.250000 0.750000 Al
0.500000 0.500000 0.500000 Al
0.750000 0.750000 0.250000 Al
0.750000 0.250000 0.750000 Al
0.250000 0.750000 0.750000 Al
0.750000 0.750000 0.750000 Al
0.125000 0.125000 0.125000 Ni
0.625000 0.125000 0.125000 Ni
0.125000 0.625000 0.125000 Ni
0.125000 0.125000 0.625000 Ni
0.375000 0.375000 0.375000 Ni
0.625000 0.625000 0.125000 Ni
0.625000 0.125000 0.625000 Ni
0.875000 0.375000 0.375000 Ni
0.125000 0.625000 0.625000 Ni
0.375000 0.875000 0.375000 Ni
0.375000 0.375000 0.875000 Ni
0.625000 0.625000 0.625000 Ni
0.875000 0.875000 0.375000 Ni
0.875000 0.375000 0.875000 Ni
0.375000 0.875000 0.875000 Ni
0.875000 0.875000 0.875000 Ni
-7.308382024979999 0.0 0.0 -0.06353370594 0.0 0.0 0.12687233201999998 0.0 0.13490001665999998 0.12687233201999998 0.13490001665999998 0.0 0.24935712102000002 0.0 0.0 0.12687233201999998 -0.13490001665999998 0.0 0.12687233201999998 0.0 -0.13490001665999998 0.99038186496 -0.0 0.0 -0.06353370594 0.0 0.0 -0.00839517948 0.0 0.0 -0.00839517948 0.0 0.0 -0.02130795522 0.0 -0.0 -0.00839517948 0.0 -0.0 -0.00839517948 0.0 0.0 0.99038186496 0.0 -0.0 0.24935712102000002 0.0 0.0 0.5162187370028314 0.5337086594834006 0.5337086594834006 0.5162187370028314 -0.5337086594834006 -0.5337086594834006 0.5162187370028314 -0.5337086594834006 0.5337086594834006 0.5162187370028314 0.5337086594834006 -0.5337086594834006 0.034653533012967364 -0.012510481739758711 -0.012510481739758711 0.034653533012967364 -0.012510481739758711 0.012510481739758711 0.034653533012967364 0.012510481739758711 -0.012510481739758711 0.034653533012967364 0.012510481739758711 0.012510481739758711 0.034653533012967364 0.012510481739758711 0.012510481739758711 0.034653533012967364 0.012510481739758711 -0.012510481739758711 0.034653533012967364 -0.012510481739758711 0.012510481739758711 0.034653533012967364 -0.012510481739758711 -0.012510481739758711 0.5162187370028314 0.5337086594834006 -0.5337086594834006 0.5162187370028314 -0.5337086594834006 0.5337086594834006 0.5162187370028314 -0.5337086594834006 -0.5337086594834006 0.5162187370028314 0.5337086594834006 0.5337086594834006
0.0 -7.308382024979999 0.0 0.0 0.12687233201999998 0.13490001665999998 0.0 -0.06353370594 0.0 0.13490001665999998 0.12687233201999998 0.0 0.0 0.24935712102000002 0.0 -0.13490001665999998 0.12687233201999998 0.0 0.0 -0.06353370594 0.0 0.0 -0.00839517948 0.0 0.0 0.12687233201999998 -0.13490001665999998 0.0 0.99038186496 -0.0 0.0 -0.00839517948 -0.0 0.0 -0.02130795522 0.0 0.0 -0.00839517948 0.0 0.0 0.99038186496 0.0 -0.0 -0.00839517948 0.0 0.0 0.24935712102000002 0.0 0.5337086594834006 0.5162187370028314 0.5337086594834006 -0.5337086594834006 0.5162187370028314 0.5337086594834006 -0.5337086594834006 0.5162187370028314 -0.5337086594834006 0.5337086594834006 0.5162187370028314 -0.5337086594834006 -0.012510481739758711 0.034653533012967364 -0.012510481739758711 -0.012510481739758711 0.034653533012967364 0.012510481739758711 0.012510481739758711 0.034653533012967364 0.012510481739758711 0.012510481739758711 0.034653533012967364 -0.012510481739758711 0.012510481739758711 0.034653533012967364 -0.012510481739758711 0.012510481739758711 0.034653533012967364 0.012510481739758711 -0.012510481739758711 0.034653533012967364 0.012510481739758711 -0.012510481739758711 0.034653533012967364 -0.012510481739758711 0.5337086594834006 0.5162187370028314 -0.5337086594834006 -0.5337086594834006 0.5162187370028314 -0.5337086594834006 -0.5337086594834006 0.5162187370028314 0.5337086594834006 0.5337086594834006 0.5162187370028314 0.5337086594834006
0.0 0.0 -7.308382024979999 0.0 0.13490001665999998 0.12687233201999998 0.13490001665999998 0.0 0.12687233201999998 0.0 0.0 -0.06353370594 0.0 0.0 0.24935712102000002 0.0 0.0 -0.06353370594 -0.13490001665999998 0.0 0.12687233201999998 -0.0 0.0 -0.00839517948 0.0 -0.13490001665999998 0.12687233201999998 0.0 0.0 -0.00839517948 -0.0 0.0 0.99038186496 -0.0 0.0 -0.02130795522 0.0 -0.0 0.99038186496 0.0 -0.0 -0.00839517948 0.0 0.0 -0.00839517948 0.0 0.0 0.24935712102000002 0.5337086594834006 0.5337086594834006 0.5162187370028314 -0.5337086594834006 0.5337086594834006 0.5162187370028314 0.5337086594834006 -0.5337086594834006 0.5162187370028314 -0.5337086594834006 -0.5337086594834006 0.5162187370028314 -0.012510481739758711 -0.012510481739758711 0.034653533012967364 0.012510481739758711 0.012510481739758711 0.034653533012967364 -0.012510481739758711 0.012510481739758711 0.034653533012967364 0.012510481739758711 -0.012510481739758711 0.034653533012967364 0.012510481739758711 -0.012510481739758711 0.034653533012967364 -0.012510481739758711 0.012510481739758711 0.034653533012967364 0.012510481739758711 0.012510481739758711 0.034653533012967364 -0.012510481739758711 -0.012510481739758711 0.034653533012967364 -0.5337086594834006 -0.5337086594834006 0.5162187370028314 0.5337086594834006 -0.5337086594834006 0.5162187370028314 -0.5337086594834006 0.5337086594834006 0.5162187370028314 0.5337086594834006 0.5337086594834006 0.5162187370028314
-0.06353370594 0.0 0.0 -7.308382024979999 0.0 0.0 0.12687233201999998 -0.13490001665999998 0.0 0.12687233201999998 0.0 -0.13490001665999998 0.99038186496 -0.0 0.0 0.12687233201999998 0.0 0.13490001665999998 0.12687233201999998 0.13490001665999998 0.0 0.24935712102000002 0.0 0.0 -0.02130795522 0.0 -0.0 -0.00839517948 0.0 -0.0 -0.00839517948 0.0 0.0 -0.06353370594 0.0 0.0 -0.00839517948 0.0 0.0 -0.00839517948 0.0 0.0 0.24935712102000002 0.0 0.0 0.99038186496 0.0 -0.0 0.5162187370028314 -0.5337086594834006 -0.5337086594834006 0.5162187370028314 0.5337086594834006 0.5337086594834006 0.034653533012967364 -0.012510481739758711 0.012510481739758711 0.034653533012967364 0.012510481739758711 -0.012510481739758711 0.034653533012967364 0.012510481739758711 0.012510481739758711 0.5162187370028314 -0.5337086594834006 0.5337086594834006 0.5162187370028314 0.5337086594834006 -0.5337086594834006 0.034653533012967364 -0.012510481739758711 -0.012510481739758711 0.034653533012967364 -0.012510481739758711 -0.012510481739758711 0.5162187370028314 0.5337086594834006 -0.5337086594834006 0.5162187370028314 -0.5337086594834006 0.5337086594834006 0.034653533012967364 0.012510481739758711 0.012510481739758711 0.034653533012967364 0.012510481739758711 -0.012510481739758711 0.034653533012967364 -0.012510481739758711 0.012510481739758711 0.5162187370028314 0.5337086594834006 0.5337086594834006 0.5162187370028314 -0.5337086594834006 -0.5337086594834006
0.0 0.12687233201999998 0.13490001665999998 0.0 -7.308382024979999 0.0 -0.13490001665999998 0.12687233201999998 0.0 0.0 -0.06353370594 0.0 0.0 -0.00839517948 0.0 0.0 -0.06353370594 0.0 0.13490001665999998 0.12687233201999998 0.0 0.0 0.24935712102000002 0.0 0.0 -0.02130795522 0.0 0.0 -0.00839517948 0.0 0.0 0.99038186496 0.0 0.0 0.12687233201999998 -0.13490001665999998 0.0 0.99038186496 -0.0 0.0 -0.00839517948 -0.0 0.0 0.24935712102000002 0.0 -0.0 -0.00839517948 0.0 -0.5337086594834006 0.5162187370028314 0.5337086594834006 0.5337086594834006 0.5162187370028314 0.5337086594834006 -0.012510481739758711 0.034653533012967364 0.012510481739758711 0.012510481739758711 0.034653533012967364 0.012510481739758711 0.012510481739758711 0.034653533012967364 -0.012510481739758711 -0.5337086594834006 0.5162187370028314 -0.5337086594834006 0.5337086594834006 0.5162187370028314 -0.5337086594834006 -0.012510481739758711 0.034653533012967364 -0.012510481739758711 -0.012510481739758711 0.034653533012967364 -0.012510481739758711 0.5337086594834006 0.5162187370028314 -0.5337086594834006 -0.5337086594834006 0.5162187370028314 -0.5337086594834006 0.012510481739758711 0.034653533012967364 -0.012510481739758711 0.012510481739758711 0.034653533012967364 0.012510481739758711 -0.012510481739758711 0.034653533012967364 0.012510481739758711 0.5337086594834006 0.5162187370028314 0.5337086594834006 -0.5337086594834006 0.5162187370028314 0.5337086594834006
0.0 0.13490001665999998 0.12687233201999998 0.0 0.0 -7.308382024979999 0.0 0.0 -0.06353370594 -0.13490001665999998 0.0 0.12687233201999998 -0.0 0.0 -0.00839517948 0.13490001665999998 0.0 0.12687233201999998 0.0 0.0 -0.06353370594 0.0 0.0 0.24935712102000002 -0.0 0.0 -0.02130795522 0.0 -0.0 0.99038186496 0.0 -0.0 -0.00839517948 0.0 -0.13490001665999998 0.12687233201999998 0.0 0.0 -0.00839517948 -0.0 0.0 0.99038186496 0.0 0.0 0.24935712102000002 0.0 0.0 -0.00839517948 -0.5337086594834006 0.5337086594834006 0.5162187370028314 0.5337086594834006 0.5337086594834006 0.5162187370028314 0.012510481739758711 0.012510481739758711 0.034653533012967364 -0.012510481739758711 0.012510481739758711 0.034653533012967364 0.012510481739758711 -0.012510481739758711 0.034653533012967364 0.5337086594834006 -0.5337086594834006 0.5162187370028314 -0.5337086594834006 -0.5337086594834006 0.5162187370028314 -0.012510481739758711 -0.012510481739758711 0.034653533012967364 -0.012510481739758711 -0.012510481739758711 0.034653533012967364 -0.5337086594834006 -0.5337086594834006 0.5162187370028314 0.5337086594834006 -0.5337086594834006 0.5162187370028314 0.012510481739758711 -0.012510481739758711 0.034653533012967364 -0.012510481739758711 0.012510481739758711 0.034653533012967364 0.012510481739758711 0.012510481739758711 0.034653533012967364 0.5337086594834006 0.5337086594834006 0.5162187370028314 -0.5337086594834006 0.5337086594834006 0.5162187370028314
0.12687233201999998 0.0 0.13490001665999998 0.12687233201999998 -0.13490001665999998 0.0 -7.308382024979999 0.0 0.0 -0.06353370594 0.0 0.0 -0.00839517948 0.0 0.0 -0.06353370594 0.0 0.0 -0.02130795522 0.0 -0.0 -0.00839517948 0.0 -0.0 0.12687233201999998 0.13490001665999998 0.0 0.24935712102000002 0.0 0.0 0.99038186496 0.0 -0.0 0.12687233201999998 0.0 -0.13490001665999998 0.99038186496 -0.0 0.0 0.24935712102000002 0.0 0.0 -0.00839517948 0.0 0.0 -0.00839517948 0.0 0.0 0.5162187370028314 -0.5337086594834006 0.5337086594834006 0.034653533012967364 -0.012510481739758711 0.012510481739758711 0.5162187370028314 0.5337086594834006 0.5337086594834006 0.034653533012967364 0.012510481739758711 0.012510481739758711 0.034653533012967364 0.012510481739758711 -0.012510481739758711 0.5162187370028314 -0.5337086594834006 -0.5337086594834006 0.034653533012967364 -0.012510481739758711 -0.012510481739758711 0.5162187370028314 0.5337086594834006 -0.5337086594834006 0.5162187370028314 0.5337086594834006 -0.5337086594834006 0.034653533012967364 -0.012510481739758711 -0.012510481739758711 0.5162187370028314 -0.5337086594834006 -0.5337086594834006 0.034653533012967364 0.012510481739758711 -0.012510481739758711 0.034653533012967364 0.012510481739758711 0.012510481739758711 0.5162187370028314 0.5337086594834006 0.5337086594834006 0.034653533012967364 -0.012510481739758711 0.012510481739758711 0.5162187370028314 -0.5337086594834006 0.5337086594834006
0.0 -0.06353370594 0.0 -0.13490001665999998 0.12687233201999998 0.0 0.0 -7.308382024979999 0.0 0.0 0.12687233201999998 -0.13490001665999998 0.0 0.99038186496 -0.0 0.0 0.12687233201999998 0.13490001665999998 0.0 -0.02130795522 0.0 0.0 -0.00839517948 0.0 0.13490001665999998 0.12687233201999998 0.0 0.0 0.24935712102000002 0.0 -0.0 -0.00839517948 0.0 0.0 -0.06353370594 0.0 0.0 -0.00839517948 0.0 0.0 0.24935712102000002 0.0 0.0 -0.00839517948 -0.0 0.0 0.99038186496 0.0 -0.5337086594834006 0.5162187370028314 -0.5337086594834006 -0.012510481739758711 0.034653533012967364 0.012510481739758711 0.5337086594834006 0.5162187370028314 0.5337086594834006 0.012510481739758711 0.034653533012967364 -0.012510481739758711 0.012510481739758711 0.034653533012967364 0.012510481739758711 -0.5337086594834006 0.5162187370028314 0.5337086594834006 -0.012510481739758711 0.034653533012967364 -0.012510481739758711 0.5337086594834006 0.5162187370028314 -0.5337086594834006 0.5337086594834006 0.5162187370028314 -0.5337086594834006 -0.012510481739758711 0.034653533012967364 -0.012510481739758711 -0.5337086594834006 0.5162187370028314 0.5337086594834006 0.012510481739758711 0.034653533012967364 0.012510481739758711 0.012510481739758711 0.034653533012967364 -0.012510481739758711 0.5337086594834006 0.5162187370028314 0.5337086594834006 -0.012510481739758711 0.034653533012967364 0.012510481739758711 -0.5337086594834006 0.5162187370028314 -0.5337086594834006
0.13490001665999998 0.0 0.12687233201999998 0.0 0.0 -0.06353370594 0.0 0.0 -7.308382024979999 0.0 -0.13490001665999998 0.12687233201999998 0.0 0.0 -0.00839517948 0.0 0.13490001665999998 0.12687233201999998 -0.0 0.0 -0.02130795522 0.0 -0.0 0.99038186496 0.0 0.0 -0.06353370594 0.0 0.0 0.24935712102000002 0.0 0.0 -0.00839517948 -0.13490001665999998 0.0 0.12687233201999998 -0.0 0.0 -0.00839517948 0.0 0.0 0.24935712102000002 -0.0 0.0 0.99038186496 0.0 -0.0 -0.00839517948 0.5337086594834006 -0.5337086594834006 0.5162187370028314 0.012510481739758711 0.012510481739758711 0.034653533012967364 0.5337086594834006 0.5337086594834006 0.5162187370028314 0.012510481739758711 -0.012510481739758711 0.034653533012967364 -0.012510481739758711 0.012510481739758711 0.034653533012967364 -0.5337086594834006 0.5337086594834006 0.5162187370028314 -0.012510481739758711 -0.012510481739758711 0.034653533012967364 -0.5337086594834006 -0.5337086594834006 0.5162187370028314 -0.5337086594834006 -0.5337086594834006 0.5162187370028314 -0.012510481739758711 -0.012510481739758711 0.034653533012967364 -0.5337086594834006 0.5337086594834006 0.5162187370028314 -0.012510481739758711 0.012510481739758711 0.034653533012967364 0.012510481739758711 -0.012510481739758711 0.034653533012967364 0.5337086594834006 0.5337086594834006 0.5162187370028314 0.012510481739758711 0.012510481739758711 0.034653533012967364 0.5337086594834006 -0.5337086594834006 0.5162187370028314
0.12687233201999998 0.13490001665999998 0.0 0.12687233201999998 0.0 -0.13490001665999998 -0.06353370594 0.0 0.0 -7.308382024979999 0.0 0.0 -0.00839517948 0.0 0.0 -0.02130795522 0.0 -0.0 -0.06353370594 0.0 0.0 -0.00839517948 0.0 0.0 0.12687233201999998 0.0 0.13490001665999998 0.99038186496 0.0 -0.0 0.24935712102000002 0.0 0.0 0.12687233201999998 -0.13490001665999998 0.0 0.24935712102000002 0.0 0.0 0.99038186496 -0.0 0.0 -0.00839517948 0.0 0.0 -0.00839517948 0.0 -0.0 0.5162187370028314 0.5337086594834006 -0.5337086594834006 0.034653533012967364 0.012510481739758711 -0.012510481739758711 0.034653533012967364 0.012510481739758711 0.012510481739758711 0.5162187370028314 0.5337086594834006 0.5337086594834006 0.034653533012967364 -0.012510481739758711 0.012510481739758711 0.034653533012967364 -0.012510481739758711 -0.012510481739758711 0.5162187370028314 -0.5337086594834006 -0.5337086594834006 0.5162187370028314 -0.5337086594834006 0.5337086594834006 0.5162187370028314 -0.5337086594834006 0.5337086594834006 0.5162187370028314 -0.5337086594834006 -0.5337086594834006 0.034653533012967364 -0.012510481739758711 -0.012510481739758711 0.034653533012967364 -0.012510481739758711 0.012510481739758711 0.5162187370028314 0.5337086594834006 0.5337086594834006 0.034653533012967364 0.012510481739758711 0.012510481739758711 0.034653533012967364 0.012510481739758711 -0.012510481739758711 0.5162187370028314 0.5337086594834006 -0.5337086594834006
0.13490001665999998 0.12687233201999998 0.0 0.0 -0.06353370594 0.0 0.0 0.12687233201999998 -0.13490001665999998 0.0 -7.308382024979999 0.0 0.0 -0.00839517948 -0.0 0.0 -0.02130795522 0.0 0.0 0.12687233201999998 0.13490001665999998 0.0 0.99038186496 0.0 0.0 -0.06353370594 0.0 -0.0 -0.00839517948 0.0 0.0 0.24935712102000002 0.0 -0.13490001665999998 0.12687233201999998 0.0 0.0 0.24935712102000002 0.0 0.0 -0.00839517948 0.0 0.0 0.99038186496 -0.0 0.0 -0.00839517948 0.0 0.5337086594834006 0.5162187370028314 -0.5337086594834006 0.012510481739758711 0.034653533012967364 0.012510481739758711 0.012510481739758711 0.034653533012967364 -0.012510481739758711 0.5337086594834006 0.5162187370028314 0.5337086594834006 -0.012510481739758711 0.034653533012967364 0.012510481739758711 -0.012510481739758711 0.034653533012967364 -0.012510481739758711 -0.5337086594834006 0.5162187370028314 0.5337086594834006 -0.5337086594834006 0.5162187370028314 -0.5337086594834006 -0.5337086594834006 0.5162187370028314 -0.5337086594834006 -0.5337086594834006 0.5162187370028314 0.5337086594834006 -0.012510481739758711 0.034653533012967364 -0.012510481739758711 -0.012510481739758711 0.034653533012967364 0.012510481739758711 0.5337086594834006 0.5162187370028314 0.5337086594834006 0.012510481739758711 0.034653533012967364 -0.012510481739758711 0.012510481739758711 0.034653533012967364 0.012510481739758711 0.5337086594834006 0.5162187370028314 -0.5337086594834006
0.0 0.0 -0.06353370594 -0.13490001665999998 0.0 0.12687233201999998 0.0 -0.13490001665999998 0.12687233201999998 0.0 0.0 -7.308382024979999 -0.0 0.0 0.99038186496 -0.0 0.0 -0.02130795522 0.0 0.13490001665999998 0.12687233201999998 0.0 -0.0 -0.00839517948 0.13490001665999998 0.0 0.12687233201999998 0.0 0.0 -0.00839517948 0.0 0.0 0.24935712102000002 0.0 0.0 -0.06353370594 0.0 0.0 0.24935712102000002 -0.0 0.0 -0.00839517948 0.0 0.0 -0.00839517948 0.0 -0.0 0.99038186496 -0.5337086594834006 -0.5337086594834006 0.5162187370028314 -0.012510481739758711 0.012510481739758711 0.034653533012967364 0.012510481739758711 -0.012510481739758711 0.034653533012967364 0.5337086594834006 0.5337086594834006 0.5162187370028314 0.012510481739758711 0.012510481739758711 0.034653533012967364 -0.012510481739758711 -0.012510481739758711 0.034653533012967364 -0.5337086594834006 0.5337086594834006 0.5162187370028314 0.5337086594834006 -0.5337086594834006 0.5162187370028314 0.5337086594834006 -0.5337086594834006 0.5162187370028314 -0.5337086594834006 0.5337086594834006 0.5162187370028314 -0.012510481739758711 -0.012510481739758711 0.034653533012967364 0.012510481739758711 0.012510481739758711 0.034653533012967364 0.5337086594834006 0.5337086594834006 0.5162187370028314 0.012510481739758711 -0.012510481739758711 0.034653533012967364 -0.012510481739758711 0.012510481739758711 0.034653533012967364 -0.5337086594834006 -0.5337086594834006 0.5162187370028314
0.24935712102000002 0.0 0.0 0.99038186496 0.0 -0.0 -0.00839517948 0.0 0.0 -0.00839517948 0.0 -0.0 -7.308382024979999 0.0 0.0 -0.00839517948 0.0 0.0 -0.00839517948 0.0 0.0 -0.06353370594 0.0 0.0 0.99038186496 -0.0 0.0 0.12687233201999998 0.0 0.13490001665999998 0.12687233201999998 0.13490001665999998 0.0 0.24935712102000002 0.0 0.0 0.12687233201999998 -0.13490001665999998 0.0 0.12687233201999998 0.0 -0.13490001665999998 -0.06353370594 0.0 0.0 -0.02130795522 0.0 -0.0 0.5162187370028314 0.5337086594834006 0.5337086594834006 0.5162187370028314 -0.5337086594834006 -0.5337086594834006 0.5162187370028314 -0.5337086594834006 0.5337086594834006 0.5162187370028314 0.5337086594834006 -0.5337086594834006 0.5162187370028314 0.5337086594834006 0.5337086594834006 0.034653533012967364 -0.012510481739758711 0.012510481739758711 0.034653533012967364 0.012510481739758711 -0.012510481739758711 0.5162187370028314 -0.5337086594834006 -0.5337086594834006 0.034653533012967364 0.012510481739758711 0.012510481739758711 0.5162187370028314 -0.5337086594834006 0.5337086594834006 0.5162187370028314 0.5337086594834006 -0.5337086594834006 0.034653533012967364 -0.012510481739758711 -0.012510481739758711 0.034653533012967364 -0.012510481739758711 0.012510481739758711 0.034653533012967364 0.012510481739758711 -0.012510481739758711 0.034653533012967364 0.012510481739758711 0.012510481739758711 0.034653533012967364 -0.012510481739758711 -0.012510481739758711
0.0 0.24935712102000002 0.0 -0.0 -0.00839517948 0.0 0.0 0.99038186496 0.0 0.0 -0.00839517948 0.0 0.0 -7.308382024979999 0.0 0.0 -0.00839517948 -0.0 0.0 0.99038186496 -0.0 0.0 0.12687233201999998 0.13490001665999998 0.0 -0.00839517948 0.0 0.0 -0.06353370594 0.0 0.13490001665999998 0.12687233201999998 0.0 0.0 0.24935712102000002 0.0 -0.13490001665999998 0.12687233201999998 0.0 0.0 -0.06353370594 0.0 0.0 0.12687233201999998 -0.13490001665999998 0.0 -0.02130795522 0.0 0.5337086594834006 0.5162187370028314 0.5337086594834006 -0.5337086594834006 0.5162187370028314 0.5337086594834006 -0.5337086594834006 0.5162187370028314 -0.5337086594834006 0.5337086594834006 0.5162187370028314 -0.5337086594834006 0.5337086594834006 0.5162187370028314 0.5337086594834006 -0.012510481739758711 0.034653533012967364 0.012510481739758711 0.012510481739758711 0.034653533012967364 0.012510481739758711 -0.5337086594834006 0.5162187370028314 0.5337086594834006 0.012510481739758711 0.034653533012967364 -0.012510481739758711 -0.5337086594834006 0.5162187370028314 -0.5337086594834006 0.5337086594834006 0.5162187370028314 -0.5337086594834006 -0.012510481739758711 0.034653533012967364 -0.012510481739758711 -0.012510481739758711 0.034653533012967364 0.012510481739758711 0.012510481739758711 0.034653533012967364 0.012510481739758711 0.012510481739758711 0.034653533012967364 -0.012510481739758711 -0.012510481739758711 0.034653533012967364 -0.012510481739758711
0.0 0.0 0.24935712102000002 0.0 0.0 -0.00839517948 0.0 -0.0 -0.00839517948 0.0 -0.0 0.99038186496 0.0 0.0 -7.308382024979999 -0.0 0.0 0.99038186496 0.0 0.0 -0.00839517948 0.0 0.13490001665999998 0.12687233201999998 -0.0 0.0 -0.00839517948 0.13490001665999998 0.0 0.12687233201999998 0.0 0.0 -0.06353370594 0.0 0.0 0.24935712102000002 0.0 0.0 -0.06353370594 -0.13490001665999998 0.0 0.12687233201999998 0.0 -0.13490001665999998 0.12687233201999998 -0.0 0.0 -0.02130795522 0.5337086594834006 0.5337086594834006 0.5162187370028314 -0.5337086594834006 0.5337086594834006 0.5162187370028314 0.5337086594834006 -0.5337086594834006 0.5162187370028314 -0.5337086594834006 -0.5337086594834006 0.5162187370028314 0.5337086594834006 0.5337086594834006 0.5162187370028314 0.012510481739758711 0.012510481739758711 0.034653533012967364 -0.012510481739758711 0.012510481739758711 0.034653533012967364 -0.5337086594834006 0.5337086594834006 0.5162187370028314 0.012510481739758711 -0.012510481739758711 0.034653533012967364 0.5337086594834006 -0.5337086594834006 0.5162187370028314 -0.5337086594834006 -0.5337086594834006 0.5162187370028314 -0.012510481739758711 -0.012510481739758711 0.034653533012967364 0.012510481739758711 0.012510481739758711 0.034653533012967364 -0.012510481739758711 0.012510481739758711 0.034653533012967364 0.012510481739758711 -0.012510481739758711 0.034653533012967364 -0.012510481739758711 -0.012510481739758711 0.034653533012967364
0.12687233201999998 -0.13490001665999998 0.0 0.12687233201999998 0.0 0.13490001665999998 -0.06353370594 0.0 0.0 -0.02130795522 0.0 -0.0 -0.00839517948 0.0 -0.0 -7.308382024979999 0.0 0.0 -0.06353370594 0.0 0.0 -0.00839517948 0.0 0.0 0.12687233201999998 0.0 -0.13490001665999998 0.99038186496 -0.0 0.0 0.24935712102000002 0.0 0.0 0.12687233201999998 0.13490001665999998 0.0 0.24935712102000002 0.0 0.0 0.99038186496 0.0 -0.0 -0.00839517948 0.0 0.0 -0.00839517948 0.0 0.0 0.034653533012967364 -0.012510481739758711 0.012510481739758711 0.5162187370028314 -0.5337086594834006 0.5337086594834006 0.5162187370028314 -0.5337086594834006 -0.5337086594834006 0.034653533012967364 -0.012510481739758711 -0.012510481739758711 0.5162187370028314 0.5337086594834006 -0.5337086594834006 0.5162187370028314 0.5337086594834006 0.5337086594834006 0.034653533012967364 0.012510481739758711 0.012510481739758711 0.034653533012967364 0.012510481739758711 -0.012510481739758711 0.034653533012967364 0.012510481739758711 -0.012510481739758711 0.034653533012967364 0.012510481739758711 0.012510481739758711 0.5162187370028314 0.5337086594834006 0.5337086594834006 0.5162187370028314 0.5337086594834006 -0.5337086594834006 0.034653533012967364 -0.012510481739758711 -0.012510481739758711 0.5162187370028314 -0.5337086594834006 -0.5337086594834006 0.5162187370028314 -0.5337086594834006 0.5337086594834006 0.034653533012967364 -0.012510481739758711 0.012510481739758711
-0.13490001665999998 0.12687233201999998 0.0 0.0 -0.06353370594 0.0 0.0 0.12687233201999998 0.13490001665999998 0.0 -0.02130795522 0.0 0.0 -0.00839517948 0.0 0.0 -7.308382024979999 0.0 0.0 0.12687233201999998 -0.13490001665999998 0.0 0.99038186496 -0.0 0.0 -0.06353370594 0.0 0.0 -0.00839517948 0.0 0.0 0.24935712102000002 0.0 0.13490001665999998 0.12687233201999998 0.0 0.0 0.24935712102000002 0.0 -0.0 -0.00839517948 0.0 0.0 0.99038186496 0.0 0.0 -0.00839517948 -0.0 -0.012510481739758711 0.034653533012967364 0.012510481739758711 -0.5337086594834006 0.5162187370028314 -0.5337086594834006 -0.5337086594834006 0.5162187370028314 0.5337086594834006 -0.012510481739758711 0.034653533012967364 -0.012510481739758711 0.5337086594834006 0.5162187370028314 -0.5337086594834006 0.5337086594834006 0.5162187370028314 0.5337086594834006 0.012510481739758711 0.034653533012967364 -0.012510481739758711 0.012510481739758711 0.034653533012967364 0.012510481739758711 0.012510481739758711 0.034653533012967364 0.012510481739758711 0.012510481739758711 0.034653533012967364 -0.012510481739758711 0.5337086594834006 0.5162187370028314 0.5337086594834006 0.5337086594834006 0.5162187370028314 -0.5337086594834006 -0.012510481739758711 0.034653533012967364 -0.012510481739758711 -0.5337086594834006 0.5162187370028314 0.5337086594834006 -0.5337086594834006 0.5162187370028314 -0.5337086594834006 -0.012510481739758711 0.034653533012967364 0.012510481739758711
0.0 0.0 -0.06353370594 0.13490001665999998 0.0 0.12687233201999998 0.0 0.13490001665999998 0.12687233201999998 -0.0 0.0 -0.02130795522 0.0 -0.0 0.99038186496 0.0 0.0 -7.308382024979999 0.0 -0.13490001665999998 0.12687233201999998 0.0 0.0 -0.00839517948 -0.13490001665999998 0.0 0.12687233201999998 -0.0 0.0 -0.00839517948 0.0 0.0 0.24935712102000002 0.0 0.0 -0.06353370594 0.0 0.0 0.24935712102000002 0.0 0.0 -0.00839517948 0.0 -0.0 -0.00839517948 -0.0 0.0 0.99038186496 0.012510481739758711 0.012510481739758711 0.034653533012967364 0.5337086594834006 -0.5337086594834006 0.5162187370028314 -0.5337086594834006 0.5337086594834006 0.5162187370028314 -0.012510481739758711 -0.012510481739758711 0.034653533012967364 -0.5337086594834006 -0.5337086594834006 0.5162187370028314 0.5337086594834006 0.5337086594834006 0.5162187370028314 0.012510481739758711 -0.012510481739758711 0.034653533012967364 -0.012510481739758711 0.012510481739758711 0.034653533012967364 -0.012510481739758711 0.012510481739758711 0.034653533012967364 0.012510481739758711 -0.012510481739758711 0.034653533012967364 0.5337086594834006 0.5337086594834006 0.5162187370028314 -0.5337086594834006 -0.5337086594834006 0.5162187370028314 -0.012510481739758711 -0.012510481739758711 0.034653533012967364 -0.5337086594834006 0.5337086594834006 0.5162187370028314 0.5337086594834006 -0.5337086594834006 0.5162187370028314 0.012510481739758711 0.012510481739758711 0.034653533012967364
0.12687233201999998 0.0 -0.13490001665999998 0.12687233201999998 0.13490001665999998 0.0 -0.02130795522 0.0 -0.0 -0.06353370594 0.0 0.0 -0.00839517948 0.0 0.0 -0.06353370594 0.0 0.0 -7.308382024979999 0.0 0.0 -0.00839517948 0.0 0.0 0.12687233201999998 -0.13490001665999998 0.0 0.24935712102000002 0.0 0.0 0.99038186496 -0.0 0.0 0.12687233201999998 0.0 0.13490001665999998 0.99038186496 0.0 -0.0 0.24935712102000002 0.0 0.0 -0.00839517948 0.0 -0.0 -0.00839517948 0.0 0.0 0.034653533012967364 0.012510481739758711 -0.012510481739758711 0.5162187370028314 0.5337086594834006 -0.5337086594834006 0.034653533012967364 -0.012510481739758711 -0.012510481739758711 0.5162187370028314 -0.5337086594834006 -0.5337086594834006 0.5162187370028314 -0.5337086594834006 0.5337086594834006 0.034653533012967364 0.012510481739758711 0.012510481739758711 0.5162187370028314 0.5337086594834006 0.5337086594834006 0.034653533012967364 -0.012510481739758711 0.012510481739758711 0.034653533012967364 -0.012510481739758711 0.012510481739758711 0.5162187370028314 0.5337086594834006 0.5337086594834006 0.034653533012967364 0.012510481739758711 0.012510481739758711 0.5162187370028314 -0.5337086594834006 0.5337086594834006 0.5162187370028314 -0.5337086594834006 -0.5337086594834006 0.034653533012967364 -0.012510481739758711 -0.012510481739758711 0.5162187370028314 0.5337086594834006 -0.5337086594834006 0.034653533012967364 0.012510481739758711 -0.012510481739758711
0.0 -0.06353370594 0.0 0.13490001665999998 0.12687233201999998 0.0 0.0 -0.02130795522 0.0 0.0 0.12687233201999998 0.13490001665999998 0.0 0.99038186496 0.0 0.0 0.12687233201999998 -0.13490001665999998 0.0 -7.308382024979999 0.0 0.0 -0.00839517948 -0.0 -0.13490001665999998 0.12687233201999998 0.0 0.0 0.24935712102000002 0.0 0.0 -0.00839517948 0.0 0.0 -0.06353370594 0.0 -0.0 -0.00839517948 0.0 0.0 0.24935712102000002 0.0 0.0 -0.00839517948 0.0 0.0 0.99038186496 -0.0 0.012510481739758711 0.034653533012967364 0.012510481739758711 0.5337086594834006 0.5162187370028314 -0.5337086594834006 -0.012510481739758711 0.034653533012967364 -0.012510481739758711 -0.5337086594834006 0.5162187370028314 0.5337086594834006 -0.5337086594834006 0.5162187370028314 -0.5337086594834006 0.012510481739758711 0.034653533012967364 -0.012510481739758711 0.5337086594834006 0.5162187370028314 0.5337086594834006 -0.012510481739758711 0.034653533012967364 0.012510481739758711 -0.012510481739758711 0.034653533012967364 0.012510481739758711 0.5337086594834006 0.5162187370028314 0.5337086594834006 0.012510481739758711 0.034653533012967364 -0.012510481739758711 -0.5337086594834006 0.5162187370028314 -0.5337086594834006 -0.5337086594834006 0.5162187370028314 0.5337086594834006 -0.012510481739758711 0.034653533012967364 -0.012510481739758711 0.5337086594834006 0.5162187370028314 -0.5337086594834006 0.012510481739758711 0.034653533012967364 0.012510481739758711
-0.13490001665999998 0.0 0.12687233201999998 0.0 0.0 -0.06353370594 -0.0 0.0 -0.02130795522 0.0 0.13490001665999998 0.12687233201999998 0.0 -0.0 -0.00839517948 0.0 -0.13490001665999998 0.12687233201999998 0.0 0.0 -7.308382024979999 -0.0 0.0 0.99038186496 0.0 0.0 -0.06353370594 0.0 0.0 0.24935712102000002 -0.0 0.0 -0.00839517948 0.13490001665999998 0.0 0.12687233201999998 0.0 0.0 -0.00839517948 0.0 0.0 0.24935712102000002 0.0 -0.0 0.99038186496 0.0 0.0 -0.00839517948 -0.012510481739758711 0.012510481739758711 0.034653533012967364 -0.5337086594834006 -0.5337086594834006 0.5162187370028314 -0.012510481739758711 -0.012510481739758711 0.034653533012967364 -0.5337086594834006 0.5337086594834006 0.5162187370028314 0.5337086594834006 -0.5337086594834006 0.5162187370028314 0.012510481739758711 -0.012510481739758711 0.034653533012967364 0.5337086594834006 0.5337086594834006 0.5162187370028314 0.012510481739758711 0.012510481739758711 0.034653533012967364 0.012510481739758711 0.012510481739758711 0.034653533012967364 0.5337086594834006 0.5337086594834006 0.5162187370028314 0.012510481739758711 -0.012510481739758711 0.034653533012967364 0.5337086594834006 -0.5337086594834006 0.5162187370028314 -0.5337086594834006 0.5337086594834006 0.5162187370028314 -0.012510481739758711 -0.012510481739758711 0.034653533012967364 -0.5337086594834006 -0.5337086594834006 0.5162187370028314 -0.012510481739758711 0.012510481739758711 0.034653533012967364
0.99038186496 0.0 -0.0 0.24935712102000002 0.0 0.0 -0.00839517948 0.0 0.0 -0.00839517948 0.0 0.0 -0.06353370594 0.0 0.0 -0.00839517948 0.0 0.0 -0.00839517948 0.0 -0.0 -7.308382024979999 0.0 0.0 0.24935712102000002 0.0 0.0 0.12687233201999998 -0.13490001665999998 0.0 0.12687233201999998 0.0 -0.13490001665999998 0.99038186496 -0.0 0.0 0.12687233201999998 0.0 0.13490001665999998 0.12687233201999998 0.13490001665999998 0.0 -0.02130795522 0.0 -0.0 -0.06353370594 0.0 0.0 0.5162187370028314 -0.5337086594834006 -0.5337086594834006 0.5162187370028314 0.5337086594834006 0.5337086594834006 0.034653533012967364 -0.012510481739758711 0.012510481739758711 0.034653533012967364 0.012510481739758711 -0.012510481739758711 0.5162187370028314 -0.5337086594834006 -0.5337086594834006 0.5162187370028314 -0.5337086594834006 0.5337086594834006 0.5162187370028314 0.5337086594834006 -0.5337086594834006 0.5162187370028314 0.5337086594834006 0.5337086594834006 0.034653533012967364 -0.012510481739758711 -0.012510481739758711 0.034653533012967364 -0.012510481739758711 0.012510481739758711 0.034653533012967364 0.012510481739758711 -0.012510481739758711 0.034653533012967364 0.012510481739758711 0.012510481739758711 0.5162187370028314 -0.5337086594834006 0.5337086594834006 0.5162187370028314 0.5337086594834006 -0.5337086594834006 0.034653533012967364 -0.012510481739758711 -0.012510481739758711 0.034653533012967364 0.012510481739758711 0.012510481739758711
-0.0 -0.00839517948 0.0 0.0 0.24935712102000002 0.0 0.0 -0.00839517948 -0.0 0.0 0.99038186496 -0.0 0.0 0.12687233201999998 0.13490001665999998 0.0 0.99038186496 0.0 0.0 -0.00839517948 0.0 0.0 -7.308382024979999 0.0 0.0 0.24935712102000002 0.0 -0.13490001665999998 0.12687233201999998 0.0 0.0 -0.06353370594 0.0 0.0 -0.00839517948 0.0 0.0 -0.06353370594 0.0 0.13490001665999998 0.12687233201999998 0.0 0.0 -0.02130795522 0.0 0.0 0.12687233201999998 -0.13490001665999998 -0.5337086594834006 0.5162187370028314 0.5337086594834006 0.5337086594834006 0.5162187370028314 0.5337086594834006 -0.012510481739758711 0.034653533012967364 0.012510481739758711 0.012510481739758711 0.034653533012967364 0.012510481739758711 -0.5337086594834006 0.5162187370028314 0.5337086594834006 -0.5337086594834006 0.5162187370028314 -0.5337086594834006 0.5337086594834006 0.5162187370028314 -0.5337086594834006 0.5337086594834006 0.5162187370028314 0.5337086594834006 -0.012510481739758711 0.034653533012967364 -0.012510481739758711 -0.012510481739758711 0.034653533012967364 0.012510481739758711 0.012510481739758711 0.034653533012967364 0.012510481739758711 0.012510481739758711 0.034653533012967364 -0.012510481739758711 -0.5337086594834006 0.5162187370028314 -0.5337086594834006 0.5337086594834006 0.5162187370028314 -0.5337086594834006 -0.012510481739758711 0.034653533012967364 -0.012510481739758711 0.012510481739758711 0.034653533012967364 -0.012510481739758711
0.0 0.0 -0.00839517948 0.0 0.0 0.24935712102000002 -0.0 0.0 0.99038186496 0.0 0.0 -0.00839517948 0.0 0.13490001665999998 0.12687233201999998 0.0 -0.0 -0.00839517948 0.0 -0.0 0.99038186496 0.0 0.0 -7.308382024979999 0.0 0.0 0.24935712102000002 0.0 0.0 -0.06353370594 -0.13490001665999998 0.0 0.12687233201999998 -0.0 0.0 -0.00839517948 0.13490001665999998 0.0 0.12687233201999998 0.0 0.0 -0.06353370594 -0.0 0.0 -0.02130795522 0.0 -0.13490001665999998 0.12687233201999998 -0.5337086594834006 0.5337086594834006 0.5162187370028314 0.5337086594834006 0.5337086594834006 0.5162187370028314 0.012510481739758711 0.012510481739758711 0.034653533012967364 -0.012510481739758711 0.012510481739758711 0.034653533012967364 -0.5337086594834006 0.5337086594834006 0.5162187370028314 0.5337086594834006 -0.5337086594834006 0.5162187370028314 -0.5337086594834006 -0.5337086594834006 0.5162187370028314 0.5337086594834006 0.5337086594834006 0.5162187370028314 -0.012510481739758711 -0.012510481739758711 0.034653533012967364 0.012510481739758711 0.012510481739758711 0.034653533012967364 -0.012510481739758711 0.012510481739758711 0.034653533012967364 0.012510481739758711 -0.012510481739758711 0.034653533012967364 0.5337086594834006 -0.5337086594834006 0.5162187370028314 -0.5337086594834006 -0.5337086594834006 0.5162187370028314 -0.012510481739758711 -0.012510481739758711 0.034653533012967364 0.012510481739758711 -0.012510481739758711 0.034653533012967364
-0.06353370594 0.0 0.0 -0.02130795522 0.0 -0.0 0.12687233201999998 0.13490001665999998 0.0 0.12687233201999998 0.0 0.13490001665999998 0.99038186496 0.0 -0.0 0.12687233201999998 0.0 -0.13490001665999998 0.12687233201999998 -0.13490001665999998 0.0 0.24935712102000002 0.0 0.0 -7.308382024979999 0.0 0.0 -0.00839517948 0.0 0.0 -0.00839517948 0.0 0.0 -0.06353370594 0.0 0.0 -0.00839517948 0.0 0.0 -0.00839517948 0.0 -0.0 0.24935712102000002 0.0 0.0 0.99038186496 -0.0 0.0 0.034653533012967364 0.012510481739758711 0.012510481739758711 0.034653533012967364 -0.012510481739758711 -0.012510481739758711 0.5162187370028314 0.5337086594834006 -0.5337086594834006 0.5162187370028314 -0.5337086594834006 0.5337086594834006 0.5162187370028314 -0.5337086594834006 -0.5337086594834006 0.034653533012967364 0.012510481739758711 -0.012510481739758711 0.034653533012967364 -0.012510481739758711 0.012510481739758711 0.5162187370028314 0.5337086594834006 0.5337086594834006 0.5162187370028314 0.5337086594834006 0.5337086594834006 0.034653533012967364 -0.012510481739758711 0.012510481739758711 0.034653533012967364 0.012510481739758711 -0.012510481739758711 0.5162187370028314 -0.5337086594834006 -0.5337086594834006 0.5162187370028314 -0.5337086594834006 0.5337086594834006 0.5162187370028314 0.5337086594834006 -0.5337086594834006 0.034653533012967364 -0.012510481739758711 -0.012510481739758711 0.034653533012967364 0.012510481739758711 0.012510481739758711
0.0 0.12687233201999998 -0.13490001665999998 0.0 -0.02130795522 0.0 0.13490001665999998 0.12687233201999998 0.0 0.0 -0.06353370594 0.0 -0.0 -0.00839517948 0.0 0.0 -0.06353370594 0.0 -0.13490001665999998 0.12687233201999998 0.0 0.0 0.24935712102000002 0.0 0.0 -7.308382024979999 0.0 0.0 -0.00839517948 -0.0 0.0 0.99038186496 -0.0 0.0 0.12687233201999998 0.13490001665999998 0.0 0.99038186496 0.0 0.0 -0.00839517948 0.0 0.0 0.24935712102000002 0.0 0.0 -0.00839517948 0.0 0.012510481739758711 0.034653533012967364 -0.012510481739758711 -0.012510481739758711 0.034653533012967364 -0.012510481739758711 0.5337086594834006 0.5162187370028314 -0.5337086594834006 -0.5337086594834006 0.5162187370028314 -0.5337086594834006 -0.5337086594834006 0.5162187370028314 0.5337086594834006 0.012510481739758711 0.034653533012967364 0.012510481739758711 -0.012510481739758711 0.034653533012967364 0.012510481739758711 0.5337086594834006 0.5162187370028314 0.5337086594834006 0.5337086594834006 0.5162187370028314 0.5337086594834006 -0.012510481739758711 0.034653533012967364 0.012510481739758711 0.012510481739758711 0.034653533012967364 0.012510481739758711 -0.5337086594834006 0.5162187370028314 0.5337086594834006 -0.5337086594834006 0.5162187370028314 -0.5337086594834006 0.5337086594834006 0.5162187370028314 -0.5337086594834006 -0.012510481739758711 0.034653533012967364 -0.012510481739758711 0.012510481739758711 0.034653533012967364 -0.012510481739758711
